#timestep       power           acc-energy      avg-power       dt              acc-time       
1               16.439000       0.332725        16.439000       0.020240        0.020240       
2               16.439000       0.665336        16.439000       0.020233        0.040473       
3               16.439000       0.997650        16.439000       0.020215        0.060688       
4               16.439000       1.329751        16.439000       0.020202        0.080890       
5               31.241000       1.960600        19.395944       0.020193        0.101083       
6               31.241000       2.591450        21.368199       0.020193        0.121276       
7               31.241000       3.221987        22.776825       0.020183        0.141459       
8               31.241000       3.852493        23.833636       0.020182        0.161641       
9               31.241000       4.482780        24.655585       0.020175        0.181816       
