#timestep       power           acc-energy      avg-power       dt              acc-time       
1               201.293000      4.063099        201.293000      0.020185        0.020185       
2               201.293000      8.194437        201.293000      0.020524        0.040709       
3               223.147000      12.725660       208.566086      0.020306        0.061015       
4               223.147000      17.255990       212.206428      0.020302        0.081317       
5               223.147000      21.790337       214.393746      0.020320        0.101637       
6               223.147000      26.321114       215.851222      0.020304        0.121941       
7               223.147000      30.858808       216.893981      0.020335        0.142276       
8               283.487000      36.608775       225.203003      0.020283        0.162559       
9               283.487000      42.373200       231.683004      0.020334        0.182893       
