#timestep       power           acc-energy      avg-power       dt              acc-time       
1               323.750000      6.495396        323.750000      0.020063        0.020063       
2               326.805000      13.086073       325.281449      0.020167        0.040230       
3               326.805000      19.657141       325.789165      0.020107        0.060337       
4               326.805000      26.269060       326.044255      0.020232        0.080569       
5               326.805000      32.913332       326.197542      0.020331        0.100900       
6               310.939000      39.231613       323.639767      0.020320        0.121220       
7               310.939000      45.545540       321.817474      0.020306        0.141526       
8               310.939000      51.861333       320.452136      0.020312        0.161838       
9               310.939000      58.183966       319.390282      0.020334        0.182172       
