#timestep       power           acc-energy      avg-power       dt              acc-time       
1               328.456000      6.650906        328.456000      0.020249        0.020249       
2               328.456000      13.382940       328.456000      0.020496        0.040745       
3               328.456000      20.051910       328.456000      0.020304        0.061049       
4               328.456000      26.729092       328.456000      0.020329        0.081378       
5               314.685000      33.118142       325.706296      0.020303        0.101681       
6               314.685000      39.509080       323.871461      0.020309        0.121990       
7               314.685000      45.910717       322.558483      0.020343        0.142333       
8               314.685000      52.300395       321.575496      0.020305        0.162638       
9               314.685000      58.737592       320.805662      0.020456        0.183094       
