#timestep       power           acc-energy      avg-power       dt              acc-time       
1               214.289000      4.329709        214.289000      0.020205        0.020205       
2               214.289000      8.727562        214.289000      0.020523        0.040728       
3               214.289000      13.078058       214.289000      0.020302        0.061030       
4               240.986000      17.970796       220.953321      0.020303        0.081333       
5               240.986000      22.870283       224.959502      0.020331        0.101664       
6               240.986000      27.763263       227.627431      0.020304        0.121968       
7               240.986000      32.657447       229.534269      0.020309        0.142277       
8               240.986000      37.550668       230.964485      0.020305        0.162582       
9               275.680000      43.156896       235.935755      0.020336        0.182918       
