1               100.097243      2.366699        100.097243      0.023644        0.023644       
2               97.618095       4.709045        98.848536       0.023995        0.047639       
3               145.868104      7.641724        112.802959      0.020105        0.067744       
4               104.827714      9.749390        110.977685      0.020106        0.087850       
5               161.427046      12.990845       120.363613      0.020080        0.107930       
6               256.902908      18.147400       141.774347      0.020072        0.128002       
7               133.218593      21.177856       140.483293      0.022748        0.150750       
8               118.751235      23.562500       137.928713      0.020081        0.170831       
9               142.794415      26.428955       138.440350      0.020074        0.190905       
10              139.570201      29.229431       138.547808      0.020065        0.210970       
11              112.853900      31.493958       136.316234      0.020066        0.231036       
12              142.259262      34.349243       136.791261      0.020071        0.251107       
13              244.262312      39.249878       144.742700      0.020063        0.271170       
14              138.083766      42.025085       144.283222      0.020098        0.291268       
15              122.956904      44.496765       142.906398      0.020102        0.311370       
16              138.323877      47.276245       142.628597      0.020094        0.331464       
17              127.024692      49.828552       141.736766      0.020093        0.351557       
18              199.037730      53.824036       144.831932      0.020074        0.371631       
19              127.329764      56.381836       143.934392      0.020088        0.391719       
20              141.394571      59.225281       143.810370      0.020110        0.411829       
21              177.530317      62.793640       145.379542      0.020100        0.431929       
22              125.660616      65.318665       144.502967      0.020094        0.452023       
23              128.026148      67.890198       143.801956      0.020086        0.472109       
24              108.190119      70.062439       142.349227      0.020078        0.492187       
25              115.002412      72.370422       141.277842      0.020069        0.512256       
26              120.837218      74.798767       140.506220      0.020096        0.532352       
27              104.076307      76.891846       139.180082      0.020111        0.552463       
28              138.300544      79.668091       139.149244      0.020074        0.572537       
29              256.425540      84.812500       143.119546      0.020062        0.592599       
30              157.734719      87.978394       143.598338      0.020071        0.612670       
31              101.419548      90.016724       142.258653      0.020098        0.632768       
32              137.487960      92.776794       142.111954      0.020075        0.652843       
33              144.191946      95.671448       142.174006      0.020075        0.672918       
34              132.235237      98.325806       141.886122      0.020073        0.692991       
35              103.833309      100.411194      140.814352      0.020084        0.713075       
36              208.702782      104.893921      142.799469      0.021479        0.734554       
37              175.306817      108.441956      143.671120      0.020239        0.754793       
38              136.871013      111.209351      143.493714      0.020219        0.775012       
39              118.968035      113.659973      142.858725      0.020599        0.795611       
40              143.231038      116.650208      142.868245      0.020877        0.816488       
41              131.464770      119.434631      142.579914      0.021180        0.837668       
42              126.671181      121.980469      142.207162      0.020098        0.857766       
43              207.190464      126.230774      143.724978      0.020514        0.878280       
44              125.232112      128.752197      143.310542      0.020134        0.898414       
45              128.003105      131.324036      142.975697      0.020092        0.918506       
46              158.555219      134.507507      143.308971      0.020078        0.938584       
47              111.600534      136.745544      142.645654      0.020054        0.958638       
48              111.560223      138.984558      142.008197      0.020070        0.978708       
49              133.171209      141.656372      141.830682      0.020063        0.998771       
50              106.196856      143.789124      141.128291      0.020083        1.018854       
51              100.848353      145.815369      140.349324      0.020092        1.038946       
52              207.948834      150.740845      141.856113      0.023686        1.062632       
53              208.142022      154.916382      143.084311      0.020061        1.082693       
54              119.881910      157.323730      142.661806      0.020081        1.102774       
55              112.676079      159.585815      142.125676      0.020076        1.122850       
56              150.322487      162.603088      142.269629      0.020072        1.142922       
57              136.090546      165.334290      142.163000      0.020069        1.162991       
58              104.385042      167.430237      141.521835      0.020079        1.183070       
59              147.773966      170.397095      141.626164      0.020077        1.203147       
60              234.848896      175.108398      143.155047      0.020061        1.223208       
61              129.990882      177.720825      142.942259      0.020097        1.243305       
62              127.527852      180.283752      142.697061      0.020097        1.263402       
63              139.412539      183.083435      142.645670      0.020082        1.283484       
64              119.504124      185.482361      142.289304      0.020074        1.303558       
65              154.366602      188.583740      142.472619      0.020091        1.323649       
66              187.542675      192.347534      143.145760      0.020069        1.343718       
67              124.199693      194.843079      142.866628      0.020093        1.363811       
68              130.595675      197.467529      142.688439      0.020096        1.383907       
69              153.037859      200.550171      142.836915      0.020143        1.404050       
70              124.231064      203.048706      142.574164      0.020112        1.424162       
71              104.025204      205.490906      141.948998      0.023477        1.447639       
72              119.749480      207.893799      141.645493      0.020066        1.467705       
73              110.288613      210.109497      141.222075      0.020090        1.487795       
74              100.745361      212.134277      140.682580      0.020098        1.507893       
75              145.811781      215.061157      140.749963      0.020073        1.527966       
76              258.810724      220.253418      142.279996      0.020062        1.548028       
77              139.492877      223.056946      142.244275      0.020098        1.568126       
78              103.278109      225.131287      141.751497      0.020085        1.588211       
79              134.479811      227.831238      141.660721      0.020077        1.608288       
80              150.189408      230.846741      141.765881      0.020078        1.628366       
81              121.328798      233.283508      141.516885      0.020084        1.648450       
82              103.064990      235.354187      141.053883      0.020091        1.668541       
83              207.300571      239.514709      141.841259      0.020070        1.688611       
84              189.630609      243.319458      142.402422      0.020064        1.708675       
85              124.691957      245.827637      142.196355      0.020115        1.728790       
86              140.706028      248.656250      142.179224      0.020103        1.748893       
87              125.302083      251.188354      141.986441      0.020208        1.769101       
88              160.359070      254.406921      142.192546      0.020071        1.789172       
89              168.076055      257.783569      142.479956      0.020090        1.809262       
90              122.073352      260.234802      142.255960      0.020080        1.829342       
91              166.437685      263.576538      142.518486      0.020078        1.849420       
92              117.120284      265.929016      142.245607      0.020086        1.869506       
93              156.405060      269.066345      142.395919      0.020059        1.889565       
94              121.930477      271.514465      142.180745      0.020078        1.909643       
95              105.928608      273.641724      141.803482      0.020082        1.929725       
96              121.927366      276.088562      141.598909      0.020068        1.949793       
97              107.842954      278.255127      141.254647      0.020090        1.969883       
98              101.716152      280.299927      140.855225      0.020103        1.989986       
99              154.065577      283.392639      140.987154      0.020074        2.010060       
100             244.268384      288.293884      142.007947      0.020065        2.030125       
101             150.461865      291.317566      142.090812      0.020096        2.050221       
102             103.328597      293.393127      141.714724      0.020087        2.070308       
103             145.324043      296.784119      141.754951      0.023334        2.093642       
104             136.360314      299.520325      141.703738      0.020066        2.113708       
105             139.234076      302.316284      141.680496      0.020081        2.133789       
106             101.122256      304.346313      141.302475      0.020075        2.153864       
107             202.644264      308.411560      141.868537      0.020061        2.173925       
108             208.501545      312.594727      142.477865      0.020063        2.193988       
109             116.761059      314.941040      142.244460      0.020095        2.214083       
110             130.474606      317.562927      142.138597      0.020095        2.234178       
111             141.683332      320.409912      142.134539      0.020094        2.254272       
112             135.264391      323.124939      142.073907      0.020072        2.274344       
113             145.298045      326.040344      142.102103      0.020065        2.294409       
114             187.246587      329.801941      142.493941      0.020089        2.314498       
115             121.897211      332.251831      142.316628      0.020098        2.334596       
116             123.368933      334.727722      142.155136      0.020069        2.354665       
117             155.646925      337.861206      142.269510      0.020132        2.374797       
118             121.596583      340.305176      142.096014      0.020099        2.394896       
119             106.516565      342.443176      141.800296      0.020072        2.414968       
120             121.760088      344.886658      141.635137      0.020068        2.435036       
121             105.414972      347.004761      141.338708      0.020093        2.455129       
122             96.810302       348.950745      140.977099      0.020101        2.475230       
123             172.754548      352.418274      141.232714      0.020072        2.495302       
124             237.443463      357.181152      141.999956      0.020059        2.515361       
125             133.873866      359.870544      141.935571      0.020089        2.535450       
126             107.588829      362.041687      141.664359      0.020180        2.555630       
127             143.547391      364.923401      141.679036      0.020075        2.575705       
128             140.364436      367.740234      141.668873      0.020068        2.595773       
129             127.791978      370.305786      141.562371      0.020076        2.615849       
130             151.534415      373.369812      141.638862      0.020220        2.636069       
131             169.859696      376.779236      141.852121      0.020072        2.656141       
132             193.848848      380.672302      142.242317      0.020083        2.676224       
133             120.450529      383.091431      142.079996      0.020084        2.696308       
134             146.532417      386.032776      142.112898      0.020073        2.716381       
135             131.195361      388.668884      142.032734      0.020093        2.736474       
136             139.091016      391.463501      142.011293      0.020092        2.756566       
137             124.772730      393.971558      141.886498      0.020101        2.776667       
138             212.733831      398.242615      142.395090      0.020077        2.796744       
139             128.111231      400.815857      142.293236      0.020086        2.816830       
140             145.675757      403.742920      142.317194      0.020093        2.836923       
141             150.455718      406.764221      142.374397      0.020081        2.857004       
142             110.055973      408.974365      142.148815      0.020082        2.877086       
143             116.329998      411.597839      141.948008      0.022552        2.899638       
144             126.677657      414.141907      141.842973      0.020083        2.919721       
145             99.959647       416.150696      141.556667      0.020096        2.939817       
146             97.785058       418.115295      141.259558      0.020091        2.959908       
147             231.476796      422.760803      141.867136      0.020069        2.979977       
148             199.134842      426.755249      142.250043      0.020059        3.000036       
149             122.058155      429.206299      142.115785      0.020081        3.020117       
150             115.097471      431.517456      141.937334      0.020080        3.040197       
151             143.800823      434.404114      141.949557      0.020074        3.060271       
152             139.321230      437.200012      141.932434      0.020068        3.080339       
153             107.541318      439.358582      141.709787      0.020072        3.100411       
154             122.419988      441.815918      141.585702      0.020073        3.120484       
155             232.591378      446.481934      142.167023      0.020061        3.140545       
156             157.991412      449.653137      142.267518      0.020072        3.160617       
157             113.717020      453.524292      141.963287      0.034042        3.194659       
158             159.506948      456.733093      142.073069      0.020117        3.214776       
159             114.452313      459.031982      141.901566      0.020086        3.234862       
160             189.912454      462.849792      142.198086      0.020103        3.254965       
161             144.497818      465.762146      142.212238      0.020155        3.275120       
162             160.685753      468.994019      142.324994      0.020113        3.295233       
163             149.332237      471.997986      142.367511      0.020116        3.315349       
164             122.471180      474.459412      142.247624      0.020098        3.335447       
165             104.990678      476.568359      142.024596      0.020087        3.355534       
166             111.969221      478.816589      141.845819      0.020079        3.375613       
167             128.025556      481.383118      141.764228      0.020047        3.395660       
168             100.401224      483.402588      141.520659      0.020114        3.415774       
169             101.922432      485.453369      141.288767      0.020121        3.435895       
170             220.881175      489.888000      141.751149      0.020077        3.455972       
171             209.042139      494.081177      142.139462      0.020059        3.476031       
172             120.236262      496.505981      142.013119      0.020167        3.496198       
173             113.934319      498.793213      141.852812      0.020075        3.516273       
174             147.942821      501.762573      141.887377      0.020071        3.536344       
175             134.987500      504.472717      141.848425      0.020077        3.556421       
176             130.141754      507.089478      141.782611      0.020107        3.576528       
177             133.102118      509.761902      141.734152      0.020078        3.596606       
178             195.103442      513.669434      142.029698      0.020028        3.616634       
179             171.905548      517.117859      142.194493      0.020060        3.636694       
180             120.851555      519.544800      142.077283      0.020082        3.656776       
181             122.732912      522.009399      141.971635      0.020081        3.676857       
182             141.268152      524.847900      141.967811      0.020093        3.696950       
183             148.012532      527.821472      142.000482      0.020090        3.717040       
184             117.862040      530.187317      141.870828      0.020073        3.737113       
185             198.656252      534.184082      142.174900      0.020119        3.757232       
186             130.897122      536.817078      142.114843      0.020115        3.777347       
187             155.086796      539.938354      142.183593      0.020126        3.797473       
188             128.545901      542.521484      142.111806      0.020095        3.817568       
189             109.128621      544.711914      141.939294      0.020072        3.837640       
190             114.033850      547.000916      141.794093      0.020073        3.857713       
191             124.764827      549.507690      141.705859      0.020092        3.877805       
192             103.556505      552.719910      141.403120      0.031019        3.908824       
193             181.876553      556.369263      141.609820      0.020065        3.928889       
194             230.674882      561.384827      142.100005      0.021743        3.950632       
195             137.452095      564.147339      142.076479      0.020098        3.970730       
196             105.179393      566.260498      141.890728      0.020091        3.990821       
197             148.295549      569.237976      141.922790      0.020078        4.010899       
198             140.800292      572.063416      141.917202      0.020067        4.030966       
199             115.436585      574.380920      141.785970      0.020076        4.051042       
200             96.718276       576.323120      141.563672      0.020081        4.071123       
201             246.445904      581.269043      142.078163      0.020069        4.091192       
202             166.689179      584.615662      142.198348      0.020077        4.111269       
203             118.848026      587.004150      142.084761      0.020097        4.131366       
204             128.998119      589.596497      142.021412      0.020096        4.151462       
205             166.075367      592.935608      142.137347      0.020106        4.171568       
206             135.007409      595.648987      142.103161      0.020098        4.191666       
207             102.361581      597.707581      141.913397      0.020111        4.211777       
208             207.648481      601.874878      142.225137      0.020069        4.231846       
209             127.278184      604.430115      142.154563      0.020076        4.251922       
210             136.572964      607.172363      142.128329      0.020079        4.272001       
211             158.364438      610.359131      142.204450      0.020123        4.292124       
212             110.956158      612.587463      142.058919      0.020083        4.312207       
213             112.925683      614.853882      141.923954      0.020070        4.332277       
214             132.228641      617.506653      141.879264      0.020062        4.352339       
215             100.493566      619.541748      141.687592      0.020251        4.372590       
216             102.063973      621.589355      141.506624      0.020062        4.392652       
217             216.912175      625.942566      141.849568      0.020069        4.412721       
218             215.903839      630.272949      142.184641      0.020057        4.432778       
219             123.684742      632.755920      142.101237      0.020075        4.452853       
220             114.614987      635.056702      141.977882      0.020074        4.472927       
221             142.302827      637.912292      141.979333      0.020067        4.492994       
222             144.451594      640.810425      141.990324      0.020063        4.513057       
223             104.460039      642.906311      141.824211      0.020064        4.533121       
224             137.537501      645.665588      141.805324      0.020062        4.553183       
225             237.760548      650.435303      142.226241      0.020061        4.573244       
226             147.927256      653.405090      142.251158      0.020076        4.593320       
227             128.579067      655.986572      142.191659      0.020077        4.613397       
228             151.248495      659.026062      142.230939      0.020096        4.633493       
229             119.909561      661.437683      142.134471      0.020112        4.653605       
230             137.385943      664.498779      142.111843      0.022281        4.675886       
231             176.861869      668.174500      142.265614      0.020783        4.696669       
232             142.721077      671.042908      142.267555      0.020098        4.716767       
233             126.352789      673.583862      142.199990      0.020110        4.736877       
234             158.038270      676.765015      142.267009      0.020129        4.757006       
235             122.565447      679.227722      142.184142      0.020093        4.777099       
236             106.955890      681.375610      142.036669      0.020082        4.797181       
237             118.688257      683.757446      141.939403      0.020068        4.817249       
238             108.609892      685.939636      141.800968      0.020092        4.837341       
239             100.811660      687.966858      141.631279      0.020109        4.857450       
240             163.060443      691.239807      141.719465      0.020072        4.877522       
241             250.332377      696.261475      142.164332      0.020060        4.897582       
242             135.999939      698.993713      142.139149      0.020090        4.917672       
243             110.284407      701.637451      141.984621      0.023972        4.941644       
244             140.847322      704.466370      141.980017      0.020085        4.961729       
245             142.523842      707.326538      141.982208      0.020068        4.981797       
246             107.486583      709.484009      141.843781      0.020072        5.001869       
247             146.686903      712.428162      141.863137      0.020071        5.021940       
248             211.101461      716.664124      142.138689      0.020066        5.042006       
249             154.647098      719.771912      142.188346      0.020096        5.062102       
250             115.472649      722.376282      142.069843      0.022554        5.084656       
251             138.729241      725.164185      142.056692      0.020096        5.104752       
252             130.466442      727.786560      142.011235      0.020100        5.124852       
253             149.577576      730.793518      142.040799      0.020103        5.144955       
254             107.916397      732.963501      141.907950      0.020108        5.165063       
255             226.702442      737.525208      142.237009      0.020122        5.185185       
256             123.924092      740.018188      142.166235      0.020117        5.205302       
257             160.243493      743.237000      142.235726      0.020087        5.225389       
258             133.391863      745.923645      142.201769      0.020141        5.245530       
259             106.405696      748.060059      142.065277      0.020078        5.265608       
260             114.709044      750.357910      141.961600      0.020032        5.285640       
261             120.514270      752.778198      141.880418      0.020083        5.305723       
262             100.456669      754.796875      141.724121      0.020095        5.325818       
263             95.120363       756.920532      141.529572      0.022326        5.348144       
264             238.582052      762.524109      141.953926      0.023487        5.371631       
265             187.892003      766.292847      142.124823      0.020058        5.391689       
266             96.814093       768.382385      141.944167      0.021583        5.413272       
267             135.739519      771.487427      141.918058      0.022875        5.436147       
268             145.258381      774.403198      141.930347      0.020073        5.456220       
269             124.906824      776.910828      141.867939      0.020076        5.476296       
270             99.862172       778.916260      141.714464      0.020082        5.496378       
271             205.230675      783.035034      141.945537      0.020069        5.516447       
272             197.353576      787.006775      142.146941      0.020125        5.536572       
273             126.416732      789.547119      142.090055      0.020095        5.556667       
274             125.080457      792.060486      142.028766      0.020094        5.576761       
275             146.985285      795.015625      142.046571      0.020105        5.596866       
276             146.021278      797.948608      142.060785      0.020086        5.616952       
277             111.555393      800.189087      141.952098      0.020084        5.637036       
278             195.901692      804.122009      142.143555      0.020076        5.657112       
279             148.593872      807.109192      142.166395      0.020103        5.677215       
280             143.556388      809.993958      142.171298      0.020095        5.697310       
281             146.880190      812.942871      142.187834      0.020077        5.717387       
282             106.625339      815.083801      142.063378      0.020079        5.737466       
283             116.259323      817.417358      141.973420      0.020072        5.757538       
284             103.323764      819.908081      141.812274      0.024106        5.781644       
285             117.083394      822.263916      141.726512      0.020121        5.801765       
286             116.401959      824.600220      141.639204      0.020071        5.821836       
287             243.787645      829.490112      141.989929      0.020058        5.841894       
288             185.268779      833.206604      142.138032      0.020060        5.861954       
289             107.043235      835.356567      142.018196      0.020085        5.882039       
290             125.777701      837.882812      141.962929      0.020085        5.902124       
291             147.387586      840.840881      141.981313      0.020070        5.922194       
292             131.525821      843.481262      141.945991      0.020075        5.942269       
293             100.196723      845.493713      141.805353      0.020085        5.962354       
294             183.801953      849.182251      141.946230      0.020068        5.982422       
295             216.889147      853.533264      142.196698      0.020061        6.002483       
296             116.378765      855.869568      142.110639      0.020075        6.022558       
297             121.985238      858.320007      142.043735      0.020088        6.042646       
298             156.633195      861.465515      142.092061      0.020082        6.062728       
299             133.663289      864.263489      142.063059      0.020933        6.083661       
300             108.429426      866.805725      141.933935      0.023446        6.107107       
301             205.265807      871.027222      142.146492      0.020566        6.127673       
302             115.832944      873.356506      142.060422      0.020109        6.147782       
303             137.872403      876.125122      142.046787      0.020081        6.167863       
304             147.659822      879.092346      142.065015      0.020095        6.187958       
305             136.988059      881.844299      142.048586      0.020089        6.208047       
306             105.256613      883.957642      141.929978      0.020078        6.228125       
307             118.277666      886.331238      141.854011      0.020068        6.248193       
308             116.278411      888.667969      141.772016      0.020096        6.268289       
309             99.320652       890.664612      141.636306      0.020103        6.288392       
310             146.152335      893.598328      141.650675      0.020073        6.308465       
311             239.355045      898.400269      141.960407      0.020062        6.328527       
312             164.255841      901.703125      142.031023      0.020108        6.348635       
313             103.842385      903.789734      141.910534      0.020094        6.368729       
314             136.379136      907.051514      141.889839      0.023917        6.392646       
315             140.792380      909.878906      141.886403      0.020082        6.412728       
316             126.275652      912.415405      141.837657      0.020087        6.432815       
317             97.543897       914.376038      141.699687      0.020100        6.452915       
318             233.801303      919.067261      141.985185      0.020065        6.472980       
319             179.358468      922.675415      142.100975      0.020117        6.493097       
320             107.666951      924.839844      141.994694      0.020103        6.513200       
321             132.285376      927.497192      141.964841      0.020088        6.533288       
322             141.005231      930.327026      141.961902      0.020069        6.553357       
323             104.543952      932.425537      141.847641      0.020073        6.573430       
324             221.239906      936.869141      142.089483      0.020085        6.593515       
325             135.474040      939.597046      142.069342      0.020136        6.613651       
326             119.883326      942.005981      142.002139      0.020094        6.633745       
327             153.523975      945.094116      142.036970      0.020115        6.653860       
328             132.824791      947.764160      142.009223      0.020102        6.673962       
329             109.781212      949.968567      141.912550      0.020080        6.694042       
330             105.912248      952.094543      141.804920      0.020073        6.714115       
331             127.906186      954.664307      141.763455      0.020091        6.734206       
332             99.820820       956.672302      141.638539      0.020116        6.754322       
333             97.219656       958.626709      141.506727      0.020103        6.774425       
334             229.203418      963.227051      141.765784      0.020071        6.794496       
335             211.963210      967.478821      141.972414      0.020059        6.814555       
336             109.472525      969.677795      141.876896      0.020087        6.834642       
337             125.487163      972.197327      141.828890      0.020078        6.854720       
338             140.138811      975.010193      141.823955      0.020072        6.874792       
339             135.092565      977.720825      141.804366      0.020065        6.894857       
340             107.588940      979.881104      141.705014      0.020079        6.914936       
341             167.052870      983.233521      141.778364      0.020068        6.935004       
342             225.269293      987.752197      142.019159      0.020059        6.955063       
343             119.315096      990.160095      141.953471      0.020181        6.975244       
344             128.833084      992.747192      141.915807      0.020081        6.995325       
345             130.205901      995.361206      141.882297      0.020076        7.015401       
346             136.832516      998.106750      141.867895      0.020065        7.035466       
347             140.926776      1000.938110     141.865215      0.020091        7.055557       
348             202.666499      1005.008667     142.037806      0.020085        7.075642       
349             126.395041      1007.548828     141.993502      0.020097        7.095739       
350             136.218722      1010.283691     141.977208      0.020077        7.115816       
351             150.727841      1013.310608     142.001835      0.020082        7.135898       
352             125.560468      1015.831360     141.955709      0.020076        7.155974       
353             109.349333      1018.026001     141.864515      0.020070        7.176044       
354             118.155033      1020.396545     141.798412      0.020063        7.196107       
355             114.498293      1022.695557     141.722450      0.020079        7.216186       
356             97.129420       1024.646790     141.598653      0.020089        7.236275       
357             149.692173      1027.650513     141.621034      0.020066        7.256341       
358             240.388501      1032.471985     141.893281      0.020057        7.276398       
359             165.468430      1035.794922     141.958166      0.020082        7.296480       
360             107.316731      1037.950378     141.863071      0.020085        7.316565       
361             129.090631      1040.544067     141.828092      0.020092        7.336657       
362             142.362670      1043.402283     141.829551      0.020077        7.356734       
363             131.139122      1046.035950     141.800447      0.020083        7.376817       
364             97.281902       1047.990051     141.679553      0.020087        7.396904       
365             190.698752      1051.817566     141.812203      0.020071        7.416975       
366             177.965503      1056.031433     141.927252      0.023678        7.440653       
367             145.984565      1058.962219     141.938170      0.020076        7.460729       
368             123.909179      1061.450439     141.889774      0.020081        7.480810       
369             149.605747      1064.454224     141.910428      0.020078        7.500888       
370             148.691835      1067.438171     141.928522      0.020068        7.520956       
371             103.639791      1069.520813     141.826492      0.020095        7.541051       
372             210.873880      1073.753052     142.009770      0.020070        7.561121       
373             130.331784      1076.369202     141.978849      0.020073        7.581194       
374             140.539479      1079.192078     141.975046      0.020086        7.601280       
375             163.249344      1082.479919     142.031264      0.020140        7.621420       
376             119.346098      1084.878418     141.971603      0.020097        7.641517       
377             109.510600      1087.076843     141.886548      0.020075        7.661592       
378             122.444911      1089.530762     141.835826      0.020041        7.681633       
379             107.951146      1091.698853     141.747464      0.020084        7.701717       
380             103.437217      1093.777527     141.647762      0.020096        7.721813       
381             171.645794      1097.223145     141.725544      0.020074        7.741887       
382             238.955725      1102.016357     141.976813      0.020059        7.761946       
383             124.908079      1104.976929     141.924851      0.023702        7.785648       
384             99.851121       1106.982239     141.816601      0.020083        7.805731       
385             138.641081      1109.765320     141.808455      0.020074        7.825805       
386             141.785377      1112.704956     141.808394      0.020733        7.846538       
387             110.787405      1115.159119     141.721064      0.022152        7.868690       
388             129.078379      1117.753723     141.688850      0.020101        7.888791       
389             233.547897      1122.440796     141.921945      0.020069        7.908860       
390             159.313544      1125.641724     141.966016      0.020092        7.928952       
391             123.909745      1128.133301     141.920340      0.020108        7.949060       
392             118.155388      1130.507751     141.860412      0.020096        7.969156       
393             176.318386      1134.051575     141.947100      0.020099        7.989255       
394             124.880084      1136.563538     141.904237      0.020115        8.009370       
395             121.614804      1139.007874     141.853449      0.020099        8.029469       
396             209.763248      1143.230408     142.023274      0.020130        8.049599       
397             130.438919      1145.847534     141.994472      0.020064        8.069663       
398             158.547716      1149.039734     142.035670      0.020134        8.089797       
399             123.081240      1151.514282     141.988680      0.020105        8.109902       
400             108.640025      1153.695557     141.906322      0.020078        8.129980       
401             114.264870      1155.988281     141.838270      0.020065        8.150045       
402             117.743431      1158.353394     141.779030      0.020087        8.170132       
403             97.373129       1160.309814     141.670095      0.020092        8.190224       
404             133.324354      1162.985901     141.649692      0.020072        8.210296       
405             243.638591      1167.873291     141.898272      0.020060        8.230356       
406             171.415102      1171.311707     141.970035      0.020059        8.250415       
407             107.147366      1173.463440     141.885480      0.020082        8.270497       
408             126.724635      1176.007690     141.848766      0.020077        8.290574       
409             140.964536      1178.836426     141.846631      0.020067        8.310641       
410             133.856978      1181.522400     141.827386      0.020066        8.330707       
411             103.516865      1183.600708     141.735280      0.020077        8.350784       
412             175.993927      1187.132202     141.817402      0.020066        8.370850       
413             217.773194      1191.500732     141.998988      0.020060        8.390910       
414             127.380754      1194.061340     141.964051      0.020102        8.411012       
415             121.821227      1196.509094     141.916047      0.020093        8.431105       
416             140.071170      1199.322144     141.911663      0.020083        8.451188       
417             123.459409      1201.801208     141.867924      0.020080        8.471268       
418             142.263400      1204.658142     141.868860      0.020082        8.491350       
419             206.253801      1208.801575     142.020823      0.020089        8.511439       
420             120.171117      1211.219177     141.969300      0.020118        8.531557       
421             134.723235      1214.195618     141.950585      0.022093        8.553650       
422             151.251121      1217.230774     141.972353      0.020067        8.573717       
423             123.550966      1219.711060     141.929321      0.020075        8.593792       
424             110.462082      1221.929138     141.855967      0.020080        8.613872       
425             123.007022      1224.397766     141.812153      0.020069        8.633941       
426             110.122643      1226.610901     141.738562      0.020097        8.654038       
427             100.274211      1228.627014     141.642451      0.020106        8.674144       
428             161.901494      1231.944214     141.690191      0.020489        8.694633       
429             250.922985      1236.977478     141.941617      0.020059        8.714692       
430             135.282700      1239.695984     141.926298      0.020095        8.734787       
431             102.811411      1241.760437     141.836585      0.020080        8.754867       
432             148.663529      1244.744263     141.852200      0.020071        8.774938       
433             141.662145      1247.587280     141.851767      0.020069        8.795007       
434             115.533220      1249.906494     141.791833      0.020074        8.815081       
435             95.167178       1251.817261     141.685878      0.020078        8.835159       
436             237.507956      1256.584045     141.903055      0.020070        8.855229       
437             161.636840      1259.826965     141.947664      0.020063        8.875292       
438             131.311530      1262.466064     141.923633      0.020098        8.895390       
439             126.710625      1265.011047     141.889361      0.020085        8.915475       
440             131.345129      1267.649902     141.865653      0.020091        8.935566       
441             163.038116      1270.922729     141.913111      0.020074        8.955640       
442             142.345409      1273.779175     141.914077      0.020067        8.975707       
443             171.096462      1277.217529     141.979268      0.020096        8.995803       
444             134.431556      1279.920410     141.962437      0.020106        9.015909       
445             161.073681      1283.159119     142.004963      0.020107        9.036016       
446             122.595274      1285.625000     141.961853      0.020114        9.056130       
447             105.778882      1287.750732     141.881739      0.020096        9.076226       
448             107.244796      1289.903564     141.805302      0.020074        9.096300       
449             124.591396      1292.404114     141.767405      0.020070        9.116370       
450             106.904959      1294.551514     141.690758      0.020087        9.136457       
451             99.396640       1296.548889     141.597939      0.020095        9.156552       
452             209.248622      1300.748718     141.745904      0.020071        9.176623       
453             212.156645      1305.005005     141.899500      0.020062        9.196685       
454             129.256818      1307.601257     141.871948      0.020086        9.216771       
455             108.250462      1309.788025     141.798419      0.020201        9.236972       
456             142.849144      1312.655579     141.800697      0.020074        9.257046       
457             139.807467      1315.460815     141.796386      0.020065        9.277111       
458             116.856025      1317.805298     141.742566      0.020063        9.297174       
459             109.163356      1319.996643     141.672374      0.020074        9.317248       
460             229.327448      1324.598328     141.860746      0.020066        9.337314       
461             171.547508      1328.040771     141.924409      0.020067        9.357381       
462             134.602500      1330.744263     141.908727      0.020085        9.377466       
463             108.844864      1332.930847     141.838047      0.020089        9.397555       
464             163.139052      1336.209290     141.883500      0.020096        9.417651       
465             132.530793      1338.873291     141.863581      0.020101        9.437752       
466             111.944370      1341.122253     141.800027      0.020090        9.457842       
467             209.128375      1345.322388     141.942698      0.020084        9.477926       
468             120.946612      1347.753052     141.898272      0.020097        9.498023       
469             128.278977      1350.329407     141.869534      0.020084        9.518107       
470             155.062945      1353.445862     141.897334      0.020098        9.538205       
471             111.203840      1355.701965     141.832187      0.020288        9.558493       
472             112.988315      1357.970093     141.771738      0.020074        9.578567       
473             124.725999      1360.472595     141.736107      0.020064        9.598631       
474             103.839111      1362.557373     141.657006      0.020077        9.618708       
475             99.270644       1364.551025     141.568691      0.020083        9.638791       
476             188.689232      1368.337830     141.666597      0.020069        9.658860       
477             231.729738      1372.986328     141.853257      0.020060        9.678920       
478             133.195785      1375.662231     141.835325      0.020090        9.699010       
479             111.579183      1377.903076     141.772805      0.020083        9.719093       
480             139.897187      1380.711792     141.768938      0.020077        9.739170       
481             120.757328      1383.484863     141.719512      0.022964        9.762134       
482             146.793916      1386.645630     141.730679      0.021532        9.783666       
483             143.458597      1389.527283     141.734220      0.020087        9.803753       
484             225.660308      1394.062378     141.905910      0.020097        9.823850       
485             130.970134      1396.694092     141.883588      0.020094        9.843944       
486             118.895354      1399.082581     141.836770      0.020089        9.864033       
487             138.952118      1401.874268     141.830907      0.020091        9.884124       
488             130.405992      1404.494385     141.807730      0.020092        9.904216       
489             179.527860      1408.099304     141.884049      0.020080        9.924296       
490             145.859558      1411.028748     141.892078      0.020084        9.944380       
491             136.195982      1413.766968     141.880586      0.020105        9.964485       
492             149.023462      1416.765320     141.894979      0.020120        9.984605       
493             141.342370      1419.651672     141.893851      0.020421        10.005026      
494             94.664366       1421.562378     141.798763      0.020184        10.025210      
