1               87.568728       1.817139        87.568728       0.020751        0.020751       
2               126.843345      4.801636        108.438025      0.023529        0.044280       
3               181.899288      8.455811        131.364641      0.020089        0.064369       
4               138.139242      11.226746       132.974198      0.020059        0.084428       
5               137.775906      14.374512       133.996847      0.022847        0.107275       
6               176.722271      17.926453       140.738711      0.020099        0.127374       
7               141.015712      20.761292       140.776470      0.020103        0.147477       
8               142.311238      23.625305       140.960759      0.020125        0.167602       
9               152.166561      26.689331       142.162647      0.020136        0.187738       
10              120.319067      29.104736       140.052530      0.020075        0.207813       
11              107.215067      31.261475       137.154441      0.020116        0.227929       
12              192.826727      35.134399       141.662968      0.020085        0.248014       
13              121.033809      37.564758       140.117863      0.020080        0.268094       
14              128.578016      40.149048       139.313057      0.020099        0.288193       
15              193.678464      44.045471       142.860525      0.020118        0.308311       
16              125.333981      46.565186       141.787633      0.020104        0.328415       
17              141.006419      49.411682       141.742394      0.020187        0.348602       
18              158.759886      52.694519       142.695296      0.020678        0.369280       
19              151.552855      55.737549       143.152075      0.020079        0.389359       
20              108.354581      57.912659       141.445997      0.020074        0.409433       
21              115.898047      60.238037       140.252521      0.020064        0.429497       
22              183.724191      63.935303       142.198213      0.020124        0.449621       
23              127.069012      66.489136       141.550876      0.020098        0.469719       
24              127.981649      69.057983       140.994799      0.020072        0.489791       
25              185.525860      72.786682       142.750054      0.020098        0.509889       
26              155.048814      75.899597       143.215975      0.020077        0.529966       
27              132.343707      78.555603       142.819281      0.020069        0.550035       
28              151.160766      81.619934       143.115785      0.020272        0.570307       
29              131.349611      84.638611       142.660004      0.022982        0.593289       
30              109.891787      86.850403       141.584834      0.020127        0.613416       
31              186.995708      90.608643       143.025478      0.020098        0.633514       
32              122.684403      93.071777       142.400641      0.020077        0.653591       
33              130.616450      95.695862       142.049222      0.020090        0.673681       
34              183.966061      99.388245       143.261922      0.020071        0.693752       
35              124.341006      101.884888      142.729705      0.020079        0.713831       
36              154.356409      104.985291      143.047907      0.020086        0.733917       
37              136.621157      107.729736      142.876687      0.020088        0.754005       
38              146.963475      110.684143      142.982818      0.020103        0.774108       
39              121.960941      113.134338      142.451049      0.020090        0.794198       
40              109.722405      115.340088      141.643063      0.020103        0.814301       
41              182.853195      119.011963      142.634864      0.020081        0.834382       
42              129.258249      121.607727      142.320481      0.020082        0.854464       
43              134.054967      124.301025      142.130598      0.020091        0.874555       
44              173.650427      127.799561      142.840365      0.020147        0.894702       
45              142.529839      130.661987      142.833548      0.020083        0.914785       
46              154.958542      133.773865      143.094007      0.020082        0.934867       
47              139.913932      136.581238      143.027187      0.020065        0.954932       
48              150.256296      139.596130      143.175959      0.020065        0.974997       
49              113.566511      141.875183      142.578810      0.020068        0.995065       
50              100.277462      143.891663      141.740886      0.020109        1.015174       
51              204.237934      147.991943      142.952855      0.020076        1.035250       
52              116.767013      150.331604      142.455658      0.020037        1.055287       
53              116.318356      152.668091      141.967437      0.020087        1.075374       
54              164.941148      155.979614      142.388490      0.020077        1.095451       
55              179.316786      159.581909      143.053507      0.020089        1.115540       
56              132.888481      162.358215      142.866635      0.020892        1.136432       
57              143.140707      165.232910      142.871394      0.020083        1.156515       
58              139.564040      168.037170      142.814914      0.020093        1.176608       
59              111.178548      170.273193      142.283235      0.020112        1.196720       
60              130.798303      172.900146      142.093670      0.020084        1.216804       
61              168.138935      176.279907      142.516933      0.020101        1.236905       
62              122.185708      178.735718      142.191845      0.020099        1.257004       
63              139.916832      181.544128      142.156088      0.020072        1.277076       
64              182.959145      185.207336      142.785924      0.020022        1.297098       
65              142.623897      188.073792      142.783452      0.020098        1.317196       
66              141.270836      191.077209      142.759425      0.021260        1.338456       
67              141.525122      194.033386      142.740459      0.020888        1.359344       
68              121.360178      196.474182      142.428742      0.020112        1.379456       
69              108.564945      198.657532      141.942138      0.020111        1.399567       
70              187.166576      202.415649      142.581777      0.020079        1.419646       
71              122.042960      204.866638      142.295278      0.020083        1.439729       
72              126.311418      207.844177      142.037787      0.023573        1.463302       
73              199.106569      211.842834      142.810420      0.020083        1.483385       
74              130.086472      214.457703      142.640306      0.020101        1.503486       
75              139.891461      217.270081      142.604034      0.020104        1.523590       
76              129.941914      220.876099      142.377529      0.027751        1.551341       
77              161.574525      224.183044      142.627499      0.020467        1.571808       
78              111.009521      226.426880      142.226064      0.020213        1.592021       
79              146.616206      229.386475      142.281031      0.020186        1.612207       
80              138.056781      232.573792      142.221394      0.023087        1.635294       
81              153.667662      235.661743      142.360341      0.020095        1.655389       
82              146.607746      238.606506      142.411260      0.020086        1.675475       
83              169.868344      242.024597      142.737099      0.020122        1.695597       
84              139.161004      244.828552      142.695103      0.020149        1.715746       
85              159.378463      248.051025      142.889416      0.020219        1.735965       
86              141.687673      250.903198      142.875641      0.020130        1.756095       
87              115.097334      253.343262      142.544294      0.021200        1.777295       
88              105.013237      255.447937      142.125788      0.020042        1.797337       
89              184.705751      259.667725      142.660230      0.022846        1.820183       
90              126.404153      262.336243      142.473849      0.021111        1.841294       
91              122.449036      264.802979      142.257135      0.020145        1.861439       
92              190.407916      268.646362      142.773669      0.020185        1.881624       
93              130.007157      271.262756      142.638569      0.020125        1.901749       
94              149.704460      274.270020      142.712425      0.020088        1.921837       
95              152.912449      277.346924      142.818115      0.020122        1.941959       
96              137.194014      280.105347      142.760483      0.020106        1.962065       
97              108.767001      282.295044      142.415231      0.020132        1.982197       
98              145.242333      285.211365      142.443582      0.020079        2.002276       
99              154.644029      288.323730      142.564995      0.020126        2.022402       
100             139.478997      291.127258      142.534626      0.020100        2.042502       
101             152.443488      294.187866      142.631078      0.020077        2.062579       
102             163.850873      297.480286      142.835810      0.020094        2.082673       
103             147.376019      300.446228      142.879263      0.020125        2.102798       
104             145.115220      303.363770      142.900438      0.020105        2.122903       
105             146.936038      306.318359      142.938305      0.020108        2.143011       
106             119.020681      308.709961      142.716124      0.020094        2.163105       
107             104.249541      310.805481      142.361958      0.020101        2.183206       
108             183.041628      314.480408      142.732644      0.020077        2.203283       
109             121.347608      317.032227      142.530466      0.021029        2.224312       
110             135.411314      319.753723      142.466716      0.020098        2.244410       
111             179.980802      324.236145      142.878421      0.024905        2.269315       
112             133.191640      326.912231      142.793410      0.020092        2.289407       
113             159.841384      330.120728      142.941583      0.020073        2.309480       
114             141.840852      332.968750      142.932096      0.020079        2.329559       
115             131.050093      335.600891      142.830527      0.020085        2.349644       
116             116.418797      337.943237      142.606284      0.020120        2.369764       
117             155.464442      341.065430      142.714337      0.020083        2.389847       
118             144.211886      343.962646      142.726821      0.020090        2.409937       
119             145.636323      347.360779      142.754721      0.023333        2.433270       
120             152.247218      350.415771      142.832360      0.020066        2.453336       
121             147.691470      353.383484      142.871835      0.020094        2.473430       
122             139.512834      356.187134      142.844764      0.020096        2.493526       
123             153.346460      359.265564      142.928637      0.020075        2.513601       
124             155.134701      362.375549      143.025215      0.020047        2.533648       
125             105.425190      364.492065      142.729624      0.020076        2.553724       
126             110.353553      366.712158      142.476562      0.020118        2.573842       
127             191.542977      370.558533      142.856412      0.020081        2.593923       
128             120.620785      372.981201      142.685562      0.020085        2.614008       
129             122.370918      375.440979      142.530540      0.020101        2.634109       
130             192.601558      379.362732      142.914627      0.020362        2.654471       
131             150.350229      382.383118      142.970477      0.020089        2.674560       
132             146.077271      385.317810      142.993639      0.020090        2.694650       
133             141.863038      388.170959      142.985263      0.020112        2.714762       
134             142.733319      391.038757      142.983412      0.020092        2.734854       
135             113.073485      393.312439      142.765105      0.020108        2.754962       
136             133.840922      396.000366      142.700521      0.020083        2.775045       
137             170.656750      399.430908      142.901575      0.020102        2.795147       
138             130.526332      402.054749      142.813211      0.020102        2.815249       
139             151.558832      405.097595      142.875139      0.020077        2.835326       
140             171.198321      408.533203      143.074197      0.020068        2.855394       
141             141.820824      411.381958      143.065441      0.020087        2.875481       
142             139.305125      414.183105      143.039328      0.020108        2.895589       
143             137.382977      416.945740      143.000318      0.020109        2.915698       
144             134.307725      419.643982      142.940833      0.020090        2.935788       
145             109.985855      421.856567      142.716551      0.020117        2.955905       
146             165.557899      425.182129      142.870723      0.020087        2.975992       
147             138.121480      427.956299      142.838885      0.020085        2.996077       
148             135.938900      430.686768      142.792935      0.020086        3.016163       
149             163.332146      433.964844      142.928703      0.020070        3.036233       
150             160.843443      437.194580      143.046403      0.020080        3.056313       
151             147.612000      440.160400      143.076221      0.020092        3.076405       
152             153.515246      443.242065      143.143895      0.020074        3.096479       
153             150.220043      446.258484      143.189487      0.020080        3.116559       
154             109.643138      448.459351      142.974806      0.020073        3.136632       
155             100.069551      450.467346      142.702072      0.020066        3.156698       
156             198.460703      454.455017      143.054742      0.020093        3.176791       
157             126.344900      456.993286      142.949733      0.020090        3.196881       
158             129.290047      459.591370      142.864407      0.020095        3.216976       
159             190.836123      463.430420      143.162529      0.020117        3.237093       
160             131.724219      466.078735      143.091926      0.020105        3.257198       
161             156.402398      469.225708      143.173645      0.020121        3.277319       
162             145.926402      472.169189      143.190484      0.020171        3.297490       
163             142.083481      475.026062      143.183775      0.020107        3.317597       
164             114.162899      477.322449      143.008878      0.020115        3.337712       
165             131.060552      479.954407      142.937419      0.020082        3.357794       
166             163.695263      483.246155      143.060992      0.020109        3.377903       
167             135.121722      485.961426      143.014041      0.020095        3.397998       
168             151.997797      489.011414      143.066781      0.020066        3.418064       
169             162.221663      492.270447      143.178708      0.020090        3.438154       
170             124.347404      494.770203      143.069241      0.020103        3.458257       
171             164.206920      498.075195      143.191550      0.020127        3.478384       
172             147.237494      501.060730      143.214999      0.020277        3.498661       
173             119.309944      503.456116      143.078603      0.020077        3.518738       
174             113.297648      505.733398      142.909452      0.020100        3.538838       
175             179.219700      509.331055      143.114259      0.020074        3.558912       
176             124.921725      511.884705      143.010360      0.020442        3.579354       
177             128.728137      514.711060      142.923286      0.021956        3.601310       
178             194.828620      518.623413      143.211107      0.020081        3.621391       
179             138.287178      521.409485      143.183865      0.020147        3.641538       
180             148.699789      524.794189      143.218129      0.022762        3.664300       
181             142.735233      527.663025      143.215495      0.020099        3.684399       
182             119.264217      530.495789      143.062078      0.023752        3.708151       
183             115.319446      533.185730      142.888655      0.023326        3.731477       
184             185.653813      537.352173      143.144317      0.022442        3.753919       
185             129.972367      540.465271      143.060806      0.023952        3.777871       
186             128.104922      543.041077      142.981628      0.020107        3.797978       
187             199.055422      547.040100      143.276678      0.020090        3.818068       
188             133.420177      549.719177      143.225112      0.020080        3.838148       
189             147.086809      552.678711      143.245251      0.020121        3.858269       
190             145.681856      555.610413      143.257894      0.020124        3.878393       
191             144.363155      558.513123      143.263594      0.020107        3.898500       
192             113.927836      560.801819      143.113202      0.020089        3.918589       
193             94.912147       562.706421      142.867623      0.020067        3.938656       
194             205.421486      566.837036      143.185357      0.020108        3.958764       
195             120.360891      569.256531      143.070043      0.020102        3.978866       
196             121.173497      571.689331      142.960110      0.020077        3.998943       
197             192.215194      575.552856      143.206444      0.020100        4.019043       
198             145.214771      578.470947      143.216436      0.020095        4.039138       
199             152.948561      581.551025      143.264717      0.020138        4.059276       
200             134.210489      584.246643      143.220137      0.020085        4.079361       
201             126.674382      586.784058      143.139289      0.020031        4.099392       
