1               104.938680      2.476868        104.938680      0.023603        0.023603       
2               104.323578      4.572937        104.655842      0.020092        0.043695       
3               106.936172      6.719788        105.373722      0.020076        0.063771       
4               112.653045      8.991211        107.122393      0.020163        0.083934       
5               118.949546      11.468811       109.473870      0.020829        0.104763       
6               106.244887      14.038025       108.868315      0.024182        0.128945       
7               138.949988      16.907898       113.021464      0.020654        0.149599       
8               106.062324      19.145813       112.161249      0.021100        0.170699       
9               112.754660      21.409363       112.223693      0.020075        0.190774       
10              108.528009      23.994934       111.813410      0.023824        0.214598       
11              202.227766      28.846985       120.905587      0.023993        0.238591       
12              236.064858      33.583862       129.839371      0.020066        0.258657       
13              255.201973      38.703979       138.863302      0.020063        0.278720       
14              199.900480      42.714783       142.962082      0.020064        0.298784       
15              152.119419      45.766907       143.538322      0.020064        0.318848       
16              120.316009      48.178040       142.165080      0.020040        0.338888       
17              109.084950      50.367920       140.315074      0.020075        0.358963       
18              122.393004      53.261658       139.207586      0.023643        0.382606       
19              138.455161      56.042114       139.170063      0.020082        0.402688       
20              139.127695      58.835938       139.168050      0.020081        0.422769       
21              144.863133      61.744934       139.426294      0.020081        0.442850       
22              138.516766      64.526489       139.386840      0.020081        0.462931       
23              130.027331      67.142639       138.996999      0.020120        0.483051       
24              112.246431      69.395874       137.929688      0.020074        0.503125       
25              121.301141      71.831116       137.291625      0.020076        0.523201       
26              123.121647      74.304260       136.767719      0.020087        0.543288       
27              119.059119      76.695801       136.136323      0.020087        0.563375       
28              203.054182      80.771301       138.438350      0.020071        0.583446       
29              193.964745      84.664368       140.284976      0.020071        0.603517       
30              237.635682      89.433716       143.418185      0.020070        0.623587       
31              149.790066      92.440002       143.616868      0.020070        0.643657       
32              107.396355      94.905823       142.369341      0.022960        0.666617       
33              121.292795      97.343323       141.752556      0.020096        0.686713       
34              134.618944      100.046875      141.549860      0.020083        0.706796       
35              133.900527      102.736267      141.338496      0.020085        0.726881       
36              136.419547      105.475708      141.206257      0.020081        0.746962       
37              130.115331      108.088684      140.915885      0.020082        0.767044       
38              158.888882      111.280762      141.374609      0.020090        0.787134       
39              104.275222      113.377319      140.450571      0.020106        0.807240       
40              108.190536      115.550110      139.667469      0.020083        0.827323       
41              201.576255      120.241394      141.361344      0.023273        0.850596       
42              157.289555      123.405273      141.729315      0.020115        0.870711       
43              112.863587      125.674622      141.077775      0.020107        0.890818       
44              131.845356      128.340271      140.872886      0.020218        0.911036       
45              113.163464      130.613159      140.275173      0.020085        0.931121       
46              139.735269      133.423096      140.263759      0.020109        0.951230       
47              88.116276       135.191589      139.186234      0.020070        0.971300       
48              83.583505       136.871033      138.059309      0.020093        0.991393       
49              81.274879       138.676392      136.814888      0.022213        1.013606       
50              111.947927      140.924866      136.331714      0.020085        1.033691       
51              104.883561      143.030823      135.732487      0.020079        1.053770       
52              105.631924      145.151489      135.169744      0.020076        1.073846       
53              107.471117      147.309509      134.661311      0.020080        1.093926       
54              113.217676      149.582581      134.274845      0.020077        1.114003       
55              105.426242      152.070007      133.676519      0.023594        1.137597       
56              145.151881      154.984802      133.875570      0.020081        1.157678       
57              112.842089      157.250671      133.516963      0.020080        1.177758       
58              109.401618      159.472290      133.108212      0.020307        1.198065       
59              105.491175      161.592346      132.652592      0.020097        1.218162       
60              110.092330      163.804321      132.286527      0.020092        1.238254       
61              103.857303      166.228455      131.760553      0.023341        1.261595       
62              272.777555      171.703918      133.969108      0.020073        1.281668       
63              240.628838      176.534302      135.613894      0.020074        1.301742       
64              241.972635      181.391418      137.229051      0.020073        1.321815       
65              159.022164      184.584106      137.555114      0.020077        1.341892       
66              147.235837      187.559448      137.698736      0.020208        1.362100       
67              107.319291      189.720215      137.256221      0.020134        1.382234       
68              100.072301      191.734070      136.722627      0.020124        1.402358       
69              129.250562      194.333557      136.616981      0.020112        1.422470       
70              140.669711      197.163269      136.673494      0.020116        1.442586       
71              139.913459      199.976929      136.718039      0.020110        1.462696       
72              141.796977      202.827332      136.786893      0.020102        1.482798       
73              146.218793      205.764282      136.912950      0.020086        1.502884       
74              127.936739      208.333252      136.794600      0.020080        1.522964       
75              100.944861      210.362244      136.327621      0.020100        1.543064       
76              101.969530      212.417542      135.884611      0.020156        1.563220       
77              105.560380      214.540466      135.499442      0.020111        1.583331       
78              234.078048      219.240051      136.733789      0.020077        1.603408       
79              255.340490      224.364990      138.200119      0.020071        1.623479       
80              220.576900      228.791748      139.206003      0.020069        1.643548       
81              111.979847      231.040527      138.877351      0.020082        1.663630       
82              121.462725      233.480835      138.669551      0.020091        1.683721       
83              105.451541      235.913391      138.220595      0.023068        1.706789       
84              155.276793      239.302307      138.435942      0.021825        1.728614       
85              140.366941      242.133789      138.458216      0.020172        1.748786       
86              104.880015      244.634338      138.006586      0.023842        1.772628       
87              119.684171      247.055908      137.799812      0.020233        1.792861       
88              131.971274      249.705627      137.735262      0.020078        1.812939       
89              252.802561      254.777100      138.994599      0.020061        1.833000       
90              149.864924      257.788635      139.112477      0.020095        1.853095       
91              116.177493      260.124268      138.866328      0.020104        1.873199       
92              123.887721      262.612305      138.707443      0.020083        1.893282       
93              128.644404      265.196899      138.601778      0.020091        1.913373       
94              139.405112      267.995178      138.610118      0.020073        1.933446       
95              119.405500      270.390930      138.412872      0.020064        1.953510       
96              76.604698       271.929382      137.783921      0.020083        1.973593       
97              76.214128       273.459229      137.164013      0.020073        1.993666       
98              106.901420      276.017700      136.805034      0.023933        2.017599       
99              114.587622      278.317932      136.586161      0.020074        2.037673       
100             109.346926      280.512634      136.320472      0.020071        2.057744       
101             107.525247      282.671204      136.042265      0.020075        2.077819       
102             118.139719      285.043213      135.870928      0.020078        2.097897       
103             129.556416      287.643799      135.811083      0.020073        2.117970       
104             120.500644      290.150574      135.662164      0.020803        2.138773       
105             105.081834      292.261353      135.377631      0.020087        2.158860       
106             104.594798      294.362244      135.093868      0.020086        2.178946       
107             103.535245      296.709595      134.768881      0.022672        2.201618       
108             188.884449      300.499939      135.257671      0.020067        2.221685       
109             257.168072      305.657959      136.348411      0.020057        2.241742       
110             249.690659      310.666504      137.353597      0.020059        2.261801       
111             204.788330      314.774353      137.946392      0.020059        2.281860       
112             160.198267      317.987610      138.140286      0.020058        2.301918       
113             119.692398      320.390076      137.980816      0.020072        2.321990       
114             100.640069      322.410828      137.660687      0.020079        2.342069       
115             108.275132      324.583801      137.411024      0.020069        2.362138       
116             141.201779      327.417297      137.442956      0.020067        2.382205       
117             142.816612      330.284912      137.487871      0.020079        2.402284       
118             146.586577      333.226318      137.563242      0.020066        2.422350       
119             140.704146      336.050110      137.589050      0.020069        2.442419       
120             132.323975      338.704529      137.546159      0.020060        2.462479       
121             115.955541      341.030945      137.371672      0.020063        2.482542       
122             100.192254      343.040100      137.073757      0.020053        2.502595       
123             98.449783       345.016479      136.766394      0.020075        2.522670       
124             182.083451      348.670166      137.124014      0.020066        2.542736       
125             253.802573      353.762207      138.037438      0.020063        2.562799       
126             253.442466      358.849304      138.934273      0.020072        2.582871       
127             127.035462      361.399414      138.842509      0.020074        2.602945       
128             119.973459      364.116333      138.679761      0.022646        2.625591       
129             164.145482      367.409912      138.872897      0.020065        2.645656       
130             94.422246       369.308838      138.537553      0.020111        2.665767       
131             134.563137      372.010193      138.507847      0.020075        2.685842       
132             137.623110      374.774353      138.501280      0.020085        2.705927       
133             140.901569      377.603516      138.518960      0.020079        2.726006       
134             128.976626      380.193237      138.449188      0.020079        2.746085       
135             119.628420      382.594299      138.312626      0.020071        2.766156       
136             104.262816      384.686646      138.067379      0.020068        2.786224       
137             253.062879      389.764099      138.889558      0.020064        2.806288       
138             115.789249      392.088684      138.725473      0.020076        2.826364       
139             120.739101      394.513367      138.598578      0.020082        2.846446       
140             114.550425      397.178955      138.403576      0.023270        2.869716       
141             159.718614      400.834595      138.572233      0.022888        2.892604       
142             82.299702       402.491699      138.183236      0.020135        2.912739       
143             75.853854       404.014465      137.756593      0.020075        2.932814       
144             99.766578       406.089111      137.489123      0.020795        2.953609       
145             113.407434      408.367126      137.326454      0.020087        2.973696       
146             109.626812      410.568542      137.140656      0.020081        2.993777       
147             107.408134      412.724976      136.942591      0.020077        3.013854       
148             120.787538      415.150269      136.835675      0.020079        3.033933       
149             102.856353      417.583130      136.572816      0.023653        3.057586       
150             144.236036      420.576172      136.624473      0.020751        3.078337       
151             103.972326      422.666016      136.412654      0.020100        3.098437       
152             109.411979      424.864868      136.238652      0.020097        3.118534       
153             105.065795      426.975220      136.039157      0.020086        3.138620       
154             121.179488      429.407898      135.944717      0.020075        3.158695       
155             257.354923      434.572754      136.711236      0.020069        3.178764       
156             254.031313      439.670654      137.447248      0.020068        3.198832       
157             255.372895      444.793945      138.182228      0.020062        3.218894       
158             152.101021      447.844788      138.268424      0.020058        3.238952       
159             138.025309      450.615784      138.266926      0.020076        3.259028       
160             109.243666      452.811035      138.089067      0.020095        3.279123       
161             105.894735      454.938354      137.893035      0.020089        3.299212       
162             130.203195      457.722229      137.843520      0.021381        3.320593       
163             150.253254      460.737061      137.918057      0.020065        3.340658       
164             141.641715      463.579102      137.940289      0.020065        3.360723       
165             141.446070      466.417358      137.961097      0.020066        3.380789       
166             144.649335      469.319458      138.000553      0.020063        3.400852       
167             130.205088      471.931763      137.954835      0.020063        3.420915       
168             94.762470       473.833740      137.702897      0.020071        3.440986       
169             97.234878       475.785828      137.468161      0.020076        3.461062       
170             138.137957      478.558533      137.472023      0.020072        3.481134       
171             241.426734      483.401794      138.067658      0.020061        3.501195       
172             258.322564      488.595886      138.754326      0.020107        3.521302       
173             186.574240      492.338379      139.025188      0.020059        3.541361       
174             124.646610      494.842529      138.944079      0.020090        3.561451       
175             108.766416      497.028625      138.774728      0.020099        3.581550       
176             103.817918      499.109863      138.580153      0.020047        3.601597       
177             138.255927      501.884521      138.578356      0.020069        3.621666       
178             141.506207      504.724976      138.594494      0.020073        3.641739       
179             137.814847      507.491333      138.590221      0.020073        3.661812       
180             131.101630      510.121887      138.549410      0.020065        3.681877       
181             100.812004      512.145386      138.344798      0.020072        3.701949       
182             196.773961      516.093262      138.659752      0.020063        3.722012       
183             160.555687      519.883179      138.797741      0.023605        3.745617       
184             123.252175      522.594727      138.706967      0.022000        3.767617       
185             140.358682      525.414673      138.715728      0.020091        3.787708       
186             141.814123      528.265137      138.732083      0.020100        3.807808       
187             155.267409      531.409302      138.819553      0.020250        3.828058       
188             110.661503      533.634705      138.672403      0.020110        3.848168       
189             80.977788       535.260010      138.373045      0.020071        3.868239       
190             71.451936       536.694336      138.027555      0.020074        3.888313       
191             100.074107      538.924988      137.811224      0.022290        3.910603       
192             103.449984      541.001953      137.635715      0.020077        3.930680       
193             106.220145      543.134216      137.476091      0.020074        3.950754       
194             106.948360      545.280884      137.321777      0.020072        3.970826       
195             117.629237      547.642761      137.222700      0.020079        3.990905       
196             131.655124      550.286133      137.194830      0.020078        4.010983       
197             117.063142      552.634888      137.094628      0.020064        4.031047       
198             103.958007      554.721741      136.930430      0.020074        4.051121       
199             105.308827      556.835815      136.774504      0.020075        4.071196       
200             105.451167      558.953064      136.620785      0.020078        4.091274       
201             145.095387      561.864258      136.662142      0.020064        4.111338       
202             253.089892      566.940735      137.227401      0.020058        4.131396       
203             253.242039      572.020264      137.787933      0.020058        4.151454       
204             236.372016      576.761414      138.261957      0.020058        4.171512       
205             151.487815      579.799805      138.325244      0.020057        4.191569       
206             134.691658      582.498352      138.307959      0.020035        4.211604       
207             103.381182      584.575073      138.142160      0.020088        4.231692       
208             99.057805       586.562866      137.957694      0.020067        4.251759       
209             146.320114      589.498779      137.996973      0.020065        4.271824       
210             139.338618      592.295166      138.003246      0.020069        4.291893       
211             147.112092      595.247559      138.045641      0.020069        4.311962       
212             139.774401      598.052551      138.053650      0.020068        4.332030       
213             136.378374      600.788574      138.045927      0.020062        4.352092       
214             119.728188      603.191040      137.961858      0.020066        4.372158       
215             96.587743       605.146362      137.771170      0.020244        4.392402       
216             100.406891      607.162231      137.601161      0.020077        4.412479       
217             145.681321      610.085327      137.637737      0.020065        4.432544       
218             251.997660      615.135864      138.152495      0.020042        4.452586       
219             254.165091      620.234924      138.672868      0.020062        4.472648       
220             179.306348      623.835754      138.854495      0.020082        4.492730       
221             104.221555      625.929565      138.700317      0.020090        4.512820       
222             129.330831      628.526917      138.658806      0.020083        4.532903       
223             95.426509       630.597290      138.452867      0.021696        4.554599       
224             140.683375      633.421509      138.462655      0.020075        4.574674       
225             140.003228      636.231934      138.469386      0.020074        4.594748       
226             123.648415      638.713928      138.404919      0.020073        4.614821       
227             123.079610      641.184998      138.338535      0.020077        4.634898       
228             111.541140      643.424744      138.222940      0.020080        4.654978       
229             210.812515      647.979980      138.558337      0.021608        4.676586       
230             197.251804      651.938232      138.809112      0.020067        4.696653       
231             122.036887      654.389465      138.737688      0.020086        4.716739       
232             108.566341      656.571106      138.609693      0.020095        4.736834       
233             128.238549      659.147034      138.565899      0.020087        4.756921       
234             129.945425      661.757507      138.529647      0.020089        4.777010       
235             147.467227      664.722778      138.567110      0.020108        4.797118       
236             86.341675       666.457642      138.349273      0.020093        4.817211       
237             69.896962       667.860474      138.065263      0.020070        4.837281       
238             75.093301       669.761536      137.737414      0.025316        4.862597       
239             126.558907      672.303345      137.691433      0.020084        4.882681       
240             109.803100      674.508301      137.577207      0.020081        4.902762       
241             104.834067      676.613159      137.443662      0.020078        4.922840       
242             115.742182      678.937378      137.355498      0.020081        4.942921       
243             125.143960      681.449768      137.306101      0.020076        4.962997       
244             125.018386      684.032898      137.255157      0.020662        4.983659       
245             105.055335      686.143250      137.125888      0.020088        5.003747       
246             110.855930      688.370789      137.020815      0.020094        5.023841       
247             104.516249      690.470520      136.891349      0.020090        5.043931       
248             117.317525      692.825317      136.813765      0.020072        5.064003       
249             252.576675      697.894531      137.270753      0.020070        5.084073       
250             256.989972      703.052063      137.741478      0.020069        5.104142       
251             246.780575      708.004456      138.168509      0.020068        5.124210       
252             151.132500      711.037231      138.219079      0.020067        5.144277       
253             137.776259      713.806396      138.217356      0.020099        5.164376       
254             106.360484      715.947327      138.093671      0.020129        5.184505       
255             96.606659       717.892212      137.933195      0.020132        5.204637       
256             117.048175      720.695984      137.837514      0.023954        5.228591       
257             162.913296      723.969727      137.933518      0.020095        5.248686       
258             146.828693      726.947266      137.967754      0.020279        5.268965       
259             143.412721      729.828857      137.988439      0.020093        5.289058       
260             130.304997      732.445251      137.959380      0.020079        5.309137       
261             119.605934      734.847656      137.890206      0.020086        5.329223       
262             101.664447      736.888367      137.754270      0.020073        5.349296       
263             96.186468       738.819214      137.598864      0.020074        5.369370       
264             150.265166      742.007690      137.648723      0.021219        5.390589       
265             265.154468      748.105713      138.190393      0.022998        5.413587       
266             248.853424      753.097961      138.598960      0.020061        5.433648       
267             153.393304      756.178406      138.653436      0.020082        5.453730       
268             108.002335      758.348389      138.540930      0.020092        5.473822       
269             111.273677      760.584656      138.441185      0.020097        5.493919       
270             107.847142      762.842651      138.325035      0.020937        5.514856       
271             135.368991      765.617310      138.314089      0.020497        5.535353       
272             131.627494      768.282898      138.289716      0.020251        5.555604       
273             138.143714      771.056824      138.289190      0.020080        5.575684       
274             149.453439      774.057251      138.329244      0.020076        5.595760       
275             143.268351      776.934509      138.346907      0.020083        5.615843       
276             102.587005      778.998047      138.219278      0.020115        5.635958       
277             155.233396      782.113892      138.279658      0.020072        5.656030       
278             231.228088      786.874878      138.616796      0.020590        5.676620       
279             116.875443      789.223022      138.540119      0.020091        5.696711       
280             132.661207      791.887390      138.519466      0.020084        5.716795       
281             109.883926      794.096497      138.419117      0.020104        5.736899       
282             149.658470      797.105530      138.458370      0.020106        5.757005       
283             86.749239       798.843811      138.279014      0.020038        5.777043       
284             71.910058       800.286255      138.049366      0.020059        5.797102       
285             96.251255       802.218018      137.905157      0.020070        5.817172       
286             107.255482      804.370850      137.799765      0.020072        5.837244       
287             108.540741      806.548828      137.699529      0.020066        5.857310       
288             106.019313      808.676636      137.591348      0.020070        5.877380       
289             117.872005      811.176819      137.520438      0.021211        5.898591       
290             122.553946      813.635986      137.469697      0.020066        5.918657       
291             128.197546      816.209167      137.438359      0.020072        5.938729       
292             110.053627      818.418274      137.346110      0.020073        5.958802       
293             106.262602      820.550964      137.241768      0.020070        5.978872       
294             105.377638      822.665894      137.135164      0.020070        5.998942       
295             95.715951       824.586243      136.997102      0.020063        6.019005       
296             258.162462      829.764465      137.399538      0.020058        6.039063       
297             253.618890      834.851807      137.784287      0.020059        6.059122       
298             258.016401      840.027100      138.180988      0.020058        6.079180       
299             151.751084      843.070923      138.225615      0.020058        6.099238       
300             143.705716      845.959839      138.243618      0.020103        6.119341       
301             112.655735      848.221741      138.159937      0.020078        6.139419       
302             100.558756      850.452637      138.024553      0.022185        6.161604       
303             130.441543      853.069946      137.999939      0.020065        6.181669       
304             142.133499      855.921997      138.013314      0.020066        6.201735       
305             148.024927      858.893005      138.045610      0.020071        6.221806       
306             141.234281      861.727295      138.055862      0.020068        6.241874       
307             136.878792      864.473083      138.052091      0.020060        6.261934       
308             128.349362      867.048157      138.021103      0.020063        6.281997       
309             99.634897       869.047729      137.898862      0.020069        6.302066       
310             94.832362       870.950256      137.762199      0.020062        6.322128       
311             101.483915      872.986328      137.647436      0.020063        6.342191       
312             263.098307      878.264343      138.042998      0.020061        6.362252       
313             269.614793      883.672546      138.456516      0.020059        6.382311       
314             187.884726      887.442078      138.611408      0.020063        6.402374       
315             136.905774      890.190735      138.606077      0.020077        6.422451       
316             103.939013      892.278870      138.497973      0.020090        6.442541       
317             117.671739      894.638306      138.433357      0.020051        6.462592       
318             127.016642      897.186768      138.398022      0.020064        6.482656       
319             138.763273      899.971191      138.399149      0.020066        6.502722       
320             138.626395      902.752869      138.399848      0.020066        6.522788       
321             126.778895      905.296814      138.364208      0.020066        6.542854       
322             103.290498      907.369751      138.256955      0.020069        6.562923       
323             164.705187      910.674561      138.337570      0.020065        6.582988       
324             250.225885      915.694092      138.677485      0.020060        6.603048       
325             113.159028      917.965759      138.600138      0.020075        6.623123       
326             108.951401      920.153503      138.510520      0.020080        6.643203       
327             133.205474      922.828003      138.494535      0.020078        6.663281       
328             127.218328      925.405701      138.460350      0.020262        6.683543       
329             146.742999      928.695679      138.488041      0.022420        6.705963       
330             84.939678       930.396851      138.328590      0.020028        6.725991       
331             74.774988       931.896912      138.139598      0.020061        6.746052       
332             100.520677      933.974976      138.024669      0.020673        6.766725       
333             111.013373      936.203125      137.944786      0.020071        6.786796       
334             110.242831      938.415588      137.863111      0.020069        6.806865       
335             107.799273      940.578796      137.774742      0.020067        6.826932       
336             119.816623      942.983276      137.722108      0.020068        6.847000       
337             125.184879      945.495361      137.685472      0.020067        6.867067       
338             124.925492      948.002991      137.648282      0.020073        6.887140       
339             105.383458      950.118774      137.554499      0.020077        6.907217       
340             109.877872      952.325012      137.474277      0.020079        6.927296       
341             106.135145      954.455994      137.383707      0.020078        6.947374       
342             97.420915       956.411621      137.268570      0.020074        6.967448       
343             242.971197      961.357300      137.576474      0.020355        6.987803       
344             259.409303      966.560791      137.925203      0.020059        7.007862       
345             257.499102      971.725708      138.266473      0.020058        7.027920       
346             161.607145      974.967224      138.332898      0.020058        7.047978       
347             147.838226      977.951782      138.360047      0.020188        7.068166       
348             107.283304      980.106567      138.271989      0.020085        7.088251       
349             100.050021      982.342285      138.151872      0.022346        7.110597       
350             136.958049      985.090759      138.148512      0.020068        7.130665       
351             140.327939      987.906860      138.154628      0.020068        7.150733       
352             141.994572      990.755981      138.165373      0.020065        7.170798       
353             140.658264      993.578430      138.172330      0.020066        7.190864       
354             145.041776      996.488403      138.191442      0.020063        7.210927       
355             127.056189      999.037659      138.160545      0.020064        7.230991       
356             96.277213       1000.970520     138.044583      0.020076        7.251067       
357             97.108159       1002.919189     137.931606      0.020067        7.271134       
358             163.116387      1006.191467     138.000899      0.020061        7.291195       
359             239.996976      1011.006287     138.280775      0.020062        7.311257       
360             258.857826      1016.198975     138.610699      0.020060        7.331317       
361             180.881195      1019.827271     138.726039      0.020059        7.351376       
362             127.506408      1022.385559     138.695500      0.020064        7.371440       
363             121.136644      1024.816650     138.647826      0.020069        7.391509       
364             120.359614      1027.234314     138.598261      0.020087        7.411596       
365             139.649919      1030.041138     138.601105      0.020099        7.431695       
366             120.825839      1032.808533     138.546491      0.022904        7.454599       
367             148.395390      1035.788757     138.572953      0.020083        7.474682       
368             142.669678      1038.653564     138.583929      0.020080        7.494762       
369             115.078095      1040.962952     138.521158      0.020068        7.514830       
370             104.457936      1043.059631     138.430418      0.020072        7.534902       
371             172.085317      1046.512695     138.519805      0.020066        7.554968       
372             207.836565      1050.690002     138.703724      0.020099        7.575067       
373             118.439291      1053.071106     138.650085      0.020104        7.595171       
374             121.140380      1055.504089     138.603906      0.020084        7.615255       
375             152.504306      1059.568787     138.652387      0.026653        7.641908       
376             109.252656      1061.761597     138.575373      0.020071        7.661979       
377             74.132150       1063.249207     138.407035      0.020067        7.682046       
378             72.103991       1064.696838     138.234204      0.020077        7.702123       
379             105.786645      1067.180603     138.135592      0.023479        7.725602       
380             105.651801      1069.301880     138.051389      0.020078        7.745680       
381             105.816567      1071.426147     137.968059      0.020075        7.765755       
382             108.902529      1073.612366     137.893117      0.020075        7.785830       
383             120.173414      1076.025208     137.847539      0.020078        7.805908       
384             129.424202      1078.623657     137.825930      0.020077        7.825985       
385             120.812695      1081.068665     137.782047      0.020238        7.846223       
386             103.099272      1083.149414     137.693065      0.020182        7.866405       
387             108.105148      1085.355408     137.616510      0.020406        7.886811       
388             103.600143      1087.443054     137.529819      0.020151        7.906962       
389             164.196633      1090.741272     137.597392      0.020087        7.927049       
390             251.111205      1095.780823     137.884051      0.020069        7.947118       
391             255.417637      1100.906799     138.180113      0.020069        7.967187       
392             219.542870      1105.312805     138.384547      0.020069        7.987256       
393             157.571501      1108.474792     138.432631      0.020067        8.007323       
394             121.724212      1110.921936     138.390786      0.020104        8.027427       
395             103.318255      1113.001526     138.303065      0.020128        8.047555       
396             107.718408      1115.161926     138.227032      0.020056        8.067611       
397             140.130496      1117.976868     138.231760      0.020088        8.087699       
398             141.185769      1120.812866     138.239079      0.020087        8.107786       
399             142.769773      1123.681396     138.250278      0.020092        8.127878       
400             142.119599      1126.536011     138.259817      0.020086        8.147964       
401             139.158454      1129.329895     138.262026      0.020077        8.168041       
402             113.652613      1131.613403     138.201639      0.020092        8.188133       
403             95.891122       1133.539856     138.098082      0.020090        8.208223       
404             100.936214      1135.567261     138.007367      0.020086        8.228309       
405             182.676800      1139.234680     138.116089      0.020076        8.248385       
406             265.019873      1144.553894     138.424138      0.020071        8.268456       
407             243.468539      1149.440308     138.678495      0.020070        8.288526       
408             136.423142      1152.186096     138.673031      0.020127        8.308653       
409             124.924747      1154.699707     138.639817      0.020121        8.328774       
410             107.370206      1156.860962     138.564427      0.020129        8.348903       
411             130.880731      1159.491272     138.545976      0.020097        8.369000       
412             146.285694      1162.430298     138.564512      0.020091        8.389091       
413             122.830451      1165.073486     138.524255      0.021519        8.410610       
414             104.416090      1167.180603     138.442614      0.020180        8.430790       
415             241.349457      1172.030762     138.687324      0.020096        8.450886       
416             114.149210      1174.741577     138.618562      0.023748        8.474634       
417             130.309193      1177.359619     138.598909      0.020091        8.494725       
418             141.580405      1180.202271     138.605940      0.020078        8.514803       
419             144.200639      1183.102722     138.619124      0.020114        8.534917       
420             126.337402      1185.643494     138.590253      0.020111        8.555028       
421             125.308590      1188.161194     138.559133      0.020092        8.575120       
422             158.334068      1191.352417     138.605503      0.020155        8.595275       
423             99.565288       1193.352783     138.514462      0.020091        8.615366       
424             69.796576       1194.754578     138.354640      0.020084        8.635450       
425             87.945904       1196.521851     138.237610      0.020095        8.655545       
426             108.319997      1198.800903     138.165062      0.021040        8.676585       
427             107.280826      1200.953064     138.093820      0.020061        8.696646       
428             111.837654      1203.204468     138.033182      0.020131        8.716777       
429             105.723511      1205.326233     137.958965      0.020069        8.736846       
430             119.041363      1207.715393     137.915608      0.020070        8.756916       
431             130.222529      1210.328308     137.898021      0.020065        8.776981       
432             113.482161      1212.606689     137.842298      0.020077        8.797058       
433             110.079636      1214.817749     137.779053      0.020086        8.817144       
434             105.783279      1217.010742     137.704000      0.020731        8.837875       
435             103.298911      1219.086121     137.625965      0.020091        8.857966       
436             173.991250      1222.578125     137.708174      0.020070        8.878036       
437             250.050001      1227.593628     137.961414      0.020058        8.898094       
438             267.980819      1232.969055     138.253858      0.020059        8.918153       
439             210.939180      1237.200073     138.416969      0.020058        8.938211       
440             151.638495      1240.241638     138.446572      0.020058        8.958269       
441             118.463012      1242.618835     138.401908      0.020067        8.978336       
442             99.760344       1244.619629     138.315782      0.020056        8.998392       
443             109.378936      1247.048279     138.244555      0.022204        9.020596       
444             140.123821      1249.859863     138.248726      0.020065        9.040661       
445             145.517765      1252.779968     138.264825      0.020067        9.060728       
446             140.517426      1255.599731     138.269803      0.020067        9.080795       
447             148.036637      1258.570679     138.291340      0.020069        9.100864       
448             128.535579      1261.149231     138.269883      0.020061        9.120925       
449             109.960597      1263.356140     138.207727      0.020070        9.140995       
450             100.119179      1265.366333     138.124250      0.020078        9.161073       
451             121.969971      1267.814636     138.088931      0.020073        9.181146       
452             180.805584      1271.442139     138.182074      0.020063        9.201209       
453             240.551037      1276.268555     138.404812      0.020064        9.221273       
454             232.037569      1280.926941     138.608221      0.020076        9.241349       
455             149.866665      1283.933716     138.632610      0.020063        9.261412       
456             119.697685      1286.338562     138.591623      0.020091        9.281503       
457             103.136560      1288.405212     138.515243      0.020038        9.301541       
458             121.385516      1290.839478     138.478391      0.020054        9.321595       
459             136.580190      1293.580505     138.474313      0.020069        9.341664       
460             141.147030      1296.412903     138.480042      0.020067        9.361731       
461             139.042102      1299.202087     138.481244      0.020060        9.381791       
462             153.310119      1302.279175     138.512900      0.020071        9.401862       
463             108.619365      1304.461121     138.449166      0.020088        9.421950       
464             201.076661      1308.497131     138.582301      0.020072        9.442022       
465             183.585749      1312.183350     138.677800      0.020079        9.462101       
466             120.576318      1314.606934     138.639429      0.020100        9.482201       
467             112.245422      1316.863403     138.583590      0.020103        9.502304       
468             141.915708      1319.712219     138.590615      0.020074        9.522378       
469             146.529310      1322.657898     138.607339      0.020103        9.542481       
470             98.919885       1324.643616     138.524026      0.020074        9.562555       
471             73.970684       1326.129761     138.388683      0.020091        9.582646       
472             89.526387       1328.005249     138.282096      0.020949        9.603595       
473             110.471078      1330.221741     138.224114      0.020064        9.623659       
474             108.104383      1332.390747     138.161449      0.020064        9.643723       
475             108.208503      1334.561951     138.099258      0.020065        9.663788       
476             112.997766      1336.829590     138.047240      0.020068        9.683856       
477             126.435834      1339.366272     138.023233      0.020063        9.703919       
478             132.672292      1342.028076     138.012193      0.020063        9.723982       
479             117.292961      1344.382263     137.969515      0.020071        9.744053       
480             105.263530      1346.495850     137.902258      0.020079        9.764132       
481             110.572081      1348.716248     137.846166      0.020081        9.784213       
482             102.779424      1350.781189     137.774307      0.020091        9.804304       
483             154.668013      1353.885376     137.808819      0.020070        9.824374       
484             255.219945      1359.004578     138.048044      0.020058        9.844432       
485             258.715549      1364.194153     138.293416      0.020059        9.864491       
486             225.980399      1368.726868     138.471352      0.020058        9.884549       
487             159.414592      1371.920898     138.513718      0.020036        9.904585       
488             121.948674      1374.368530     138.480218      0.020071        9.924656       
489             100.273562      1376.382324     138.403062      0.020083        9.944739       
490             104.411845      1378.477661     138.334607      0.020068        9.964807       
491             148.074428      1381.449219     138.354183      0.020068        9.984875       
492             141.073086      1384.280273     138.359636      0.020068        10.004943      
493             140.520184      1387.099670     138.363960      0.020064        10.025007      
494             144.448552      1389.997742     138.376113      0.020063        10.045070      
495             134.077777      1392.687744     138.367545      0.020063        10.065133      
496             115.462708      1395.004272     138.321979      0.020063        10.085196      
497             96.605032       1396.942749     138.239142      0.020066        10.105262      
498             97.261200       1398.896240     138.157857      0.020085        10.125347      
499             182.183690      1402.551392     138.244920      0.020063        10.145410      
500             257.928156      1407.724915     138.481073      0.020058        10.165468      
501             255.357436      1412.846619     138.711222      0.020057        10.185525      
502             150.312411      1415.864441     138.734044      0.020077        10.205602      
503             105.001262      1417.972656     138.667810      0.020078        10.225680      
504             112.590216      1420.232117     138.616733      0.020068        10.245748      
505             103.199481      1422.302917     138.547505      0.020066        10.265814      
506             140.132947      1425.114685     138.550598      0.020065        10.285879      
507             138.256919      1427.888672     138.550026      0.020064        10.305943      
508             147.012973      1430.838928     138.566473      0.020068        10.326011      
509             142.531929      1433.699829     138.574167      0.020072        10.346083      
510             133.876616      1436.391418     138.565056      0.020105        10.366188      
511             106.364366      1438.529236     138.502743      0.020099        10.386287      
512             156.229080      1441.665222     138.536935      0.020073        10.406360      
513             228.603189      1446.259460     138.710538      0.020097        10.426457      
514             112.872379      1448.576843     138.659759      0.020531        10.446988      
515             128.463829      1451.483337     138.637726      0.022625        10.469613      
516             136.744037      1454.229431     138.634101      0.020082        10.489695      
517             138.278453      1457.005371     138.633421      0.020075        10.509770      
518             78.056768       1458.572205     138.517944      0.020073        10.529843      
519             72.090295       1460.023743     138.391165      0.020135        10.549978      
520             105.837738      1462.312378     138.324577      0.021624        10.571602      
521             109.614034      1464.513428     138.270147      0.020080        10.591682      
522             110.442687      1466.730896     138.217496      0.020078        10.611760      
523             110.448616      1468.951355     138.164987      0.020104        10.631864      
524             122.059576      1471.726990     138.130614      0.022740        10.654604      
525             126.089263      1474.258484     138.107966      0.020077        10.674681      
526             119.754402      1476.669739     138.073412      0.020135        10.694816      
527             105.318304      1478.785583     138.011998      0.020090        10.714906      
528             109.675657      1481.004761     137.958588      0.020234        10.735140      
529             104.538486      1483.107239     137.896094      0.020112        10.755252      
530             133.091900      1485.779724     137.887141      0.020080        10.775332      
531             250.810452      1490.812988     138.097059      0.020068        10.795400      
532             262.927691      1496.090210     138.328715      0.020071        10.815471      
533             250.031850      1501.107849     138.535596      0.020068        10.835539      
534             145.887871      1504.033630     138.549178      0.020055        10.855594      
535             141.681380      1506.880859     138.554966      0.020096        10.875690      
536             103.936855      1508.972900     138.491016      0.020128        10.895818      
537             93.863042       1511.022400     138.401761      0.021835        10.917653      
538             148.869405      1514.587524     138.424672      0.023948        10.941601      
539             141.137147      1517.420288     138.429638      0.020071        10.961672      
540             147.091351      1520.372559     138.445469      0.020071        10.981743      
541             140.716986      1523.196045     138.449612      0.020065        11.001808      
542             132.322442      1525.850830     138.438458      0.020063        11.021871      
543             118.453166      1528.227356     138.402145      0.020063        11.041934      
544             98.478526       1530.203918     138.329708      0.020071        11.062005      
545             99.687714       1532.204651     138.259726      0.020070        11.082075      
546             202.689901      1536.270813     138.376148      0.020061        11.102136      
547             262.111293      1541.528503     138.599306      0.020059        11.122195      
548             232.771093      1546.196960     138.768814      0.020056        11.142251      
549             151.236048      1549.232117     138.791229      0.020069        11.162320      
550             108.012865      1551.401123     138.735959      0.020081        11.182401      
551             109.983661      1553.609375     138.684426      0.020078        11.202479      
552             125.697277      1556.132874     138.661194      0.020076        11.222555      
553             128.680068      1558.711365     138.643404      0.020038        11.242593      
554             138.828221      1561.497925     138.643734      0.020072        11.262665      
555             145.290077      1564.413025     138.655553      0.020064        11.282729      
556             113.827564      1566.703918     138.611344      0.020126        11.302855      
557             102.958816      1568.770508     138.548143      0.020072        11.322927      
558             224.284349      1573.270325     138.699789      0.020063        11.342990      
559             184.175994      1576.966553     138.780108      0.020069        11.363059      
560             131.630988      1579.610229     138.767494      0.020084        11.383143      
561             102.806291      1581.674683     138.704167      0.020081        11.403224      
562             132.262089      1584.330505     138.692843      0.020080        11.423304      
563             150.064086      1587.351746     138.712849      0.020133        11.443437      
564             106.416147      1589.491455     138.656200      0.020107        11.463544      
565             73.743079       1590.970520     138.542825      0.020057        11.483601      
566             86.229798       1593.040466     138.433699      0.024005        11.507606      
567             109.096201      1595.231445     138.382589      0.020083        11.527689      
568             110.736428      1597.454590     138.334525      0.020076        11.547765      
569             110.121712      1599.665283     138.285564      0.020075        11.567840      
570             115.479805      1601.983887     138.246050      0.020078        11.587918      
571             119.425202      1604.381348     138.213501      0.020075        11.607993      
572             129.360589      1606.977356     138.198222      0.020068        11.628061      
573             115.143690      1609.288635     138.158493      0.020073        11.648134      
574             103.750949      1611.371643     138.099289      0.020077        11.668211      
575             106.997727      1613.519836     138.045866      0.020077        11.688288      
576             100.744630      1615.543091     137.981884      0.020083        11.708371      
577             202.495326      1619.605957     138.092248      0.020064        11.728435      
578             241.952974      1624.459534     138.269585      0.020060        11.748495      
579             248.551487      1629.453430     138.457865      0.020092        11.768587      
580             211.655889      1633.699036     138.582415      0.020059        11.788646      
581             157.013616      1636.848572     138.613724      0.020059        11.808705      
582             128.044018      1639.419312     138.595784      0.020077        11.828782      
583             103.342374      1641.495667     138.536005      0.020092        11.848874      
584             95.769549       1643.419006     138.463641      0.020083        11.868957      
585             147.311352      1646.376282     138.478581      0.020075        11.889032      
586             143.781294      1649.263123     138.487521      0.020078        11.909110      
587             143.053903      1652.134644     138.495205      0.020073        11.929183      
588             141.011943      1654.965881     138.499434      0.020078        11.949261      
589             136.456932      1657.704163     138.496009      0.020067        11.969328      
590             117.297191      1660.059021     138.460512      0.020076        11.989404      
591             96.653441       1661.999146     138.390635      0.020073        12.009477      
592             99.410190       1663.994507     138.325594      0.020072        12.029549      
593             164.759589      1667.295959     138.369552      0.020038        12.049587      
594             244.341399      1672.198425     138.545715      0.020064        12.069651      
595             245.950448      1677.133667     138.723981      0.020066        12.089717      
596             157.276936      1680.289429     138.754721      0.020065        12.109782      
597             134.977389      1683.000854     138.748466      0.020088        12.129870      
598             101.061350      1685.029358     138.686206      0.020072        12.149942      
599             135.105633      1687.769165     138.680240      0.020279        12.170221      
600             108.808675      1689.953064     138.631057      0.020071        12.190292      
601             146.545182      1692.894958     138.644068      0.020075        12.210367      
602             139.423326      1695.692627     138.645347      0.020066        12.230433      
603             163.673024      1698.976562     138.686338      0.020064        12.250497      
604             102.154186      1701.026184     138.626603      0.020064        12.270561      
605             200.109621      1705.034180     138.726797      0.020029        12.290590      
606             185.436630      1708.762939     138.803091      0.020108        12.310698      
607             115.634850      1711.086853     138.765331      0.020097        12.330795      
608             116.085043      1713.417725     138.728460      0.020079        12.350874      
609             136.250750      1716.153503     138.724438      0.020079        12.370953      
610             154.784283      1719.269775     138.750532      0.020133        12.391086      
611             102.484971      1721.328186     138.691844      0.020085        12.411171      
612             77.684427       1722.886536     138.593397      0.020060        12.431231      
613             79.134567       1724.577087     138.491393      0.021363        12.452594      
614             107.944338      1726.743530     138.442239      0.020070        12.472664      
615             108.047038      1728.911926     138.393410      0.020069        12.492733      
616             106.145453      1731.042053     138.341691      0.020068        12.512801      
617             91.442377       1733.216736     138.252723      0.023782        12.536583      
618             144.103864      1736.111206     138.262083      0.020086        12.556669      
619             129.424935      1738.709412     138.247977      0.020075        12.576744      
620             110.230644      1741.174500     138.198247      0.022363        12.599107      
621             110.145160      1743.387756     138.153577      0.020094        12.619201      
622             103.650162      1745.471436     138.098699      0.020103        12.639304      
623             97.887833       1747.437317     138.034908      0.020083        12.659387      
624             212.163167      1751.695007     138.152232      0.020068        12.679455      
625             263.018042      1756.970886     138.349459      0.020059        12.699514      
626             254.145790      1762.068542     138.532062      0.020058        12.719572      
627             186.579337      1765.802368     138.607538      0.020012        12.739584      
628             147.323932      1768.758423     138.621244      0.020065        12.759649      
629             114.515809      1771.056641     138.583390      0.020069        12.779718      
630             95.720922       1772.979004     138.516138      0.020083        12.799801      
631             114.368322      1775.274719     138.478328      0.020073        12.819874      
632             147.206908      1778.229309     138.491972      0.020071        12.839945      
633             140.351668      1781.046448     138.494875      0.020072        12.860017      
634             146.785445      1783.992432     138.507794      0.020070        12.880087      
635             140.563049      1786.813110     138.510991      0.020067        12.900154      
636             135.034770      1789.522583     138.505592      0.020065        12.920219      
637             108.031831      1791.690674     138.458331      0.020069        12.940288      
638             95.676074       1793.611084     138.392073      0.020072        12.960360      
639             98.376314       1795.585693     138.330195      0.020072        12.980432      
640             227.084850      1800.142151     138.467179      0.020065        13.000497      
641             258.627462      1805.330994     138.652331      0.020063        13.020560      
642             225.247419      1809.863647     138.785955      0.020123        13.040683      
643             138.102575      1812.634399     138.784906      0.020063        13.060746      
644             116.418571      1814.971619     138.750578      0.020076        13.080822      
645             121.078909      1817.401672     138.723506      0.020070        13.100892      
646             142.025049      1820.251831     138.728556      0.020068        13.120960      
647             111.338039      1822.993530     138.677246      0.024625        13.145585      
648             132.194239      1825.649841     138.667352      0.020094        13.165679      
649             137.288079      1828.407410     138.665251      0.020086        13.185765      
650             232.577668      1833.079895     138.808119      0.020090        13.205855      
651             114.719197      1835.391602     138.771418      0.020151        13.226006      
652             119.937616      1837.804626     138.742812      0.020119        13.246125      
653             143.578546      1840.690125     138.750137      0.020097        13.266222      
654             126.733491      1843.269531     138.731730      0.020353        13.286575      
655             147.367622      1846.664734     138.746678      0.023039        13.309614      
656             145.440572      1849.590271     138.756780      0.020115        13.329729      
657             112.094785      1851.841919     138.716662      0.020087        13.349816      
658             76.099139       1853.367859     138.622749      0.020052        13.369868      
659             72.656265       1854.825562     138.523907      0.020063        13.389931      
660             103.049806      1857.058960     138.466582      0.021673        13.411604      
661             89.357546       1859.201843     138.378928      0.023981        13.435585      
662             106.890361      1861.767212     138.322780      0.024000        13.459585      
663             134.360637      1864.464905     138.316878      0.020078        13.479663      
664             98.529128       1866.822510     138.246375      0.023928        13.503591      
665             155.603137      1869.943909     138.272121      0.020060        13.523651      
666             107.006925      1872.091431     138.225793      0.020069        13.543720      
667             105.046860      1874.200562     138.176679      0.020078        13.563798      
668             104.628656      1876.301086     138.127097      0.020076        13.583874      
669             104.997733      1878.409546     138.078195      0.020081        13.603955      
670             219.735079      1882.818970     138.198468      0.020067        13.624022      
671             259.139991      1888.016541     138.376254      0.020057        13.644079      
672             253.975385      1893.110779     138.545945      0.020058        13.664137      
673             177.442005      1896.669556     138.602953      0.020056        13.684193      
674             155.351431      1899.786682     138.627475      0.020065        13.704258      
675             110.587458      1902.006836     138.586458      0.020076        13.724334      
676             94.574698       1903.905518     138.522171      0.020076        13.744410      
677             116.357962      1906.240356     138.489860      0.020066        13.764476      
678             141.098920      1909.070801     138.493657      0.020060        13.784536      
679             148.476068      1912.048340     138.508159      0.020054        13.804590      
680             140.898106      1914.874756     138.511626      0.020060        13.824650      
681             139.148594      1917.666077     138.512549      0.020060        13.844710      
682             127.257479      1920.219116     138.496263      0.020062        13.864772      
683             113.437941      1922.494568     138.460062      0.020059        13.884831      
684             101.535318      1924.539185     138.406589      0.020137        13.904968      
685             96.654208       1926.478455     138.346429      0.020064        13.925032      
686             173.653431      1929.962463     138.397226      0.020063        13.945095      
687             255.898445      1935.824585     138.589932      0.022908        13.968003      
688             235.412426      1940.672668     138.732474      0.020594        13.988597      
689             145.154105      1944.154480     138.743467      0.023987        14.012584      
690             122.678505      1946.616760     138.720489      0.020071        14.032655      
691             101.940080      1948.663513     138.667938      0.020078        14.052733      
692             124.707090      1951.166260     138.648029      0.020069        14.072802      
693             139.408567      1953.964050     138.649112      0.020069        14.092871      
694             146.793991      1956.909912     138.660694      0.020068        14.112939      
695             132.800966      1959.574829     138.652374      0.020067        14.133006      
696             143.873356      1962.465820     138.659786      0.020094        14.153100      
697             117.283539      1964.824158     138.629459      0.020108        14.173208      
698             95.227594       1966.738708     138.567980      0.020105        14.193313      
699             227.481403      1971.304260     138.693530      0.020070        14.213383      
700             144.692350      1974.211853     138.701999      0.020095        14.233478      
701             134.929892      1976.922729     138.696682      0.020091        14.253569      
702             124.002439      1979.414062     138.675999      0.020091        14.273660      
703             148.201795      1982.395142     138.689404      0.020115        14.293775      
704             104.458813      1984.491943     138.641401      0.020073        14.313848      
705             75.272942       1986.002747     138.552670      0.020071        14.333919      
706             77.171125       1987.598877     138.464227      0.020683        14.354602      
707             114.515779      1989.898010     138.430779      0.020077        14.374679      
708             111.087693      1992.128540     138.392638      0.020079        14.394758      
709             107.364841      1994.283997     138.349425      0.020076        14.414834      
710             109.555582      1996.483215     138.309383      0.020074        14.434908      
711             125.019458      1998.992981     138.290926      0.020075        14.454983      
712             125.618939      2001.514404     138.273354      0.020072        14.475055      
713             118.667562      2003.947327     138.245624      0.020502        14.495557      
714             104.486491      2006.042908     138.198980      0.020056        14.515613      
715             109.354022      2008.239502     138.159119      0.020087        14.535700      
716             98.219446       2010.215088     138.103928      0.020114        14.555814      
717             178.344033      2013.795166     138.159347      0.020074        14.575888      
718             251.218355      2018.836365     138.314784      0.020067        14.595955      
719             265.829170      2024.170227     138.489837      0.020065        14.616020      
720             205.632448      2028.296448     138.581889      0.020066        14.636086      
721             159.212757      2031.491211     138.610135      0.020066        14.656152      
722             115.799390      2033.817505     138.578912      0.020089        14.676241      
723             101.639982      2035.854370     138.528541      0.020040        14.696281      
724             114.807936      2038.415161     138.492594      0.022305        14.718586      
725             133.614216      2041.096130     138.485953      0.020065        14.738651      
726             148.253007      2044.070679     138.499231      0.020064        14.758715      
727             138.650075      2046.871826     138.499437      0.020203        14.778918      
728             149.242332      2049.866821     138.514005      0.020068        14.798986      
729             113.832538      2052.439209     138.476374      0.022598        14.821584      
730             107.378804      2054.593872     138.434330      0.020066        14.841650      
731             97.591785       2056.552734     138.379169      0.020072        14.861722      
732             96.855779       2058.497986     138.323130      0.020084        14.881806      
733             210.759410      2062.727295     138.420673      0.020067        14.901873      
734             253.853184      2067.819336     138.575845      0.020059        14.921932      
735             231.327472      2072.459534     138.700360      0.020059        14.941991      
736             137.303262      2075.216309     138.698485      0.020078        14.962069      
737             120.985176      2077.645691     138.674745      0.020080        14.982149      
738             105.965079      2079.773682     138.630960      0.020082        15.002231      
739             123.712432      2082.256714     138.611027      0.020071        15.022302      
740             124.956042      2084.764832     138.592807      0.020072        15.042374      
741             139.034491      2087.555115     138.593395      0.020069        15.062443      
742             142.228824      2090.409363     138.598232      0.020068        15.082511      
743             124.721980      2093.173950     138.577869      0.022166        15.104677      
744             97.033523       2095.121704     138.522733      0.020073        15.124750      
745             204.925682      2099.233948     138.610717      0.020067        15.144817      
746             198.159896      2103.213989     138.689587      0.020085        15.164902      
747             125.007817      2105.728271     138.671465      0.020113        15.185015      
748             107.867125      2107.897156     138.630730      0.020107        15.205122      
749             125.205930      2110.412292     138.613017      0.020088        15.225210      
750             138.705486      2113.197083     138.613139      0.020077        15.245287      
751             137.426680      2115.947815     138.611583      0.020016        15.265303      
752             76.134944       2117.474854     138.529603      0.020057        15.285360      
753             76.569331       2119.010681     138.448403      0.020058        15.305418      
754             103.457768      2121.086975     138.402582      0.020069        15.325487      
755             110.457148      2123.638977     138.360516      0.023104        15.348591      
756             114.174794      2125.930237     138.328935      0.020068        15.368659      
757             108.017325      2128.098145     138.289403      0.020070        15.388729      
758             119.826306      2130.503418     138.265351      0.020073        15.408802      
759             125.942036      2133.030823     138.249322      0.020068        15.428870      
760             121.878579      2135.591492     138.227060      0.021010        15.449880      
761             104.605644      2137.692078     138.183417      0.020081        15.469961      
762             109.469486      2139.890991     138.146182      0.020087        15.490048      
763             103.011256      2141.960693     138.100668      0.020092        15.510140      
764             151.772872      2145.006775     138.118337      0.020070        15.530210      
765             256.853367      2150.158997     138.271498      0.020059        15.550269      
766             257.203286      2155.318237     138.424716      0.020059        15.570328      
767             225.642633      2159.844177     138.536928      0.020058        15.590386      
768             149.610529      2162.845215     138.551157      0.020059        15.610445      
769             130.650057      2165.506165     138.540862      0.020367        15.630812      
770             104.267763      2167.614563     138.496581      0.020221        15.651033      
771             110.287170      2169.828247     138.460450      0.020072        15.671105      
772             141.243055      2172.661865     138.464008      0.020062        15.691167      
773             139.824833      2175.467590     138.465746      0.020066        15.711233      
774             141.781641      2178.312439     138.469975      0.020065        15.731298      
775             147.623309      2181.274353     138.481634      0.020064        15.751362      
776             132.814910      2183.938354     138.474427      0.020058        15.771420      
777             118.059926      2186.306519     138.448496      0.020059        15.791479      
778             100.788177      2188.328430     138.400714      0.020061        15.811540      
779             96.597918       2190.265991     138.347752      0.020058        15.831598      
780             156.101428      2193.398010     138.370223      0.020064        15.851662      
781             264.085064      2198.695557     138.529112      0.020060        15.871722      
782             269.679964      2204.104797     138.694646      0.020058        15.891780      
783             158.135850      2207.280640     138.719183      0.020083        15.911863      
784             100.226247      2209.293884     138.670651      0.020087        15.931950      
785             103.956202      2211.380493     138.626971      0.020072        15.952022      
786             125.219851      2213.909058     138.610021      0.020193        15.972215      
787             139.518922      2216.708923     138.611162      0.020068        15.992283      
788             134.121085      2219.401672     138.605532      0.020077        16.012360      
789             123.128093      2221.874084     138.586147      0.020080        16.032440      
790             132.427259      2224.532959     138.578444      0.020078        16.052518      
791             147.078047      2227.487610     138.589067      0.020089        16.072607      
792             118.673727      2229.869629     138.564227      0.020072        16.092679      
793             246.366388      2234.814941     138.698525      0.020073        16.112752      
794             118.203708      2237.186462     138.673038      0.020063        16.132815      
795             115.742090      2239.512878     138.644503      0.020100        16.152915      
796             122.015641      2241.964783     138.623842      0.020095        16.173010      
797             131.318801      2244.600220     138.614788      0.020069        16.193079      
798             147.285785      2247.550354     138.625501      0.020030        16.213109      
799             97.966289       2249.517517     138.575206      0.020080        16.233189      
800             76.752690       2251.056946     138.498916      0.020057        16.253246      
801             87.411034       2253.011719     138.428720      0.022363        16.275609      
802             109.486465      2255.210754     138.393048      0.020085        16.295694      
803             108.796647      2257.395935     138.356614      0.020085        16.315779      
804             113.989627      2259.685303     138.326656      0.020084        16.335863      
805             111.951486      2261.933289     138.294276      0.020080        16.355943      
806             120.170090      2264.345703     138.272058      0.020075        16.376018      
807             129.601275      2266.947449     138.261441      0.020075        16.396093      
808             96.460429       2269.214172     138.201617      0.023499        16.419592      
809             121.353966      2271.654358     138.181010      0.020108        16.439700      
810             106.616375      2273.796814     138.142475      0.020095        16.459795      
811             97.013265       2275.754639     138.092109      0.020181        16.479976      
812             234.208073      2280.539978     138.211127      0.020432        16.500408      
813             263.479068      2285.828003     138.363309      0.020070        16.520478      
814             248.601939      2290.817444     138.497071      0.020070        16.540548      
815             174.080815      2294.307068     138.540143      0.020046        16.560594      
816             149.986676      2297.321350     138.554017      0.020097        16.580691      
817             107.515448      2299.484131     138.516407      0.020116        16.600807      
818             95.502425       2301.405640     138.464337      0.020120        16.620927      
819             132.057552      2304.059204     138.456601      0.020094        16.641021      
820             141.822879      2306.908142     138.460660      0.020088        16.661109      
821             139.586625      2309.712158     138.462016      0.020088        16.681197      
822             148.675770      2312.698608     138.474300      0.020087        16.701284      
823             138.034429      2315.469788     138.473772      0.020076        16.721360      
824             124.898408      2317.976624     138.457496      0.020071        16.741431      
825             100.522058      2319.995911     138.412032      0.020088        16.761519      
826             99.779053       2322.000671     138.365779      0.020092        16.781611      
827             96.834913       2323.956543     138.315853      0.020198        16.801809      
828             247.305051      2328.926880     138.446068      0.020098        16.821907      
829             273.190793      2334.409546     138.606631      0.020069        16.841976      
830             199.526666      2338.414246     138.679144      0.020071        16.862047      
831             131.581852      2341.062988     138.670681      0.020130        16.882177      
832             103.787669      2343.151611     138.629149      0.020124        16.902301      
833             103.594757      2345.236145     138.587491      0.020122        16.922423      
834             127.048745      2347.789062     138.573806      0.020094        16.942517      
835             136.222644      2350.526184     138.571021      0.020093        16.962610      
836             140.802703      2353.355896     138.573662      0.020097        16.982707      
837             143.568501      2356.238464     138.579560      0.020078        17.002785      
838             108.994172      2358.427612     138.544653      0.020085        17.022870      
839             105.773810      2360.552185     138.506031      0.020086        17.042956      
840             242.913543      2365.433533     138.628990      0.020095        17.063051      
841             178.778044      2369.036804     138.676359      0.020155        17.083206      
842             108.596120      2371.225342     138.640915      0.020153        17.103359      
843             119.785136      2373.634460     138.618768      0.020112        17.123471      
844             138.401053      2376.414246     138.618513      0.020085        17.143556      
845             149.284676      2379.418152     138.631018      0.020122        17.163678      
846             103.977282      2381.510071     138.590445      0.020119        17.183797      
847             77.915862       2383.073608     138.519673      0.020067        17.203864      
848             68.021108       2384.688293     138.422532      0.023738        17.227602      
849             127.681937      2387.253296     138.410022      0.020089        17.247691      
850             104.073195      2389.342773     138.370099      0.020077        17.267768      
851             101.250022      2391.375671     138.326988      0.020078        17.287846      
852             109.765401      2393.579651     138.293854      0.020079        17.307925      
853             123.988777      2396.068726     138.277281      0.020075        17.328000      
854             130.058125      2398.679382     138.267771      0.020073        17.348073      
855             115.368638      2401.006714     138.241174      0.020173        17.368246      
856             104.859553      2403.113342     138.202606      0.020090        17.388336      
857             105.057875      2405.224060     138.164353      0.020091        17.408427      
858             99.663002       2407.225891     138.119981      0.020086        17.428513      
859             199.198242      2411.223999     138.190239      0.020071        17.448584      
860             250.789103      2416.254578     138.319535      0.020059        17.468643      
861             265.192687      2421.573547     138.465040      0.020057        17.488700      
862             197.426227      2425.533325     138.532583      0.020057        17.508757      
863             149.891583      2428.539551     138.545579      0.020056        17.528813      
864             114.050895      2430.828552     138.517566      0.020070        17.548883      
865             94.644623       2432.728638     138.467432      0.020076        17.568959      
866             117.036517      2435.077209     138.442982      0.020067        17.589026      
867             142.898974      2437.944763     138.448060      0.020067        17.609093      
868             139.550207      2440.745117     138.449314      0.020067        17.629160      
869             148.528513      2443.725342     138.460773      0.020065        17.649225      
870             141.201779      2446.558838     138.463886      0.020067        17.669292      
871             121.400901      2448.994019     138.444538      0.020059        17.689351      
872             103.711702      2451.074890     138.405187      0.020064        17.709415      
873             98.072779       2453.043701     138.359519      0.020075        17.729490      
874             95.935416       2454.968933     138.311553      0.020068        17.749558      
875             249.718354      2459.972290     138.437169      0.020036        17.769594      
876             229.493283      2464.576843     138.539866      0.020064        17.789658      
877             217.951857      2468.951355     138.629361      0.020071        17.809729      
878             130.199004      2471.563538     138.619875      0.020063        17.829792      
879             155.696965      2474.688843     138.639079      0.020073        17.849865      
880             123.450153      2477.167969     138.622010      0.020082        17.869947      
881             100.573023      2479.187073     138.579312      0.020076        17.890023      
882             155.479637      2482.309570     138.598262      0.020083        17.910106      
883             145.735146      2485.237244     138.606259      0.020089        17.930195      
884             145.886909      2488.167236     138.614405      0.020084        17.950279      
885             122.313396      2490.624146     138.596184      0.020087        17.970366      
886             101.712093      2492.667236     138.555001      0.020087        17.990453      
887             269.813226      2498.081848     138.701254      0.020068        18.010521      
888             116.162517      2500.432861     138.675955      0.020239        18.030760      
889             104.138102      2502.524475     138.637525      0.020085        18.050845      
890             122.523100      2504.985352     138.619615      0.020085        18.070930      
891             130.021509      2507.596313     138.610071      0.020081        18.091011      
892             143.562292      2510.481628     138.615566      0.020098        18.111109      
893             98.713844       2512.463013     138.571393      0.020072        18.131181      
894             82.250374       2514.114929     138.509075      0.020084        18.151265      
895             91.107995       2515.952942     138.456450      0.020174        18.171439      
896             115.276131      2518.267456     138.430866      0.020078        18.191517      
897             112.483997      2520.976746     138.396557      0.024086        18.215603      
898             106.062035      2523.112305     138.360855      0.020135        18.235738      
899             111.347715      2525.346497     138.331165      0.020065        18.255803      
900             125.614446      2527.866699     138.317205      0.020063        18.275866      
901             127.598495      2530.426453     138.305452      0.020061        18.295927      
902             105.911503      2532.915161     138.263901      0.023498        18.319425      
903             109.053610      2535.106812     138.231891      0.020097        18.339522      
904             104.373369      2537.202942     138.194855      0.020083        18.359605      
905             99.825444       2539.208435     138.152915      0.020090        18.379695      
906             242.166745      2544.068237     138.266359      0.020068        18.399763      
907             244.660941      2548.975891     138.382222      0.020059        18.419822      
908             269.609977      2554.383728     138.524965      0.020058        18.439880      
909             166.904084      2557.731323     138.555799      0.020057        18.459937      
910             142.074709      2560.582336     138.559620      0.020067        18.480004      
911             109.274090      2562.776123     138.527840      0.020076        18.500080      
912             96.994701       2564.723389     138.482818      0.020076        18.520156      
913             122.772810      2567.187439     138.465812      0.020070        18.540226      
914             143.728439      2570.071350     138.471501      0.020065        18.560291      
915             147.303165      2573.027283     138.481039      0.020067        18.580358      
916             143.476872      2575.906433     138.486429      0.020067        18.600425      
917             143.286441      2578.781189     138.491601      0.020063        18.620488      
918             126.592614      2581.451660     138.478136      0.021095        18.641583      
919             100.263353      2583.463745     138.437041      0.020068        18.661651      
920             96.812917       2585.406006     138.392342      0.020062        18.681713      
921             102.466849      2587.463745     138.353765      0.020082        18.701795      
922             247.790871      2592.435669     138.471053      0.020065        18.721860      
923             264.023151      2597.731445     138.605422      0.020058        18.741918      
924             208.198038      2601.907898     138.679829      0.020060        18.761978      
925             135.206616      2604.621765     138.676117      0.020072        18.782050      
926             108.846333      2606.807617     138.644257      0.020082        18.802132      
927             109.385945      2609.003540     138.613051      0.020075        18.822207      
928             121.948729      2611.452271     138.595292      0.020080        18.842287      
929             131.044998      2614.083130     138.587256      0.020076        18.862363      
930             146.839613      2617.029907     138.596026      0.020068        18.882431      
931             117.406426      2619.385315     138.573537      0.020062        18.902493      
932             111.164878      2621.616394     138.544466      0.020070        18.922563      
933             145.995094      2624.541260     138.552346      0.020034        18.942597      
934             255.250094      2629.662598     138.675822      0.020064        18.962661      
935             124.762191      2632.168945     138.661097      0.020089        18.982750      
936             108.824657      2634.354797     138.629560      0.020086        19.002836      
937             120.088296      2636.765930     138.609991      0.020078        19.022914      
938             124.720315      2639.270813     138.595342      0.020084        19.042998      
939             156.739374      2642.422058     138.614477      0.020105        19.063103      
940             83.575985       2644.116394     138.556008      0.020273        19.083376      
941             75.594419       2645.633423     138.489867      0.020068        19.103444      
942             95.345202       2647.842285     138.437608      0.023167        19.126611      
943             114.124548      2650.132080     138.412131      0.020064        19.146675      
944             110.741253      2652.353882     138.383166      0.020063        19.166738      
945             105.767297      2654.475891     138.349060      0.020063        19.186801      
946             118.037595      2656.844788     138.327837      0.020069        19.206870      
947             130.689688      2659.467468     138.319865      0.020068        19.226938      
948             125.182862      2661.981140     138.306159      0.020080        19.247018      
949             106.614719      2664.122070     138.273129      0.020081        19.267099      
950             107.221130      2666.274963     138.240802      0.020079        19.287178      
951             111.861812      2668.520813     138.213372      0.020077        19.307255      
952             98.609269       2670.502563     138.172191      0.020097        19.327352      
953             241.616970      2676.118225     138.296438      0.023242        19.350594      
954             254.935152      2681.234009     138.417270      0.020067        19.370661      
955             254.843905      2686.347961     138.537757      0.020067        19.390728      
956             159.740400      2689.552673     138.559671      0.020062        19.410790      
957             143.678315      2692.436584     138.564958      0.020072        19.430862      
958             106.315185      2694.570862     138.531674      0.020075        19.450937      
959             97.619766       2696.530579     138.489493      0.020075        19.471012      
960             129.947975      2699.138245     138.480699      0.020067        19.491079      
961             143.407683      2702.016724     138.485768      0.020072        19.511151      
962             148.810827      2705.003357     138.496378      0.020070        19.531221      
963             140.721464      2707.827637     138.498662      0.020070        19.551291      
964             137.968719      2710.595703     138.498118      0.020063        19.571354      
965             128.096260      2713.165955     138.487465      0.020065        19.591419      
966             96.382023       2715.100342     138.444375      0.020070        19.611489      
967             96.357694       2717.034241     138.401349      0.020070        19.631559      
968             112.886091      2719.295349     138.375342      0.020030        19.651589      
969             264.159134      2724.594910     138.503622      0.020062        19.671651      
970             262.463342      2729.859924     138.629900      0.020060        19.691711      
971             193.755592      2733.747437     138.686011      0.020064        19.711775      
972             121.593143      2736.189270     138.668614      0.020082        19.731857      
973             105.834195      2738.314209     138.635238      0.020078        19.751935      
974             119.147802      2740.705505     138.615457      0.020070        19.772005      
975             139.555846      2743.506531     138.616410      0.020071        19.792076      
976             140.591997      2746.327087     138.618411      0.020062        19.812138      
977             112.325127      2748.581116     138.591806      0.020067        19.832205      
978             158.584967      2751.763916     138.612019      0.020070        19.852275      
979             212.661959      2756.031616     138.686798      0.020068        19.872343      
980             112.003566      2758.282776     138.659838      0.020099        19.892442      
981             127.301747      2761.230957     138.646630      0.023159        19.915601      
982             153.103646      2764.311096     138.661219      0.020118        19.935719      
983             116.915064      2766.698853     138.638964      0.020423        19.956142      
984             137.622759      2769.466309     138.637941      0.020109        19.976251      
985             140.267224      2772.283997     138.639578      0.020088        19.996339      
986             130.504162      2774.902954     138.631421      0.020068        20.016407      
987             76.397560       2776.433044     138.569214      0.020028        20.036435      
988             77.689961       2777.991272     138.508333      0.020057        20.056492      
989             65.191596       2779.298950     138.435080      0.020059        20.076551      
