#timestep       power           acc-energy      avg-power       dt              acc-time       
1               10.822000       0.217966        10.822000       0.020141        0.020141       
2               10.822000       0.467175        10.822000       0.023028        0.043169       
3               10.822000       0.685790        10.822000       0.020201        0.063370       
4               10.822000       0.904167        10.822000       0.020179        0.083549       
5               10.822000       1.122555        10.822000       0.020180        0.103729       
6               10.822000       1.340911        10.822000       0.020177        0.123906       
7               10.822000       1.558974        10.822000       0.020150        0.144056       
8               10.822000       1.875106        10.822000       0.029212        0.173268       
9               10.822000       2.097369        10.822000       0.020538        0.193806       
10              10.822000       2.316676        10.822000       0.020265        0.214071       
11              10.822000       2.538527        10.822000       0.020500        0.234571       
12              10.822000       2.756234        10.822000       0.020117        0.254688       
13              10.822000       2.973907        10.822000       0.020114        0.274802       
14              10.822000       3.191581        10.822000       0.020114        0.294916       
15              10.822000       3.409363        10.822000       0.020124        0.315040       
16              10.822000       3.629526        10.822000       0.020344        0.335384       
17              10.822000       3.892738        10.822000       0.024322        0.359706       
18              10.822000       4.110434        10.822000       0.020116        0.379822       
19              10.822000       4.328692        10.822000       0.020168        0.399990       
20              10.822000       4.546928        10.822000       0.020166        0.420156       
21              10.822000       4.765143        10.822000       0.020164        0.440320       
22              10.822000       4.983250        10.822000       0.020154        0.460474       
23              10.822000       5.200858        10.822000       0.020108        0.480582       
24              10.822000       5.418954        10.822000       0.020153        0.500735       
25              10.822000       5.636790        10.822000       0.020129        0.520864       
26              10.822000       5.854648        10.822000       0.020131        0.540995       
27              10.822000       6.072343        10.822000       0.020116        0.561111       
28              10.822000       6.289984        10.822000       0.020111        0.581222       
29              10.822000       6.549204        10.822000       0.023953        0.605175       
30              10.822000       6.774615        10.822000       0.020829        0.626004       
31              10.822000       7.025372        10.822000       0.023171        0.649175       
32              10.822000       7.244268        10.822000       0.020227        0.669402       
33              10.822000       7.462711        10.822000       0.020185        0.689587       
34              10.822000       7.681358        10.822000       0.020204        0.709791       
35              10.822000       7.900017        10.822000       0.020205        0.729996       
36              10.822000       8.117604        10.822000       0.020106        0.750102       
37              10.822000       8.336046        10.822000       0.020185        0.770287       
38              10.822000       8.553947        10.822000       0.020135        0.790422       
39              10.822000       8.772789        10.822000       0.020222        0.810644       
40              10.822000       8.993883        10.822000       0.020430        0.831074       
41              10.822000       9.243903        10.822000       0.023103        0.854177       
42              10.822000       9.465387        10.822000       0.020466        0.874643       
43              10.822000       9.690257        10.822000       0.020779        0.895422       
44              10.822000       9.915030        10.822000       0.020770        0.916192       
45              10.822000       10.138039       10.822000       0.020607        0.936799       
46              10.822000       10.356676       10.822000       0.020203        0.957002       
47              10.822000       10.618200       10.822000       0.024166        0.981168       
48              10.822000       10.835960       10.822000       0.020122        1.001290       
49              10.916000       11.055558       10.823851       0.020117        1.021407       
50              10.916000       11.275133       10.825631       0.020115        1.041522       
51              10.916000       11.494665       10.827343       0.020111        1.061633       
52              10.916000       11.714240       10.828992       0.020115        1.081748       
53              10.916000       11.933750       10.830579       0.020109        1.101857       
54              10.916000       12.188234       10.832349       0.023313        1.125170       
55              10.916000       12.450273       10.834097       0.024005        1.149175       
56              10.916000       12.679553       10.835567       0.021004        1.170179       
57              10.916000       12.900416       10.836934       0.020233        1.190412       
58              10.916000       13.159726       10.838481       0.023755        1.214167       
59              10.916000       13.379126       10.839743       0.020099        1.234266       
60              10.916000       13.598505       10.840965       0.020097        1.254363       
61              10.916000       13.817819       10.842148       0.020091        1.274454       
62              10.916000       14.037197       10.843294       0.020097        1.294551       
63              10.916000       14.260375       10.844425       0.020445        1.314996       
64              10.916000       14.481773       10.845512       0.020282        1.335278       
65              10.916000       14.701687       10.846560       0.020146        1.355424       
66              10.916000       14.921688       10.847577       0.020154        1.375578       
67              10.916000       15.141678       10.848565       0.020153        1.395731       
68              10.916000       15.361647       10.849525       0.020151        1.415882       
69              10.916000       15.582586       10.850462       0.020240        1.436122       
70              10.916000       15.802991       10.851370       0.020191        1.456313       
71              10.916000       16.030699       10.852283       0.020860        1.477173       
72              10.916000       16.281745       10.853260       0.022998        1.500171       
73              10.916000       16.502609       10.854095       0.020233        1.520404       
74              10.916000       16.722424       10.854904       0.020137        1.540541       
75              10.916000       16.942371       10.855693       0.020149        1.560690       
76              10.916000       17.162263       10.856461       0.020144        1.580834       
77              10.916000       17.385855       10.857223       0.020483        1.601317       
78              10.916000       17.609262       10.857964       0.020466        1.621783       
79              10.916000       17.831708       10.858685       0.020378        1.642161       
80              10.916000       18.056469       10.859394       0.020590        1.662751       
81              10.916000       18.280279       10.860084       0.020503        1.683254       
82              10.916000       18.530092       10.860834       0.022885        1.706139       
83              10.916000       18.752462       10.861485       0.020371        1.726510       
84              10.916000       18.973675       10.862117       0.020265        1.746775       
85              10.916000       19.193425       10.862731       0.020131        1.766906       
86              10.916000       19.458411       10.863453       0.024275        1.791181       
87              10.916000       19.679809       10.864041       0.020282        1.811463       
88              10.916000       19.900672       10.864615       0.020233        1.831696       
89              10.916000       20.121427       10.865176       0.020223        1.851919       
90              10.916000       20.342727       10.865727       0.020273        1.872192       
91              10.916000       20.565500       10.866269       0.020408        1.892600       
92              10.916000       20.786888       10.866796       0.020281        1.912881       
93              10.916000       21.007271       10.867310       0.020189        1.933070       
94              10.916000       21.248493       10.867860       0.022098        1.955168       
95              10.916000       21.468090       10.868351       0.020117        1.975285       
96              10.916000       21.687556       10.868831       0.020105        1.995390       
97              10.932000       21.907256       10.869461       0.020097        2.015487       
98              10.932000       22.127022       10.870078       0.020103        2.035590       
99              10.932000       22.346767       10.870684       0.020101        2.055691       
100             10.932000       22.566379       10.871277       0.020089        2.075780       
101             10.932000       22.786178       10.871860       0.020106        2.095886       
102             10.932000       23.019872       10.872467       0.021377        2.117263       
103             10.932000       23.240993       10.873030       0.020227        2.137490       
104             10.932000       23.500005       10.873677       0.023693        2.161183       
105             10.932000       23.722045       10.874220       0.020311        2.181494       
106             10.932000       23.941822       10.874747       0.020104        2.201598       
107             10.932000       24.161555       10.875265       0.020100        2.221698       
108             10.932000       24.381277       10.875774       0.020099        2.241797       
109             10.932000       24.600967       10.876273       0.020096        2.261893       
110             10.932000       24.832397       10.876790       0.021170        2.283063       
111             10.932000       25.054404       10.877277       0.020308        2.303371       
112             10.932000       25.276225       10.877755       0.020291        2.323662       
113             10.932000       25.496800       10.878222       0.020177        2.343839       
114             10.932000       25.717222       10.878680       0.020163        2.364002       
115             10.932000       25.937590       10.879131       0.020158        2.384160       
116             10.932000       26.160591       10.879580       0.020399        2.404559       
117             10.932000       26.380642       10.880015       0.020129        2.424688       
118             10.932000       26.637413       10.880514       0.023488        2.448176       
119             10.932000       26.858217       10.880935       0.020198        2.468374       
120             10.932000       27.078060       10.881348       0.020110        2.488484       
121             10.932000       27.298164       10.881754       0.020134        2.508618       
122             10.932000       27.517930       10.882154       0.020103        2.528721       
123             10.932000       27.737762       10.882547       0.020109        2.548830       
124             10.932000       27.959157       10.882937       0.020252        2.569082       
125             10.932000       28.222509       10.883393       0.024090        2.593172       
126             10.932000       28.443248       10.883768       0.020192        2.613364       
127             10.932000       28.664019       10.884138       0.020195        2.633559       
128             10.932000       28.884857       10.884502       0.020201        2.653760       
129             10.932000       29.105366       10.884861       0.020171        2.673931       
130             10.932000       29.326236       10.885214       0.020204        2.694135       
131             10.932000       29.547434       10.885563       0.020234        2.714369       
132             10.932000       29.767725       10.885905       0.020151        2.734520       
133             10.932000       29.988191       10.886243       0.020167        2.754687       
134             10.932000       30.208252       10.886574       0.020130        2.774817       
135             10.932000       30.430128       10.886904       0.020296        2.795113       
136             10.932000       30.651698       10.887229       0.020268        2.815381       
137             10.932000       30.871671       10.887547       0.020122        2.835503       
138             10.932000       31.092213       10.887861       0.020174        2.855677       
139             10.932000       31.314100       10.888172       0.020297        2.875974       
140             10.932000       31.535528       10.888479       0.020255        2.896229       
141             10.932000       31.755677       10.888779       0.020138        2.916367       
142             10.932000       31.998837       10.889106       0.022243        2.938610       
143             10.932000       32.218975       10.889398       0.020137        2.958747       
144             10.932000       32.439036       10.889686       0.020130        2.978877       
145             10.932000       32.658900       10.889970       0.020112        2.998989       
146             10.918000       32.878352       10.890157       0.020100        3.019089       
147             10.918000       33.097553       10.890341       0.020077        3.039166       
148             10.918000       33.317005       10.890522       0.020100        3.059266       
149             10.918000       33.578054       10.890735       0.023910        3.083176       
150             10.918000       33.856070       10.890959       0.025464        3.108640       
151             10.918000       34.084900       10.891140       0.020959        3.129599       
152             10.918000       34.334868       10.891335       0.022895        3.152494       
153             10.918000       34.554363       10.891504       0.020104        3.172598       
154             10.918000       34.773848       10.891671       0.020103        3.192701       
155             10.918000       34.993300       10.891835       0.020100        3.212801       
156             10.918000       35.212828       10.891998       0.020107        3.232908       
157             10.918000       35.432280       10.892159       0.020100        3.253008       
158             10.918000       35.653184       10.892319       0.020233        3.273241       
159             10.918000       35.874732       10.892477       0.020292        3.293533       
160             10.918000       36.096138       10.892633       0.020279        3.313812       
161             10.918000       36.329324       10.892795       0.021358        3.335170       
162             10.918000       36.549202       10.892947       0.020139        3.355309       
163             10.918000       36.769112       10.893096       0.020142        3.375451       
164             10.918000       36.989034       10.893244       0.020143        3.395594       
165             10.918000       37.208420       10.893390       0.020094        3.415688       
166             10.918000       37.428210       10.893534       0.020131        3.435819       
167             10.918000       37.647837       10.893676       0.020116        3.455935       
168             10.918000       37.868751       10.893818       0.020234        3.476169       
169             10.918000       38.088192       10.893957       0.020099        3.496268       
170             10.918000       38.307732       10.894094       0.020108        3.516376       
171             10.918000       38.530197       10.894232       0.020376        3.536752       
172             10.918000       38.751232       10.894367       0.020245        3.556997       
173             10.918000       38.982409       10.894507       0.021174        3.578171       
174             10.918000       39.202942       10.894639       0.020199        3.598370       
175             10.918000       39.423453       10.894769       0.020197        3.618567       
176             10.918000       39.659347       10.894907       0.021606        3.640173       
177             10.918000       39.879803       10.895035       0.020192        3.660365       
178             10.918000       40.100085       10.895161       0.020176        3.680541       
179             10.918000       40.320126       10.895285       0.020154        3.700695       
180             10.918000       40.540135       10.895408       0.020151        3.720846       
181             10.918000       40.762895       10.895531       0.020403        3.741249       
182             10.918000       40.984192       10.895652       0.020269        3.761518       
183             10.918000       41.205118       10.895772       0.020235        3.781753       
184             10.918000       41.439025       10.895897       0.021424        3.803177       
185             10.918000       41.659820       10.896014       0.020223        3.823400       
186             10.918000       41.882328       10.896130       0.020380        3.843780       
187             10.918000       42.103767       10.896245       0.020282        3.864062       
188             10.918000       42.323361       10.896358       0.020113        3.884175       
189             10.918000       42.563557       10.896480       0.022000        3.906175       
190             10.918000       42.785007       10.896591       0.020283        3.926458       
191             10.918000       43.005518       10.896701       0.020197        3.946655       
192             10.918000       43.226116       10.896809       0.020205        3.966860       
193             10.918000       43.446725       10.896916       0.020206        3.987066       
194             10.929000       43.667381       10.897078       0.020190        4.007256       
195             10.929000       43.887787       10.897238       0.020167        4.027423       
196             10.929000       44.108235       10.897396       0.020171        4.047594       
197             10.929000       44.399690       10.897603       0.026668        4.074262       
198             10.929000       44.621592       10.897759       0.020304        4.094566       
199             10.929000       44.847877       10.897916       0.020705        4.115271       
200             10.929000       45.098130       10.898088       0.022898        4.138169       
201             10.929000       45.318032       10.898238       0.020121        4.158290       
202             10.929000       45.537880       10.898386       0.020116        4.178406       
203             10.929000       45.757640       10.898532       0.020108        4.198514       
204             10.927000       45.977459       10.898668       0.020117        4.218631       
205             10.927000       46.202129       10.898805       0.020561        4.239192       
206             10.927000       46.426722       10.898941       0.020554        4.259746       
207             10.927000       46.671738       10.899088       0.022423        4.282169       
208             10.929000       46.892537       10.899229       0.020203        4.302372       
209             10.929000       47.113193       10.899368       0.020190        4.322562       
210             10.929000       47.333784       10.899506       0.020184        4.342746       
211             10.929000       47.554321       10.899642       0.020179        4.362925       
212             10.929000       47.774179       10.899777       0.020117        4.383042       
213             10.927000       47.994118       10.899901       0.020128        4.403170       
214             10.927000       48.218253       10.900027       0.020512        4.423682       
215             10.927000       48.438148       10.900149       0.020124        4.443806       
216             10.927000       48.657879       10.900270       0.020109        4.463915       
217             10.927000       48.877719       10.900390       0.020119        4.484034       
218             10.918000       49.097345       10.900469       0.020116        4.504150       
219             10.918000       49.319308       10.900547       0.020330        4.524480       
220             10.918000       49.540267       10.900625       0.020238        4.544718       
221             10.918000       49.761640       10.900702       0.020276        4.564994       
222             10.918000       50.004053       10.900786       0.022203        4.587197       
223             10.914000       50.227157       10.900845       0.020442        4.607639       
224             10.914000       50.448929       10.900902       0.020320        4.627959       
225             10.914000       50.669512       10.900959       0.020211        4.648170       
226             10.914000       50.889233       10.901016       0.020132        4.668302       
227             10.914000       51.109630       10.901071       0.020194        4.688496       
228             10.918000       51.329224       10.901144       0.020113        4.708609       
229             10.918000       51.549068       10.901216       0.020136        4.728745       
230             10.918000       51.770758       10.901287       0.020305        4.749050       
231             10.918000       52.049419       10.901377       0.025523        4.774573       
232             10.918000       52.296165       10.901455       0.022600        4.797173       
233             10.914000       52.516344       10.901507       0.020174        4.817347       
234             10.914000       52.738182       10.901560       0.020326        4.837673       
235             10.914000       52.957412       10.901611       0.020087        4.857760       
236             10.914000       53.176303       10.901662       0.020056        4.877816       
237             10.914000       53.431145       10.901721       0.023350        4.901166       
238             10.906000       53.650475       10.901739       0.020111        4.921277       
239             10.906000       53.869686       10.901756       0.020100        4.941377       
240             10.906000       54.088908       10.901773       0.020101        4.961478       
241             10.906000       54.308304       10.901790       0.020117        4.981595       
242             10.906000       54.527558       10.901807       0.020104        5.001699       
243             10.909000       54.746752       10.901836       0.020093        5.021792       
244             10.909000       55.039583       10.901874       0.026843        5.048635       
245             10.909000       55.259683       10.901902       0.020176        5.068811       
246             10.909000       55.480044       10.901931       0.020200        5.089011       
247             10.905000       55.701427       10.901943       0.020301        5.109312       
248             10.905000       55.920672       10.901955       0.020105        5.129417       
249             10.905000       56.139851       10.901967       0.020099        5.149516       
250             10.905000       56.359009       10.901978       0.020097        5.169613       
251             10.905000       56.578211       10.901990       0.020101        5.189714       
252             10.905000       56.816507       10.902003       0.021852        5.211566       
253             10.905000       57.038020       10.902014       0.020313        5.231879       
254             10.905000       57.281125       10.902027       0.022293        5.254172       
255             10.905000       57.503009       10.902038       0.020347        5.274519       
256             10.905000       57.724850       10.902050       0.020343        5.294862       
257             10.905000       57.948184       10.902061       0.020480        5.315342       
258             10.905000       58.169883       10.902072       0.020330        5.335672       
259             10.905000       58.390011       10.902083       0.020186        5.355858       
260             10.905000       58.655242       10.902097       0.024322        5.380180       
261             10.905000       58.877519       10.902108       0.020383        5.400563       
262             10.905000       59.100265       10.902119       0.020426        5.420989       
263             10.905000       59.320349       10.902129       0.020182        5.441171       
264             10.905000       59.540543       10.902140       0.020192        5.461363       
265             10.905000       59.760235       10.902150       0.020146        5.481509       
266             10.905000       59.985434       10.902161       0.020651        5.502160       
267             10.905000       60.212160       10.902172       0.020791        5.522951       
268             10.905000       60.436400       10.902182       0.020563        5.543514       
269             10.905000       60.694445       10.902194       0.023663        5.567177       
270             10.905000       60.917114       10.902204       0.020419        5.587596       
271             10.905000       61.139543       10.902215       0.020397        5.607993       
272             10.905000       61.359748       10.902225       0.020193        5.628186       
273             10.905000       61.582581       10.902235       0.020434        5.648620       
274             10.905000       61.806079       10.902245       0.020495        5.669115       
275             10.905000       62.026283       10.902254       0.020193        5.689308       
276             10.905000       62.249934       10.902264       0.020509        5.709817       
277             10.905000       62.473639       10.902274       0.020514        5.730331       
278             10.905000       62.711815       10.902284       0.021841        5.752172       
279             10.905000       62.932009       10.902294       0.020192        5.772364       
280             10.905000       63.152323       10.902303       0.020203        5.792567       
281             10.905000       63.375962       10.902313       0.020508        5.813075       
282             10.905000       63.595382       10.902322       0.020121        5.833196       
283             10.905000       63.815423       10.902331       0.020178        5.853374       
284             10.905000       64.064002       10.902342       0.022795        5.876169       
285             10.905000       64.283389       10.902351       0.020118        5.896287       
286             10.905000       64.503027       10.902360       0.020141        5.916428       
287             10.905000       64.723046       10.902369       0.020176        5.936604       
288             10.905000       64.942989       10.902378       0.020169        5.956773       
289             10.905000       65.187228       10.902388       0.022397        5.979170       
290             10.905000       65.415710       10.902397       0.020952        6.000122       
291             10.905000       65.688902       10.902407       0.025052        6.025174       
292             10.905000       65.917972       10.902416       0.021006        6.046180       
293             10.905000       66.143673       10.902425       0.020697        6.066877       
294             10.905000       66.408577       10.902436       0.024292        6.091169       
295             10.862000       66.627273       10.902302       0.020134        6.111303       
296             10.862000       66.845762       10.902170       0.020115        6.131418       
297             10.862000       67.064197       10.902039       0.020110        6.151528       
298             10.862000       67.282697       10.901908       0.020116        6.171644       
299             10.862000       67.509104       10.901774       0.020844        6.192488       
300             10.862000       67.731786       10.901643       0.020501        6.212989       
301             10.862000       67.952459       10.901514       0.020316        6.233305       
302             10.862000       68.190000       10.901375       0.021869        6.255174       
303             10.862000       68.410303       10.901248       0.020282        6.275456       
304             10.862000       68.630693       10.901122       0.020290        6.295746       
305             10.862000       68.850887       10.900996       0.020272        6.316018       
306             10.862000       69.069843       10.900872       0.020158        6.336176       
307             10.862000       69.290364       10.900748       0.020302        6.356478       
308             10.862000       69.511340       10.900624       0.020344        6.376822       
309             10.862000       69.754128       10.900489       0.022352        6.399174       
310             10.862000       69.973518       10.900368       0.020198        6.419372       
311             10.862000       70.192301       10.900248       0.020142        6.439514       
312             10.862000       70.411138       10.900129       0.020147        6.459661       
313             10.862000       70.633928       10.900008       0.020511        6.480172       
314             10.862000       70.883819       10.899874       0.023006        6.503178       
315             10.862000       71.105176       10.899755       0.020379        6.523557       
316             10.862000       71.326131       10.899638       0.020342        6.543899       
317             10.862000       71.548487       10.899521       0.020471        6.564370       
318             10.862000       71.769528       10.899405       0.020350        6.584720       
319             10.862000       72.024383       10.899272       0.023463        6.608183       
320             10.862000       72.245838       10.899157       0.020388        6.628571       
321             10.862000       72.465544       10.899044       0.020227        6.648798       
322             10.862000       72.689800       10.898930       0.020646        6.669444       
323             10.862000       73.073892       10.898735       0.035361        6.704805       
324             10.862000       73.294434       10.898624       0.020304        6.725109       
325             10.862000       73.556034       10.898493       0.024084        6.749193       
326             10.862000       73.778043       10.898383       0.020439        6.769632       
327             10.862000       74.008599       10.898269       0.021226        6.790858       
328             10.862000       74.227371       10.898162       0.020141        6.810999       
329             10.862000       74.445523       10.898056       0.020084        6.831083       
330             10.862000       74.685443       10.897940       0.022088        6.853171       
331             10.862000       74.904052       10.897834       0.020126        6.873297       
332             10.862000       75.122454       10.897730       0.020107        6.893404       
333             10.862000       75.340921       10.897626       0.020113        6.913517       
334             10.862000       75.559356       10.897522       0.020110        6.933627       
335             10.862000       75.777889       10.897420       0.020119        6.953746       
336             10.862000       75.996324       10.897318       0.020110        6.973856       
337             10.862000       76.218560       10.897214       0.020460        6.994316       
338             10.862000       76.473719       10.897096       0.023491        7.017807       
339             10.862000       76.719353       10.896984       0.022614        7.040421       
340             10.862000       76.940025       10.896883       0.020316        7.060737       
341             10.862000       77.183660       10.896773       0.022430        7.083167       
342             10.848000       77.402247       10.896634       0.020150        7.103317       
343             10.848000       77.621518       10.896496       0.020213        7.123530       
344             10.848000       77.867095       10.896343       0.022638        7.146168       
345             10.848000       78.085378       10.896207       0.020122        7.166290       
346             10.848000       78.307491       10.896069       0.020475        7.186765       
347             10.848000       78.529918       10.895933       0.020504        7.207269       
348             10.848000       78.750013       10.895798       0.020289        7.227558       
349             10.848000       78.970228       10.895664       0.020300        7.247858       
350             10.848000       79.190420       10.895531       0.020298        7.268156       
351             10.848000       79.410537       10.895399       0.020291        7.288447       
352             10.848000       79.630632       10.895267       0.020289        7.308736       
353             10.848000       79.849447       10.895137       0.020171        7.328907       
354             10.848000       80.101848       10.894988       0.023267        7.352174       
355             10.848000       80.322409       10.894858       0.020332        7.372506       
356             10.848000       80.542808       10.894730       0.020317        7.392823       
357             10.848000       80.761742       10.894602       0.020182        7.413005       
358             10.848000       80.980069       10.894476       0.020126        7.433131       
359             10.848000       81.198385       10.894351       0.020125        7.453256       
360             10.848000       81.420650       10.894224       0.020489        7.473745       
361             10.848000       81.642481       10.894098       0.020449        7.494194       
362             10.848000       81.863823       10.893972       0.020404        7.514598       
363             10.848000       82.084027       10.893849       0.020299        7.534897       
364             10.848000       82.304773       10.893725       0.020349        7.555246       
365             10.848000       82.525269       10.893602       0.020326        7.575572       
366             10.848000       82.781390       10.893461       0.023610        7.599182       
367             10.848000       83.003492       10.893339       0.020474        7.619656       
368             10.848000       83.225735       10.893217       0.020487        7.640143       
369             10.848000       83.445017       10.893098       0.020214        7.660357       
370             10.848000       83.668920       10.892976       0.020640        7.680997       
371             10.848000       83.892095       10.892856       0.020573        7.701570       
372             10.848000       84.113655       10.892738       0.020424        7.721994       
373             10.848000       84.335399       10.892620       0.020441        7.742435       
374             10.848000       84.558260       10.892501       0.020544        7.762979       
375             10.848000       84.780796       10.892384       0.020514        7.783493       
376             10.848000       84.999090       10.892270       0.020123        7.803616       
377             10.848000       85.217493       10.892156       0.020133        7.823749       
378             10.848000       85.461183       10.892029       0.022464        7.846213       
379             10.848000       85.699351       10.891907       0.021955        7.868168       
380             10.848000       85.917569       10.891795       0.020116        7.888284       
381             10.848000       86.135863       10.891683       0.020123        7.908407       
382             10.848000       86.354060       10.891572       0.020114        7.928521       
383             10.848000       86.572061       10.891462       0.020096        7.948617       
384             10.848000       86.790139       10.891353       0.020103        7.968720       
385             10.848000       87.163906       10.891166       0.034455        8.003175       
386             10.848000       87.383405       10.891057       0.020234        8.023409       
387             10.848000       87.603598       10.890948       0.020298        8.043707       
388             10.848000       87.821718       10.890841       0.020107        8.063814       
389             10.848000       88.039807       10.890735       0.020104        8.083918       
390             10.892000       88.258790       10.890738       0.020105        8.104023       
391             10.892000       88.477643       10.890741       0.020093        8.124116       
392             10.892000       88.696202       10.890744       0.020066        8.144182       
393             10.892000       88.922211       10.890747       0.020750        8.164932       
394             10.892000       89.142665       10.890750       0.020240        8.185172       
395             10.892000       89.362281       10.890753       0.020163        8.205335       
396             10.892000       89.581863       10.890757       0.020160        8.225495       
397             10.892000       89.801435       10.890760       0.020159        8.245654       
398             10.892000       90.020931       10.890763       0.020152        8.265806       
399             10.892000       90.240437       10.890766       0.020153        8.285959       
400             10.892000       90.459399       10.890769       0.020103        8.306062       
401             10.892000       90.678415       10.890772       0.020108        8.326170       
402             10.892000       90.897432       10.890775       0.020108        8.346278       
403             10.892000       91.117635       10.890777       0.020217        8.366495       
404             10.892000       91.336554       10.890780       0.020099        8.386594       
405             10.892000       91.555472       10.890783       0.020099        8.406693       
406             10.892000       91.774510       10.890786       0.020110        8.426803       
407             10.892000       91.995541       10.890789       0.020293        8.447096       
408             10.892000       92.225134       10.890792       0.021079        8.468175       
409             10.892000       92.446078       10.890795       0.020285        8.488460       
410             10.892000       92.666129       10.890798       0.020203        8.508663       
411             10.892000       92.886354       10.890801       0.020219        8.528882       
412             10.892000       93.106220       10.890804       0.020186        8.549068       
413             10.892000       93.328384       10.890806       0.020397        8.569465       
414             10.892000       93.550919       10.890809       0.020431        8.589896       
415             10.892000       93.775991       10.890812       0.020664        8.610560       
416             10.892000       94.033293       10.890815       0.023623        8.634183       
417             10.892000       94.258539       10.890818       0.020680        8.654863       
418             10.892000       94.501594       10.890821       0.022315        8.677178       
419             10.892000       94.723813       10.890824       0.020402        8.697580       
420             10.892000       94.946260       10.890827       0.020423        8.718003       
421             10.892000       95.171855       10.890830       0.020712        8.738715       
422             10.892000       95.394640       10.890832       0.020454        8.759169       
423             10.892000       95.613809       10.890835       0.020122        8.779291       
424             10.892000       95.837237       10.890838       0.020513        8.799804       
425             10.892000       96.091086       10.890841       0.023306        8.823110       
426             10.892000       96.342223       10.890844       0.023057        8.846167       
427             10.892000       96.563254       10.890846       0.020293        8.866460       
428             10.892000       96.782183       10.890849       0.020100        8.886560       
429             10.892000       97.001178       10.890852       0.020106        8.906666       
430             10.892000       97.220009       10.890854       0.020091        8.926757       
431             10.892000       97.438905       10.890857       0.020097        8.946854       
432             10.892000       97.684280       10.890860       0.022528        8.969382       
433             10.892000       97.932553       10.890863       0.022794        8.992176       
434             10.892000       98.152168       10.890865       0.020163        9.012339       
435             10.892000       98.372916       10.890868       0.020267        9.032606       
436             10.892000       98.591813       10.890870       0.020097        9.052703       
437             10.892000       98.810666       10.890873       0.020093        9.072796       
438             10.892000       99.029519       10.890875       0.020093        9.092889       
439             10.940000       99.249314       10.890983       0.020091        9.112980       
440             10.940000       99.475728       10.891095       0.020696        9.133676       
441             10.940000       99.697734       10.891203       0.020293        9.153969       
442             10.940000       99.918755       10.891310       0.020203        9.174172       
443             10.940000       100.139261      10.891417       0.020156        9.194328       
444             10.940000       100.359768      10.891523       0.020156        9.214484       
445             10.940000       100.580253      10.891629       0.020154        9.234638       
446             10.940000       100.800716      10.891735       0.020152        9.254790       
447             10.940000       101.020566      10.891839       0.020096        9.274886       
448             10.940000       101.240547      10.891943       0.020108        9.294994       
449             10.940000       101.460463      10.892047       0.020102        9.315096       
450             10.940000       101.680117      10.892150       0.020078        9.335174       
451             10.940000       101.900262      10.892253       0.020123        9.355297       
452             10.940000       102.120112      10.892355       0.020096        9.375393       
453             10.940000       102.369380      10.892471       0.022785        9.398178       
454             10.940000       102.592906      10.892574       0.020432        9.418610       
455             10.940000       102.817756      10.892677       0.020553        9.439163       
456             10.940000       103.045735      10.892782       0.020839        9.460002       
457             10.940000       103.266384      10.892882       0.020169        9.480171       
458             10.940000       103.517971      10.892996       0.022997        9.503168       
459             10.940000       103.738489      10.893095       0.020157        9.523325       
460             10.940000       103.958612      10.893194       0.020121        9.543446       
461             10.940000       104.178681      10.893293       0.020116        9.563562       
462             10.940000       104.398597      10.893391       0.020102        9.583664       
463             10.940000       104.618655      10.893488       0.020115        9.603779       
464             10.940000       104.840518      10.893586       0.020280        9.624059       
465             10.940000       105.061397      10.893684       0.020190        9.644249       
466             10.940000       105.282287      10.893780       0.020191        9.664440       
467             10.940000       105.504226      10.893877       0.020287        9.684727       
468             10.940000       105.724733      10.893973       0.020156        9.704883       
469             10.940000       105.946815      10.894069       0.020300        9.725183       
470             10.940000       106.170341      10.894165       0.020432        9.745615       
471             10.940000       106.390377      10.894260       0.020113        9.765728       
472             10.940000       106.635893      10.894365       0.022442        9.788170       
473             10.940000       106.856060      10.894458       0.020125        9.808295       
474             10.940000       107.076097      10.894551       0.020113        9.828408       
475             10.940000       107.296045      10.894644       0.020105        9.848513       
476             10.940000       107.516038      10.894737       0.020109        9.868622       
477             10.940000       107.736380      10.894829       0.020141        9.888763       
478             10.940000       107.956537      10.894921       0.020124        9.908887       
479             10.940000       108.176475      10.895012       0.020104        9.928991       
480             10.940000       108.441015      10.895121       0.024181        9.953172       
481             10.940000       108.665164      10.895213       0.020489        9.973661       
482             10.940000       108.893570      10.895307       0.020878        9.994539       
483             10.940000       109.113529      10.895397       0.020106        10.014645      
484             10.940000       109.333423      10.895486       0.020100        10.034745      
485             10.940000       109.553317      10.895575       0.020100        10.054845      
486             10.940000       109.797520      10.895673       0.022322        10.077167      
487             10.940000       110.019208      10.895762       0.020264        10.097431      
488             10.951000       110.244175      10.895874       0.020543        10.117974      
489             10.951000       110.466370      10.895985       0.020290        10.138264      
490             10.951000       110.687570      10.896094       0.020199        10.158463      
491             10.951000       110.908451      10.896203       0.020170        10.178633      
492             10.951000       111.129300      10.896311       0.020167        10.198800      
493             10.951000       111.350226      10.896419       0.020174        10.218974      
494             10.951000       111.571020      10.896527       0.020162        10.239136      
495             10.951000       111.791288      10.896634       0.020114        10.259250      
496             10.951000       112.011918      10.896740       0.020147        10.279397      
497             10.951000       112.232285      10.896846       0.020123        10.299520      
498             10.951000       112.452564      10.896952       0.020115        10.319635      
499             10.951000       112.672942      10.897057       0.020124        10.339759      
500             10.951000       112.893112      10.897162       0.020105        10.359864      
501             10.951000       113.113435      10.897266       0.020119        10.379983      
502             10.951000       113.335948      10.897371       0.020319        10.400302      
503             10.951000       113.597360      10.897494       0.023871        10.424173      
504             10.951000       113.818701      10.897597       0.020212        10.444385      
505             10.951000       114.040317      10.897701       0.020237        10.464622      
506             10.951000       114.263334      10.897804       0.020365        10.484987      
507             10.951000       114.486778      10.897907       0.020404        10.505391      
508             10.951000       114.708021      10.898009       0.020203        10.525594      
509             10.951000       114.928859      10.898111       0.020166        10.545760      
510             10.951000       115.150080      10.898212       0.020201        10.565961      
511             10.951000       115.370513      10.898312       0.020129        10.586090      
512             10.951000       115.590584      10.898412       0.020096        10.606186      
513             10.951000       115.815036      10.898513       0.020496        10.626682      
514             10.951000       116.036783      10.898613       0.020249        10.646931      
515             10.951000       116.257621      10.898712       0.020166        10.667097      
516             10.951000       116.479104      10.898811       0.020225        10.687322      
517             10.951000       116.702702      10.898911       0.020418        10.707740      
518             10.951000       116.923365      10.899009       0.020150        10.727890      
519             10.951000       117.143732      10.899106       0.020123        10.748013      
520             10.951000       117.364011      10.899203       0.020115        10.768128      
521             10.951000       117.605371      10.899309       0.022040        10.790168      
522             10.951000       117.825618      10.899405       0.020112        10.810280      
523             10.951000       118.045831      10.899501       0.020109        10.830389      
524             10.951000       118.266001      10.899596       0.020105        10.850494      
525             10.951000       118.486259      10.899691       0.020113        10.870607      
526             10.951000       118.706406      10.899786       0.020103        10.890710      
527             10.951000       118.934143      10.899883       0.020796        10.911506      
528             10.951000       119.204338      10.899999       0.024673        10.936179      
529             10.951000       119.427048      10.900093       0.020337        10.956516      
530             10.951000       119.647733      10.900187       0.020152        10.976668      
531             10.951000       119.867891      10.900280       0.020104        10.996772      
532             10.951000       120.088050      10.900372       0.020104        11.016876      
533             10.930000       120.307711      10.900426       0.020097        11.036973      
534             10.930000       120.527360      10.900480       0.020096        11.057069      
535             10.930000       120.749403      10.900534       0.020315        11.077384      
536             10.927000       121.004035      10.900590       0.023303        11.100687      
537             10.927000       121.249695      10.900643       0.022482        11.123169      
538             10.927000       121.469667      10.900691       0.020131        11.143300      
539             10.927000       121.689595      10.900738       0.020127        11.163427      
540             10.927000       121.909686      10.900785       0.020142        11.183569      
541             10.898000       122.129128      10.900780       0.020136        11.203705      
542             10.898000       122.348571      10.900775       0.020136        11.223841      
543             10.898000       122.567566      10.900770       0.020095        11.243936      
544             10.898000       122.786812      10.900766       0.020118        11.264054      
545             10.898000       123.006134      10.900761       0.020125        11.284179      
546             10.897000       123.225905      10.900754       0.020168        11.304347      
547             10.897000       123.444902      10.900747       0.020097        11.324444      
548             10.897000       123.663942      10.900741       0.020101        11.344545      
549             10.897000       123.883059      10.900734       0.020108        11.364653      
550             10.897000       124.103702      10.900727       0.020248        11.384901      
551             10.896000       124.323790      10.900719       0.020199        11.405100      
552             10.896000       124.544031      10.900711       0.020213        11.425313      
553             10.896000       124.764108      10.900702       0.020198        11.445511      
554             10.896000       124.983968      10.900694       0.020178        11.465689      
555             10.896000       125.272505      10.900683       0.026481        11.492170      
556             10.896000       125.492037      10.900675       0.020148        11.512318      
557             10.896000       125.712017      10.900667       0.020189        11.532507      
558             10.896000       125.948286      10.900658       0.021684        11.554191      
559             10.896000       126.167992      10.900650       0.020164        11.574355      
560             10.896000       126.388909      10.900642       0.020275        11.594630      
561             10.892000       126.609929      10.900627       0.020292        11.614922      
562             10.892000       126.863245      10.900610       0.023257        11.638179      
563             10.892000       127.083884      10.900595       0.020257        11.658436      
564             10.892000       127.306004      10.900580       0.020393        11.678829      
565             10.892000       127.526513      10.900565       0.020245        11.699074      
566             10.882000       127.745165      10.900533       0.020093        11.719167      
567             10.882000       127.995462      10.900497       0.023001        11.742168      
568             10.882000       128.214299      10.900465       0.020110        11.762278      
569             10.882000       128.432994      10.900433       0.020097        11.782375      
570             10.872000       128.651467      10.900385       0.020095        11.802470      
571             10.872000       128.869994      10.900337       0.020100        11.822570      
572             10.872000       129.088500      10.900289       0.020098        11.842668      
573             10.872000       129.306864      10.900241       0.020085        11.862753      
574             10.872000       129.525489      10.900193       0.020109        11.882862      
575             10.873000       129.830151      10.900129       0.028020        11.910882      
576             10.873000       130.056244      10.900082       0.020794        11.931676      
577             10.873000       130.280423      10.900035       0.020618        11.952294      
578             10.873000       130.500906      10.899989       0.020278        11.972572      
579             10.873000       130.719442      10.899944       0.020099        11.992671      
580             10.877000       130.937678      10.899906       0.020064        12.012735      
581             10.877000       131.170794      10.899865       0.021432        12.034167      
582             10.877000       131.389466      10.899827       0.020104        12.054271      
583             10.877000       131.609181      10.899789       0.020200        12.074471      
584             10.877000       131.832420      10.899750       0.020524        12.094995      
585             10.860000       132.050804      10.899684       0.020109        12.115104      
586             10.860000       132.269720      10.899618       0.020158        12.135262      
587             10.860000       132.488462      10.899552       0.020142        12.155404      
588             10.860000       132.707346      10.899487       0.020155        12.175559      
589             10.860000       132.926088      10.899422       0.020142        12.195701      
590             10.875000       133.145621      10.899381       0.020187        12.215888      
591             10.875000       133.388025      10.899337       0.022290        12.238178      
592             10.875000       133.608429      10.899297       0.020267        12.258445      
593             10.875000       133.828321      10.899257       0.020220        12.278665      
594             10.875000       134.048660      10.899217       0.020261        12.298926      
595             10.871000       134.267514      10.899171       0.020132        12.319058      
596             10.871000       134.487065      10.899124       0.020196        12.339254      
597             10.871000       134.736239      10.899072       0.022921        12.362175      
598             10.871000       134.958932      10.899026       0.020485        12.382660      
599             10.871000       135.180026      10.898980       0.020338        12.402998      
600             10.871000       135.400360      10.898934       0.020268        12.423266      
601             10.871000       135.624194      10.898888       0.020590        12.443856      
602             10.871000       135.847538      10.898842       0.020545        12.464401      
603             10.871000       136.069611      10.898797       0.020428        12.484829      
604             10.871000       136.289901      10.898751       0.020264        12.505093      
605             10.871000       136.540771      10.898700       0.023077        12.528170      
606             10.871000       136.760213      10.898656       0.020186        12.548356      
607             10.871000       136.979188      10.898611       0.020143        12.568499      
608             10.871000       137.202271      10.898566       0.020521        12.589020      
609             10.871000       137.424399      10.898522       0.020433        12.609453      
610             10.871000       137.647124      10.898477       0.020488        12.629941      
611             10.871000       137.872425      10.898432       0.020725        12.650666      
612             10.871000       138.095302      10.898388       0.020502        12.671168      
613             10.871000       138.314038      10.898344       0.020121        12.691289      
614             10.871000       138.573681      10.898293       0.023884        12.715173      
615             10.871000       138.792840      10.898250       0.020160        12.735333      
616             10.871000       139.011532      10.898207       0.020117        12.755450      
617             10.871000       139.230148      10.898164       0.020110        12.775560      
618             10.871000       139.448818      10.898121       0.020115        12.795675      
619             10.871000       139.667477      10.898079       0.020114        12.815789      
620             10.871000       139.885930      10.898036       0.020095        12.835884      
621             10.871000       140.104481      10.897994       0.020104        12.855988      
622             10.871000       140.354687      10.897946       0.023016        12.879004      
623             10.871000       140.628376      10.897893       0.025176        12.904180      
624             10.871000       140.849274      10.897851       0.020320        12.924500      
625             10.871000       141.067825      10.897809       0.020104        12.944604      
626             10.871000       141.286310      10.897768       0.020098        12.964702      
627             10.871000       141.504774      10.897726       0.020096        12.984798      
628             10.871000       141.723227      10.897685       0.020095        13.004893      
629             10.871000       141.941745      10.897644       0.020101        13.024994      
630             10.871000       142.162437      10.897602       0.020301        13.045295      
631             10.871000       142.385814      10.897560       0.020548        13.065843      
632             10.871000       142.628607      10.897515       0.022334        13.088177      
633             10.871000       142.849430      10.897474       0.020313        13.108490      
634             10.871000       143.070600      10.897433       0.020345        13.128835      
635             10.871000       143.291716      10.897392       0.020340        13.149175      
636             10.871000       143.512365      10.897351       0.020297        13.169472      
637             10.871000       143.731818      10.897311       0.020187        13.189659      
638             10.871000       143.953086      10.897271       0.020354        13.210013      
639             10.871000       144.174507      10.897230       0.020368        13.230381      
640             10.871000       144.422257      10.897185       0.022790        13.253171      
641             10.871000       144.642427      10.897145       0.020253        13.273424      
642             10.871000       144.861619      10.897105       0.020163        13.293587      
643             10.943000       145.082011      10.897175       0.020140        13.313727      
644             10.943000       145.308499      10.897246       0.020697        13.334424      
645             10.943000       145.557496      10.897324       0.022754        13.357178      
646             10.943000       145.781455      10.897394       0.020466        13.377644      
647             10.943000       146.004200      10.897463       0.020355        13.397999      
648             10.943000       146.227470      10.897532       0.020403        13.418402      
649             10.943000       146.450488      10.897601       0.020380        13.438782      
650             10.943000       146.673725      10.897670       0.020400        13.459182      
651             10.943000       146.903714      10.897741       0.021017        13.480199      
652             10.943000       147.166346      10.897821       0.024000        13.504199      
653             10.943000       147.391674      10.897890       0.020591        13.524790      
654             10.943000       147.616706      10.897958       0.020564        13.545354      
655             10.943000       147.840479      10.898026       0.020449        13.565803      
656             10.943000       148.063574      10.898094       0.020387        13.586190      
657             10.943000       148.287544      10.898161       0.020467        13.606657      
658             10.943000       148.514984      10.898230       0.020784        13.627441      
659             10.943000       148.738779      10.898297       0.020451        13.647892      
660             10.943000       148.959072      10.898363       0.020131        13.668023      
661             10.943000       149.201482      10.898435       0.022152        13.690175      
662             10.943000       149.422935      10.898501       0.020237        13.710412      
663             10.943000       149.644279      10.898566       0.020227        13.730639      
664             10.943000       149.865667      10.898632       0.020231        13.750870      
665             10.943000       150.087164      10.898697       0.020241        13.771111      
666             10.943000       150.308815      10.898762       0.020255        13.791366      
667             10.943000       150.529601      10.898827       0.020176        13.811542      
668             10.943000       150.750474      10.898891       0.020184        13.831726      
669             10.943000       151.018490      10.898969       0.024492        13.856218      
670             10.943000       151.241082      10.899034       0.020341        13.876559      
671             10.943000       151.463969      10.899098       0.020368        13.896927      
672             10.943000       151.685477      10.899162       0.020242        13.917169      
673             10.943000       151.905716      10.899225       0.020126        13.937295      
674             10.943000       152.125955      10.899288       0.020126        13.957421      
675             10.943000       152.346183      10.899351       0.020125        13.977546      
676             10.943000       152.566312      10.899414       0.020116        13.997662      
677             10.943000       152.795064      10.899479       0.020904        14.018566      
678             10.943000       153.037813      10.899548       0.022183        14.040749      
679             10.943000       153.272223      10.899614       0.021421        14.062170      
680             10.943000       153.493031      10.899676       0.020178        14.082348      
681             10.943000       153.713740      10.899738       0.020169        14.102517      
682             10.943000       153.934668      10.899800       0.020189        14.122706      
683             10.943000       154.156472      10.899862       0.020269        14.142975      
684             10.943000       154.376558      10.899923       0.020112        14.163087      
685             10.943000       154.597212      10.899984       0.020164        14.183251      
686             10.943000       154.817615      10.900045       0.020141        14.203392      
687             10.943000       155.037964      10.900106       0.020136        14.223528      
688             10.943000       155.258082      10.900167       0.020115        14.243643      
689             10.943000       155.478113      10.900227       0.020107        14.263750      
690             10.943000       155.698297      10.900287       0.020121        14.283871      
691             10.946000       155.942459      10.900359       0.022306        14.306177      
692             10.946000       156.165155      10.900423       0.020345        14.326522      
693             10.946000       156.387008      10.900488       0.020268        14.346790      
694             10.946000       156.608271      10.900552       0.020214        14.367004      
695             10.946000       156.829063      10.900615       0.020171        14.387175      
696             10.946000       157.050150      10.900679       0.020198        14.407373      
697             10.946000       157.300189      10.900751       0.022843        14.430216      
698             10.946000       157.573467      10.900829       0.024966        14.455182      
699             10.946000       157.795693      10.900892       0.020302        14.475484      
700             10.946000       158.016923      10.900955       0.020211        14.495695      
701             10.946000       158.239039      10.901018       0.020292        14.515987      
702             10.946000       158.464417      10.901082       0.020590        14.536577      
703             10.946000       158.687310      10.901145       0.020363        14.556940      
704             10.946000       158.910685      10.901208       0.020407        14.577347      
705             10.946000       159.135264      10.901271       0.020517        14.597864      
706             10.946000       159.356669      10.901332       0.020227        14.618091      
707             10.946000       159.580690      10.901395       0.020466        14.638557      
708             10.946000       159.801164      10.901456       0.020142        14.658699      
709             10.946000       160.022361      10.901517       0.020208        14.678907      
710             10.946000       160.255150      10.901582       0.021267        14.700174      
711             10.946000       160.476445      10.901643       0.020217        14.720391      
712             10.946000       160.697456      10.901704       0.020191        14.740582      
713             10.946000       160.918543      10.901764       0.020198        14.760780      
714             10.946000       161.139652      10.901825       0.020200        14.780980      
715             10.946000       161.360674      10.901885       0.020192        14.801172      
716             10.946000       161.581345      10.901945       0.020160        14.821332      
717             10.946000       161.820493      10.902010       0.021848        14.843180      
718             10.946000       162.056456      10.902074       0.021557        14.864737      
719             10.946000       162.324009      10.902146       0.024443        14.889180      
720             10.946000       162.547253      10.902206       0.020395        14.909575      
721             10.946000       162.767585      10.902265       0.020129        14.929704      
722             10.946000       162.987797      10.902324       0.020118        14.949822      
723             10.946000       163.208019      10.902382       0.020119        14.969941      
724             10.946000       163.428132      10.902441       0.020109        14.990050      
725             10.946000       163.648453      10.902499       0.020128        15.010178      
726             10.946000       163.881800      10.902561       0.021318        15.031496      
727             10.946000       164.141002      10.902629       0.023680        15.055176      
728             10.946000       164.363271      10.902688       0.020306        15.075482      
729             10.946000       164.585573      10.902746       0.020309        15.095791      
730             10.946000       164.807722      10.902804       0.020295        15.116086      
731             10.946000       165.033002      10.902863       0.020581        15.136667      
732             10.946000       165.255195      10.902920       0.020299        15.156966      
733             10.946000       165.476074      10.902978       0.020179        15.177145      
734             10.946000       165.698782      10.903035       0.020346        15.197491      
735             10.946000       165.921248      10.903093       0.020324        15.217815      
736             10.946000       166.142434      10.903150       0.020207        15.238022      
737             10.946000       166.364528      10.903207       0.020290        15.258312      
738             10.946000       166.585276      10.903263       0.020167        15.278479      
739             10.948000       166.805933      10.903322       0.020155        15.298634      
740             10.948000       167.074685      10.903394       0.024548        15.323182      
741             10.948000       167.298626      10.903453       0.020455        15.343637      
742             10.948000       167.545361      10.903518       0.022537        15.366174      
743             10.948000       167.767233      10.903577       0.020266        15.386440      
744             10.948000       167.988481      10.903635       0.020209        15.406649      
745             10.948000       168.209576      10.903693       0.020195        15.426844      
746             10.948000       168.429850      10.903751       0.020120        15.446964      
747             10.948000       168.650452      10.903809       0.020150        15.467114      
748             10.948000       168.873047      10.903867       0.020332        15.487446      
749             10.948000       169.093562      10.903924       0.020142        15.507588      
750             10.948000       169.314218      10.903981       0.020155        15.527743      
751             10.948000       169.536890      10.904039       0.020339        15.548082      
752             10.948000       169.758532      10.904096       0.020245        15.568327      
753             10.948000       169.979802      10.904153       0.020211        15.588538      
754             10.948000       170.200372      10.904210       0.020147        15.608685      
755             10.948000       170.422156      10.904266       0.020258        15.628943      
756             10.948000       170.642539      10.904323       0.020130        15.649073      
757             10.948000       170.879366      10.904383       0.021632        15.670705      
758             10.948000       171.101523      10.904439       0.020292        15.690997      
759             10.948000       171.322454      10.904495       0.020180        15.711177      
760             10.948000       171.543549      10.904551       0.020195        15.731372      
761             10.948000       171.764589      10.904607       0.020190        15.751562      
762             10.948000       171.985717      10.904662       0.020198        15.771760      
763             10.948000       172.206757      10.904718       0.020190        15.791950      
764             10.948000       172.427447      10.904773       0.020158        15.812108      
765             10.948000       172.723864      10.904847       0.027075        15.839183      
766             10.948000       172.945999      10.904902       0.020290        15.859473      
767             10.948000       173.177385      10.904959       0.021135        15.880608      
768             10.948000       173.401337      10.905015       0.020456        15.901064      
769             10.948000       173.654290      10.905077       0.023105        15.924169      
770             10.948000       173.874630      10.905131       0.020126        15.944295      
771             10.948000       174.094772      10.905185       0.020108        15.964403      
772             10.948000       174.333231      10.905244       0.021781        15.986184      
773             10.948000       174.564409      10.905300       0.021116        16.007300      
774             10.948000       174.788886      10.905355       0.020504        16.027804      
775             10.948000       175.044785      10.905417       0.023374        16.051178      
776             10.948000       175.267040      10.905471       0.020301        16.071479      
777             10.948000       175.489252      10.905524       0.020297        16.091776      
778             10.948000       175.711693      10.905578       0.020318        16.112094      
779             10.948000       175.933927      10.905631       0.020299        16.132393      
780             10.948000       176.154770      10.905684       0.020172        16.152565      
781             10.948000       176.377474      10.905737       0.020342        16.172907      
782             10.948000       176.599521      10.905790       0.020282        16.193189      
783             10.948000       176.823156      10.905843       0.020427        16.213616      
784             10.948000       177.044952      10.905896       0.020259        16.233875      
785             10.948000       177.289048      10.905954       0.022296        16.256171      
786             10.948000       177.509793      10.906006       0.020163        16.276334      
787             10.948000       177.732771      10.906058       0.020367        16.296701      
788             10.952000       177.957024      10.906116       0.020476        16.317177      
789             10.952000       178.180368      10.906173       0.020393        16.337570      
790             10.952000       178.417391      10.906234       0.021642        16.359212      
791             10.952000       178.647044      10.906292       0.020969        16.380181      
792             10.952000       178.909881      10.906359       0.023999        16.404180      
793             10.952000       179.133466      10.906416       0.020415        16.424595      
794             10.952000       179.356208      10.906472       0.020338        16.444933      
795             10.952000       179.579606      10.906529       0.020398        16.465331      
796             10.952000       179.800355      10.906584       0.020156        16.485487      
797             10.952000       180.021093      10.906640       0.020155        16.505642      
798             10.952000       180.247897      10.906697       0.020709        16.526351      
799             10.952000       180.508851      10.906762       0.023827        16.550178      
800             10.952000       180.731844      10.906817       0.020361        16.570539      
801             10.952000       180.958069      10.906874       0.020656        16.591195      
802             10.952000       181.183264      10.906930       0.020562        16.611757      
803             10.952000       181.403837      10.906984       0.020140        16.631897      
804             10.952000       181.624542      10.907039       0.020152        16.652049      
805             10.952000       181.866855      10.907098       0.022125        16.674174      
806             10.952000       182.088469      10.907153       0.020235        16.694409      
807             10.952000       182.309918      10.907207       0.020220        16.714629      
808             10.952000       182.531269      10.907261       0.020211        16.734840      
809             10.952000       182.752620      10.907315       0.020211        16.755051      
810             10.952000       182.972985      10.907369       0.020121        16.775172      
811             10.952000       183.194851      10.907422       0.020258        16.795430      
812             10.952000       183.487795      10.907493       0.026748        16.822178      
813             10.952000       183.714523      10.907548       0.020702        16.842880      
814             10.952000       183.936871      10.907602       0.020302        16.863182      
815             10.952000       184.158079      10.907655       0.020198        16.883380      
816             10.952000       184.378455      10.907707       0.020122        16.903502      
817             10.952000       184.598799      10.907760       0.020119        16.923621      
818             10.952000       184.819131      10.907813       0.020118        16.943739      
819             10.952000       185.039485      10.907865       0.020120        16.963859      
820             10.952000       185.269225      10.907920       0.020977        16.984836      
821             10.952000       185.503083      10.907975       0.021353        17.006189      
822             10.952000       185.727742      10.908028       0.020513        17.026702      
823             10.952000       185.950549      10.908080       0.020344        17.047046      
824             10.952000       186.192939      10.908137       0.022132        17.069178      
825             10.952000       186.415385      10.908190       0.020311        17.089489      
826             10.952000       186.637765      10.908242       0.020305        17.109794      
827             10.952000       186.882904      10.908299       0.022383        17.132177      
828             10.952000       187.105514      10.908350       0.020326        17.152503      
829             10.952000       187.328464      10.908402       0.020357        17.172860      
830             10.952000       187.550965      10.908454       0.020316        17.193176      
831             10.952000       187.771987      10.908505       0.020181        17.213357      
832             10.952000       187.992911      10.908556       0.020172        17.233529      
833             10.952000       188.217887      10.908607       0.020542        17.254071      
834             10.952000       188.442436      10.908659       0.020503        17.274574      
835             10.952000       188.668222      10.908711       0.020616        17.295190      
836             10.953000       188.892967      10.908763       0.020519        17.315709      
837             10.953000       189.271842      10.908851       0.034591        17.350300      
838             10.953000       189.533290      10.908912       0.023870        17.374170      
839             10.953000       189.753730      10.908963       0.020126        17.394296      
840             10.953000       189.974499      10.909014       0.020156        17.414452      
841             10.953000       190.194862      10.909065       0.020119        17.434571      
842             10.953000       190.415467      10.909115       0.020141        17.454712      
843             10.953000       190.637933      10.909166       0.020311        17.475023      
844             10.953000       190.859600      10.909217       0.020238        17.495261      
845             10.953000       191.079941      10.909267       0.020117        17.515378      
846             10.953000       191.301137      10.909318       0.020195        17.535573      
847             10.953000       191.524436      10.909368       0.020387        17.555960      
848             10.953000       191.747231      10.909419       0.020341        17.576301      
849             10.953000       191.967627      10.909469       0.020122        17.596423      
850             10.953000       192.187443      10.909518       0.020069        17.616492      
851             10.953000       192.424893      10.909572       0.021679        17.638171      
852             10.953000       192.645300      10.909621       0.020123        17.658294      
853             10.953000       192.865543      10.909671       0.020108        17.678402      
854             10.953000       193.086914      10.909720       0.020211        17.698613      
855             10.953000       193.307168      10.909769       0.020109        17.718722      
856             10.953000       193.527510      10.909818       0.020117        17.738839      
857             10.953000       193.747709      10.909867       0.020104        17.758943      
858             10.953000       193.982037      10.909919       0.021394        17.780337      
859             10.953000       194.202959      10.909968       0.020170        17.800507      
860             10.953000       194.437923      10.910020       0.021452        17.821959      
861             10.953000       194.681178      10.910073       0.022209        17.844168      
862             10.953000       194.901794      10.910122       0.020142        17.864310      
863             10.953000       195.122179      10.910170       0.020121        17.884431      
864             10.953000       195.342553      10.910218       0.020120        17.904551      
865             10.953000       195.562807      10.910266       0.020109        17.924660      
866             10.953000       195.783181      10.910314       0.020120        17.944780      
867             10.953000       196.018594      10.910365       0.021493        17.966273      
868             10.953000       196.280393      10.910422       0.023902        17.990175      
869             10.953000       196.502980      10.910470       0.020322        18.010497      
870             10.953000       196.725589      10.910518       0.020324        18.030821      
871             10.953000       196.948296      10.910565       0.020333        18.051154      
872             10.953000       197.170762      10.910613       0.020311        18.071465      
873             10.953000       197.393207      10.910661       0.020309        18.091774      
874             10.953000       197.613954      10.910708       0.020154        18.111928      
875             10.953000       197.836672      10.910755       0.020334        18.132262      
876             10.953000       198.059784      10.910803       0.020370        18.152632      
877             10.953000       198.282481      10.910850       0.020332        18.172964      
878             10.953000       198.503819      10.910897       0.020208        18.193172      
879             10.953000       198.724577      10.910943       0.020155        18.213327      
880             10.953000       198.945313      10.910990       0.020153        18.233480      
881             10.953000       199.204833      10.911044       0.023694        18.257174      
882             10.953000       199.428701      10.911091       0.020439        18.277613      
883             10.930000       199.655357      10.911113       0.020737        18.298350      
884             10.930000       199.879914      10.911134       0.020545        18.318895      
885             10.930000       200.104197      10.911155       0.020520        18.339415      
886             10.930000       200.327574      10.911176       0.020437        18.359852      
887             10.930000       200.550939      10.911197       0.020436        18.380288      
888             10.930000       200.790459      10.911219       0.021914        18.402202      
889             10.930000       201.014939      10.911240       0.020538        18.422740      
890             10.930000       201.236698      10.911261       0.020289        18.443029      
891             10.930000       201.475453      10.911283       0.021844        18.464873      
892             10.930000       201.699147      10.911304       0.020466        18.485339      
893             10.930000       201.948733      10.911327       0.022835        18.508174      
894             10.930000       202.170809      10.911347       0.020318        18.528492      
895             10.901000       202.397757      10.911336       0.020819        18.549311      
896             10.901000       202.617085      10.911324       0.020120        18.569431      
897             10.901000       202.836675      10.911313       0.020144        18.589575      
898             10.885000       203.071801      10.911283       0.021601        18.611176      
899             10.885000       203.292179      10.911254       0.020246        18.631422      
900             10.885000       203.512339      10.911226       0.020226        18.651648      
901             10.885000       203.732292      10.911197       0.020207        18.671855      
902             10.885000       203.952333      10.911169       0.020215        18.692070      
903             10.886000       204.172393      10.911142       0.020215        18.712285      
904             10.886000       204.392138      10.911115       0.020186        18.732471      
905             10.886000       204.613265      10.911087       0.020313        18.752784      
906             10.886000       204.889726      10.911053       0.025396        18.778180      
907             10.891000       205.111118      10.911032       0.020328        18.798508      
908             10.891000       205.368810      10.911007       0.023661        18.822169      
909             10.891000       205.587915      10.910985       0.020118        18.842287      
910             10.891000       205.806999      10.910964       0.020116        18.862403      
911             10.891000       206.026115      10.910943       0.020119        18.882522      
912             10.899000       206.245250      10.910930       0.020106        18.902628      
913             10.899000       206.464538      10.910917       0.020120        18.922748      
914             10.899000       206.686180      10.910904       0.020336        18.943084      
915             10.899000       206.909849      10.910892       0.020522        18.963606      
916             10.899000       207.144930      10.910878       0.021569        18.985175      
917             10.899000       207.366376      10.910865       0.020318        19.005493      
918             10.899000       207.587843      10.910853       0.020320        19.025813      
919             10.899000       207.809420      10.910840       0.020330        19.046143      
920             10.899000       208.071290      10.910825       0.024027        19.070170      
921             10.899000       208.291210      10.910813       0.020178        19.090348      
922             10.902000       208.513219      10.910803       0.020364        19.110712      
923             10.902000       208.735412      10.910794       0.020381        19.131093      
924             10.902000       208.959558      10.910784       0.020560        19.151653      
925             10.902000       209.179375      10.910775       0.020163        19.171816      
926             10.902000       209.399606      10.910766       0.020201        19.192017      
927             10.904000       209.622822      10.910759       0.020471        19.212488      
928             10.904000       209.846812      10.910752       0.020542        19.233030      
929             10.904000       210.069929      10.910744       0.020462        19.253492      
930             10.904000       210.293636      10.910737       0.020516        19.274008      
931             10.908000       210.557315      10.910734       0.024173        19.298181      
932             10.908000       210.779402      10.910731       0.020360        19.318541      
933             10.908000       211.000769      10.910728       0.020294        19.338835      
934             10.908000       211.255569      10.910725       0.023359        19.362194      
935             10.908000       211.479172      10.910722       0.020499        19.382693      
936             10.903000       211.699281      10.910714       0.020188        19.402881      
937             10.903000       211.923142      10.910706       0.020532        19.423413      
938             10.903000       212.146730      10.910698       0.020507        19.443920      
939             10.903000       212.377197      10.910689       0.021138        19.465058      
940             10.903000       212.618284      10.910680       0.022112        19.487170      
941             10.907000       212.838748      10.910677       0.020213        19.507383      
942             10.907000       213.064533      10.910673       0.020701        19.528084      
943             10.907000       213.285018      10.910669       0.020215        19.548299      
944             10.907000       213.504435      10.910665       0.020117        19.568416      
945             10.907000       213.752602      10.910661       0.022753        19.591169      
946             10.907000       213.972367      10.910657       0.020149        19.611318      
947             10.907000       214.191794      10.910653       0.020118        19.631436      
948             10.907000       214.411144      10.910650       0.020111        19.651547      
949             10.907000       214.630484      10.910646       0.020110        19.671657      
950             10.907000       214.849835      10.910642       0.020111        19.691768      
951             10.907000       215.069142      10.910638       0.020107        19.711875      
952             10.907000       215.299378      10.910635       0.021109        19.732984      
953             10.907000       215.596735      10.910630       0.027263        19.760247      
954             10.907000       215.820285      10.910626       0.020496        19.780743      
955             10.907000       216.041665      10.910622       0.020297        19.801040      
956             10.907000       216.260950      10.910618       0.020105        19.821145      
957             10.907000       216.480180      10.910615       0.020100        19.841245      
958             10.907000       216.700284      10.910611       0.020180        19.861425      
959             10.907000       216.959238      10.910607       0.023742        19.885167      
960             10.907000       217.178621      10.910603       0.020114        19.905281      
961             10.907000       217.400350      10.910599       0.020329        19.925610      
962             10.907000       217.624008      10.910596       0.020506        19.946116      
963             10.907000       217.845072      10.910592       0.020268        19.966384      
964             10.907000       218.066058      10.910588       0.020261        19.986645      
965             10.907000       218.286958      10.910585       0.020253        20.006898      
966             10.907000       218.507944      10.910581       0.020261        20.027159      
967             10.907000       218.728680      10.910578       0.020238        20.047397      
968             10.907000       218.948816      10.910574       0.020183        20.067580      
969             10.907000       219.170163      10.910570       0.020294        20.087874      
970             10.907000       219.391564      10.910567       0.020299        20.108173      
971             10.907000       219.614198      10.910563       0.020412        20.128585      
972             10.907000       219.833821      10.910560       0.020136        20.148721      
973             10.907000       220.053565      10.910556       0.020147        20.168868      
974             10.907000       220.297009      10.910552       0.022320        20.191188      
975             10.907000       220.520711      10.910549       0.020510        20.211698      
976             10.907000       220.743901      10.910545       0.020463        20.232161      
977             10.907000       220.978500      10.910541       0.021509        20.253670      
978             10.907000       221.197916      10.910538       0.020117        20.273787      
979             10.907000       221.431119      10.910534       0.021381        20.295168      
980             10.907000       221.650753      10.910530       0.020137        20.315305      
981             10.907000       221.870431      10.910527       0.020141        20.335446      
982             10.907000       222.093653      10.910523       0.020466        20.355912      
983             10.907000       222.313364      10.910520       0.020144        20.376056      
984             10.907000       222.565479      10.910516       0.023115        20.399171      
985             10.907000       222.786477      10.910512       0.020262        20.419433      
986             10.907000       223.007671      10.910509       0.020280        20.439713      
987             10.907000       223.228734      10.910505       0.020268        20.459981      
988             10.907000       223.450015      10.910502       0.020288        20.480269      
989             10.810000       223.670550      10.910402       0.020401        20.500670      
990             10.810000       223.889020      10.910303       0.020210        20.520880      
991             10.810000       224.105869      10.910205       0.020060        20.540940      
992             10.810000       224.322825      10.910107       0.020070        20.561010      
