#timestep       power           acc-energy      avg-power       dt              acc-time       
1               10.759000       0.215869        10.759000       0.020064        0.020064       
2               10.759000       0.435836        10.759000       0.020445        0.040509       
3               10.759000       0.658591        10.759000       0.020704        0.061213       
4               10.759000       0.876310        10.759000       0.020236        0.081449       
5               10.768000       1.094060        10.760790       0.020222        0.101671       
6               10.768000       1.344115        10.762131       0.023222        0.124893       
7               10.768000       1.595289        10.763054       0.023326        0.148219       
8               10.768000       1.818736        10.763662       0.020751        0.168970       
9               10.870000       2.064050        10.776191       0.022568        0.191538       
10              10.870000       2.283863        10.785149       0.020222        0.211760       
11              10.870000       2.502437        10.792508       0.020108        0.231868       
12              10.870000       2.720935        10.798690       0.020101        0.251969       
13              10.870000       2.939455        10.803959       0.020103        0.272072       
14              10.883000       3.158334        10.809399       0.020112        0.292184       
15              10.883000       3.386517        10.814327       0.020967        0.313151       
16              10.883000       3.626673        10.818848       0.022067        0.335218       
17              10.883000       3.846411        10.822492       0.020191        0.355409       
18              10.883000       4.066226        10.825746       0.020198        0.375607       
19              10.883000       4.285965        10.828667       0.020191        0.395798       
20              10.883000       4.505540        10.831302       0.020176        0.415974       
21              10.883000       4.724473        10.833687       0.020117        0.436091       
22              10.883000       4.943494        10.835862       0.020125        0.456216       
23              10.883000       5.226408        10.838404       0.025996        0.482212       
24              10.883000       5.445450        10.840190       0.020127        0.502339       
25              10.883000       5.664286        10.841838       0.020108        0.522447       
26              10.883000       5.883186        10.843364       0.020114        0.542561       
27              10.883000       6.102947        10.844786       0.020193        0.562754       
28              10.883000       6.336550        10.846190       0.021465        0.584219       
29              10.883000       6.562667        10.847454       0.020777        0.604996       
30              10.883000       6.826275        10.848823       0.024222        0.629218       
31              10.883000       7.048843        10.849899       0.020451        0.649669       
32              10.883000       7.267689        10.850892       0.020109        0.669778       
33              10.883000       7.487286        10.851831       0.020178        0.689956       
34              10.883000       7.706339        10.852715       0.020128        0.710084       
35              10.883000       7.925577        10.853550       0.020145        0.730229       
36              10.883000       8.175777        10.854449       0.022990        0.753219       
37              10.883000       8.396147        10.855197       0.020249        0.773468       
38              10.883000       8.654727        10.856025       0.023760        0.797228       
39              10.883000       8.875478        10.856695       0.020284        0.817512       
40              10.883000       9.094346        10.857326       0.020111        0.837623       
41              10.883000       9.329332        10.857971       0.021592        0.859215       
42              10.883000       9.548494        10.858545       0.020138        0.879353       
43              10.883000       9.770844        10.859100       0.020431        0.899784       
44              10.883000       9.989331        10.859622       0.020076        0.919860       
45              10.883000       10.207993       10.860121       0.020092        0.939952       
46              10.883000       10.426893       10.860601       0.020114        0.960066       
47              10.883000       10.645816       10.861060       0.020116        0.980182       
48              10.883000       10.907400       10.861585       0.024036        1.004218       
49              10.883000       11.126877       10.862007       0.020167        1.024385       
50              10.883000       11.346398       10.862412       0.020171        1.044556       
51              10.883000       11.565201       10.862801       0.020105        1.064661       
52              10.883000       11.783960       10.863175       0.020101        1.084762       
53              10.883000       12.002719       10.863536       0.020101        1.104863       
54              10.883000       12.221533       10.863884       0.020106        1.124969       
55              10.883000       12.442719       10.864223       0.020324        1.145293       
56              10.883000       12.692157       10.864592       0.022920        1.168213       
57              10.883000       12.911733       10.864904       0.020176        1.188389       
58              10.883000       13.131330       10.865206       0.020178        1.208567       
59              10.883000       13.350916       10.865498       0.020177        1.228744       
60              10.883000       13.570437       10.865781       0.020171        1.248915       
61              10.883000       13.789381       10.866054       0.020118        1.269033       
62              10.962000       14.010309       10.867554       0.020154        1.289187       
63              10.962000       14.232619       10.869017       0.020280        1.309467       
64              10.962000       14.453240       10.870424       0.020126        1.329593       
65              10.962000       14.673587       10.871788       0.020101        1.349694       
66              10.962000       14.894954       10.873118       0.020194        1.369888       
67              10.962000       15.150741       10.874607       0.023334        1.393222       
68              10.962000       15.375933       10.875876       0.020543        1.413765       
69              10.962000       15.599756       10.877103       0.020418        1.434183       
70              10.962000       15.823216       10.878292       0.020385        1.454568       
71              10.962000       16.048145       10.879457       0.020519        1.475087       
72              10.962000       16.271299       10.880580       0.020357        1.495444       
73              10.962000       16.492413       10.881664       0.020171        1.515615       
74              10.962000       16.715731       10.882729       0.020372        1.535987       
75              10.962000       16.981428       10.883961       0.024238        1.560225       
76              10.962000       17.206006       10.884972       0.020487        1.580712       
77              10.962000       17.427921       10.885946       0.020244        1.600956       
78              10.962000       17.651053       10.886901       0.020355        1.621311       
79              10.962000       17.876486       10.887842       0.020565        1.641876       
80              10.962000       18.132306       10.888881       0.023337        1.665213       
81              10.962000       18.354517       10.889760       0.020271        1.685484       
82              10.962000       18.614645       10.890763       0.023730        1.709214       
83              10.962000       18.835771       10.891594       0.020172        1.729386       
84              10.962000       19.056633       10.892405       0.020148        1.749534       
85              10.962000       19.277243       10.893197       0.020125        1.769659       
86              10.962000       19.524590       10.894063       0.022564        1.792223       
87              10.962000       19.749541       10.894832       0.020521        1.812744       
88              10.962000       19.972344       10.895577       0.020325        1.833069       
89              10.962000       20.226015       10.896405       0.023141        1.856210       
90              10.962000       20.446472       10.897108       0.020111        1.876321       
91              10.962000       20.666765       10.897795       0.020096        1.896417       
92              10.962000       20.887134       10.898469       0.020103        1.916520       
93              10.962000       21.146933       10.899245       0.023700        1.940220       
94              10.962000       21.398960       10.899980       0.022991        1.963211       
95              10.962000       21.620075       10.900611       0.020171        1.983382       
96              10.962000       21.841157       10.901229       0.020168        2.003550       
97              10.962000       22.062457       10.901835       0.020188        2.023738       
98              10.962000       22.283550       10.902429       0.020169        2.043907       
99              10.962000       22.503897       10.903009       0.020101        2.064008       
100             10.962000       22.724891       10.903579       0.020160        2.084168       
101             10.962000       22.946433       10.904140       0.020210        2.104378       
102             10.962000       23.166956       10.904688       0.020117        2.124495       
103             10.962000       23.387347       10.905226       0.020105        2.144600       
104             10.962000       23.607880       10.905753       0.020118        2.164718       
105             10.962000       23.829521       10.906274       0.020219        2.184937       
106             10.962000       24.051392       10.906785       0.020240        2.205177       
107             10.962000       24.273570       10.907288       0.020268        2.225445       
108             10.962000       24.494377       10.907779       0.020143        2.245588       
109             10.962000       24.716774       10.908264       0.020288        2.265876       
110             10.966000       24.938858       10.908776       0.020252        2.286128       
111             10.966000       25.160733       10.909278       0.020233        2.306361       
112             10.966000       25.381522       10.909769       0.020134        2.326495       
113             10.966000       25.641701       10.910336       0.023726        2.350221       
114             10.966000       25.864004       10.910812       0.020272        2.370493       
115             10.966000       26.084739       10.911277       0.020129        2.390622       
116             10.966000       26.305561       10.911734       0.020137        2.410759       
117             10.966000       26.528061       10.912187       0.020290        2.431049       
118             10.966000       26.771112       10.912673       0.022164        2.453213       
119             10.966000       26.991956       10.913107       0.020139        2.473352       
120             10.966000       27.212614       10.913534       0.020122        2.493474       
121             10.966000       27.433294       10.913954       0.020124        2.513598       
122             10.966000       27.653962       10.914368       0.020123        2.533721       
123             10.966000       27.881978       10.914788       0.020793        2.554514       
124             10.966000       28.118855       10.915217       0.021601        2.576115       
125             10.966000       28.350282       10.915630       0.021104        2.597219       
126             10.966000       28.571488       10.916018       0.020172        2.617391       
127             10.966000       28.791970       10.916399       0.020106        2.637497       
128             10.966000       29.012398       10.916774       0.020101        2.657598       
129             10.966000       29.249406       10.917171       0.021613        2.679211       
130             10.966000       29.470195       10.917536       0.020134        2.699345       
131             10.966000       29.693485       10.917898       0.020362        2.719707       
132             10.966000       29.962218       10.918328       0.024506        2.744213       
133             10.966000       30.185003       10.918678       0.020316        2.764529       
134             10.966000       30.407711       10.919023       0.020309        2.784838       
135             10.966000       30.630508       10.919364       0.020317        2.805155       
136             10.966000       30.853260       10.919699       0.020313        2.825468       
137             10.966000       31.074554       10.920027       0.020180        2.845648       
138             10.966000       31.297844       10.920354       0.020362        2.866010       
139             10.966000       31.520881       10.920676       0.020339        2.886349       
140             10.966000       31.741780       10.920990       0.020144        2.906493       
141             10.966000       31.962877       10.921300       0.020162        2.926655       
142             10.966000       32.183546       10.921605       0.020123        2.946778       
143             10.966000       32.429688       10.921941       0.022446        2.969224       
144             10.966000       32.653526       10.922241       0.020412        2.989636       
145             10.966000       32.878483       10.922540       0.020514        3.010150       
146             10.966000       33.101970       10.922832       0.020380        3.030530       
147             10.966000       33.326345       10.923121       0.020461        3.050991       
148             10.966000       33.570032       10.923432       0.022222        3.073213       
149             10.966000       33.791479       10.923709       0.020194        3.093407       
150             10.966000       34.016721       10.923988       0.020540        3.113947       
151             10.966000       34.240581       10.924262       0.020414        3.134361       
152             10.966000       34.464572       10.924532       0.020426        3.154787       
153             10.966000       34.688257       10.924799       0.020398        3.175185       
154             10.966000       34.916657       10.925067       0.020828        3.196013       
155             10.966000       35.142370       10.925329       0.020583        3.216596       
156             10.966000       35.390377       10.925613       0.022616        3.239212       
157             10.966000       35.611177       10.925863       0.020135        3.259347       
158             10.966000       35.861915       10.926142       0.022865        3.282212       
159             10.986000       36.082931       10.926507       0.020118        3.302330       
160             10.986000       36.334291       10.926916       0.022880        3.325210       
161             10.986000       36.555241       10.927271       0.020112        3.345322       
162             10.986000       36.801306       10.927662       0.022398        3.367720       
163             10.986000       37.042558       10.928040       0.021960        3.389680       
164             10.986000       37.265607       10.928385       0.020303        3.409983       
165             10.986000       37.486448       10.928723       0.020102        3.430085       
166             10.986000       37.707222       10.929056       0.020096        3.450181       
167             10.986000       37.927964       10.929386       0.020093        3.470274       
168             10.986000       38.148804       10.929712       0.020102        3.490376       
169             10.986000       38.371568       10.930037       0.020277        3.510653       
170             10.986000       38.630409       10.930410       0.023561        3.534214       
171             10.986000       38.852699       10.930727       0.020234        3.554448       
172             10.986000       39.074133       10.931038       0.020156        3.574604       
173             10.986000       39.295556       10.931346       0.020155        3.594759       
174             10.986000       39.517023       10.931651       0.020159        3.614918       
175             10.986000       39.737787       10.931952       0.020095        3.635013       
176             10.986000       39.958913       10.932249       0.020128        3.655141       
177             10.986000       40.179402       10.932543       0.020070        3.675211       
178             10.986000       40.400253       10.932834       0.020103        3.695314       
179             10.986000       40.621149       10.933121       0.020107        3.715421       
180             10.986000       40.842319       10.933406       0.020132        3.735553       
181             10.986000       41.064588       10.933690       0.020232        3.755785       
182             10.986000       41.285912       10.933969       0.020146        3.775931       
183             10.986000       41.508422       10.934246       0.020254        3.796185       
184             10.986000       41.730768       10.934521       0.020239        3.816424       
185             10.986000       41.952861       10.934792       0.020216        3.836640       
186             10.986000       42.173833       10.935059       0.020114        3.856754       
187             10.986000       42.395234       10.935324       0.020153        3.876907       
188             10.986000       42.616338       10.935586       0.020126        3.897033       
189             10.986000       42.849132       10.935858       0.021190        3.918223       
190             10.986000       43.090780       10.936138       0.021996        3.940219       
191             10.986000       43.313356       10.936393       0.020260        3.960479       
192             10.986000       43.534779       10.936644       0.020155        3.980634       
193             10.986000       43.757652       10.936895       0.020287        4.000921       
194             10.986000       43.978866       10.937141       0.020136        4.021057       
195             10.986000       44.200135       10.937384       0.020141        4.041198       
196             10.986000       44.421294       10.937625       0.020131        4.061329       
197             10.986000       44.642420       10.937864       0.020128        4.081457       
198             10.986000       44.903393       10.938142       0.023755        4.105212       
199             10.986000       45.124860       10.938376       0.020159        4.125371       
200             10.986000       45.355148       10.938617       0.020962        4.146333       
201             10.986000       45.588996       10.938859       0.021286        4.167619       
202             10.986000       45.814253       10.939090       0.020504        4.188123       
203             10.986000       46.038796       10.939317       0.020439        4.208562       
204             10.986000       46.259757       10.939540       0.020113        4.228675       
205             10.986000       46.481696       10.939760       0.020202        4.248877       
206             10.986000       46.727288       10.940002       0.022355        4.271232       
207             10.980000       46.952236       10.940193       0.020487        4.291719       
208             10.980000       47.176381       10.940382       0.020414        4.312133       
209             10.980000       47.400341       10.940568       0.020397        4.332530       
210             10.980000       47.623070       10.940752       0.020285        4.352815       
211             10.980000       47.845810       10.940934       0.020286        4.373101       
212             10.980000       48.068594       10.941115       0.020290        4.393391       
213             10.980000       48.290050       10.941292       0.020169        4.413560       
214             10.980000       48.549848       10.941499       0.023661        4.437221       
215             10.980000       48.773137       10.941674       0.020336        4.457557       
216             10.980000       48.994274       10.941847       0.020140        4.477697       
217             10.980000       49.215389       10.942018       0.020138        4.497835       
218             10.980000       49.436680       10.942187       0.020154        4.517989       
219             10.980000       49.662605       10.942358       0.020576        4.538565       
220             10.980000       49.886740       10.942527       0.020413        4.558978       
221             10.980000       50.110984       10.942694       0.020423        4.579401       
222             10.980000       50.334888       10.942859       0.020392        4.599793       
223             10.980000       50.556629       10.943022       0.020195        4.619988       
224             10.980000       50.779578       10.943184       0.020305        4.640293       
225             10.980000       51.003515       10.943345       0.020395        4.660688       
226             10.980000       51.251048       10.943521       0.022544        4.683232       
227             10.980000       51.503523       10.943699       0.022994        4.706226       
228             10.980000       51.728481       10.943857       0.020488        4.726714       
229             10.980000       51.952352       10.944012       0.020389        4.747103       
230             10.980000       52.174686       10.944165       0.020249        4.767352       
231             10.980000       52.400709       10.944319       0.020585        4.787937       
232             10.980000       52.622637       10.944469       0.020212        4.808149       
233             10.980000       52.854128       10.944624       0.021083        4.829232       
234             10.980000       53.076199       10.944772       0.020225        4.849457       
235             10.980000       53.298248       10.944918       0.020223        4.869680       
236             10.980000       53.520944       10.945063       0.020282        4.889962       
237             10.980000       53.748340       10.945211       0.020710        4.910672       
238             10.980000       53.995906       10.945370       0.022547        4.933219       
239             10.980000       54.218295       10.945511       0.020254        4.953473       
240             10.980000       54.439959       10.945651       0.020188        4.973661       
241             10.980000       54.662996       10.945791       0.020313        4.993974       
242             10.980000       54.883727       10.945928       0.020103        5.014077       
243             10.980000       55.104403       10.946064       0.020098        5.034175       
244             10.980000       55.325024       10.946199       0.020093        5.054268       
245             10.980000       55.545711       10.946333       0.020099        5.074367       
246             10.980000       55.768440       10.946467       0.020285        5.094652       
247             10.980000       55.990917       10.946600       0.020262        5.114914       
248             10.980000       56.212493       10.946731       0.020180        5.135094       
249             10.980000       56.434125       10.946861       0.020185        5.155279       
250             10.980000       56.655514       10.946990       0.020163        5.175442       
251             10.980000       56.877464       10.947119       0.020214        5.195656       
252             10.980000       57.125195       10.947261       0.022562        5.218218       
253             10.980000       57.348308       10.947388       0.020320        5.238538       
254             10.980000       57.572685       10.947515       0.020435        5.258973       
255             10.980000       57.793690       10.947639       0.020128        5.279101       
256             10.952000       58.014011       10.947655       0.020117        5.299218       
257             10.952000       58.237301       10.947672       0.020388        5.319606       
258             10.952000       58.474083       10.947689       0.021620        5.341226       
259             10.952000       58.698073       10.947706       0.020452        5.361678       
260             10.952000       58.921297       10.947722       0.020382        5.382060       
261             10.952000       59.186007       10.947741       0.024170        5.406230       
262             10.952000       59.411103       10.947757       0.020553        5.426783       
263             10.952000       59.645914       10.947774       0.021440        5.448223       
264             10.952000       59.869269       10.947790       0.020394        5.468617       
265             10.952000       60.090335       10.947805       0.020185        5.488802       
266             10.952000       60.346864       10.947823       0.023423        5.512225       
267             10.952000       60.571008       10.947839       0.020466        5.532691       
268             10.952000       60.795743       10.947854       0.020520        5.553211       
269             10.952000       61.022351       10.947869       0.020691        5.573902       
270             10.952000       61.266745       10.947886       0.022315        5.596217       
271             10.952000       61.488687       10.947901       0.020265        5.616482       
272             10.952000       61.709983       10.947915       0.020206        5.636688       
273             10.952000       61.967673       10.947932       0.023529        5.660217       
274             10.952000       62.188826       10.947947       0.020193        5.680410       
275             10.952000       62.409619       10.947961       0.020160        5.700570       
276             10.952000       62.668644       10.947978       0.023651        5.724221       
277             10.952000       62.892635       10.947992       0.020452        5.744673       
278             10.952000       63.115957       10.948006       0.020391        5.765064       
279             10.952000       63.336366       10.948020       0.020125        5.785189       
280             10.952000       63.556764       10.948034       0.020124        5.805313       
281             10.952000       63.777184       10.948048       0.020126        5.825439       
282             10.952000       63.997834       10.948061       0.020147        5.845586       
283             10.952000       64.225449       10.948075       0.020783        5.866369       
284             10.952000       64.451378       10.948089       0.020629        5.886998       
285             10.952000       64.705727       10.948104       0.023224        5.910222       
286             10.952000       64.929071       10.948118       0.020393        5.930615       
287             10.952000       65.151780       10.948131       0.020335        5.950950       
288             10.952000       65.374555       10.948144       0.020341        5.971291       
289             10.952000       65.595577       10.948157       0.020181        5.991472       
290             10.952000       65.818133       10.948170       0.020321        6.011793       
291             10.952000       66.074629       10.948185       0.023420        6.035213       
292             10.952000       66.295191       10.948198       0.020139        6.055352       
293             10.952000       66.516531       10.948210       0.020210        6.075562       
294             10.952000       66.738977       10.948223       0.020311        6.095873       
295             10.952000       66.963285       10.948236       0.020481        6.116354       
296             10.952000       67.188677       10.948248       0.020580        6.136934       
297             10.952000       67.412854       10.948261       0.020469        6.157403       
298             10.952000       67.640896       10.948273       0.020822        6.178225       
299             10.952000       67.867800       10.948286       0.020718        6.198943       
300             10.952000       68.088373       10.948298       0.020140        6.219083       
301             10.952000       68.330719       10.948311       0.022128        6.241211       
302             10.952000       68.551248       10.948323       0.020136        6.261347       
303             10.952000       68.773618       10.948335       0.020304        6.281651       
304             10.926000       68.995110       10.948263       0.020272        6.301923       
305             10.926000       69.215105       10.948192       0.020135        6.322058       
306             10.926000       69.435154       10.948121       0.020140        6.342198       
307             10.926000       69.656635       10.948051       0.020271        6.362469       
308             10.926000       69.876346       10.947982       0.020109        6.382578       
309             10.926000       70.096308       10.947912       0.020132        6.402710       
310             10.926000       70.316183       10.947844       0.020124        6.422834       
311             10.926000       70.560696       10.947768       0.022379        6.445213       
312             10.926000       70.780604       10.947700       0.020127        6.465340       
313             10.926000       71.000347       10.947633       0.020112        6.485452       
314             10.926000       71.260015       10.947554       0.023766        6.509218       
315             10.899000       71.493319       10.947395       0.021406        6.530624       
316             10.899000       71.714470       10.947245       0.020291        6.550915       
317             10.899000       71.933562       10.947097       0.020102        6.571017       
318             10.902000       72.164597       10.946952       0.021192        6.592209       
319             10.902000       72.383706       10.946816       0.020098        6.612307       
320             10.902000       72.602934       10.946680       0.020109        6.632416       
321             10.902000       72.824473       10.946543       0.020321        6.652737       
322             10.902000       73.045599       10.946408       0.020283        6.673020       
323             10.906000       73.265616       10.946286       0.020174        6.693194       
324             10.906000       73.485634       10.946165       0.020174        6.713368       
325             10.906000       73.705586       10.946045       0.020168        6.733536       
326             10.906000       73.925418       10.945925       0.020157        6.753693       
327             10.906000       74.171022       10.945793       0.022520        6.776213       
328             10.913000       74.390809       10.945695       0.020140        6.796353       
329             10.913000       74.610488       10.945599       0.020130        6.816483       
330             10.913000       74.830200       10.945503       0.020133        6.836616       
331             10.913000       75.049682       10.945407       0.020112        6.856728       
332             10.913000       75.269284       10.945313       0.020123        6.876851       
333             10.917000       75.491707       10.945229       0.020374        6.897225       
334             10.917000       75.713322       10.945146       0.020300        6.917525       
335             10.917000       75.933867       10.945064       0.020202        6.937727       
336             10.917000       76.154511       10.944983       0.020211        6.957938       
337             10.917000       76.374958       10.944902       0.020193        6.978131       
338             10.920000       76.594308       10.944830       0.020087        6.998218       
339             10.920000       76.814881       10.944759       0.020199        7.018417       
340             10.920000       77.074711       10.944675       0.023794        7.042211       
341             10.920000       77.294837       10.944605       0.020158        7.062369       
342             10.921000       77.521360       10.944536       0.020742        7.083111       
343             10.921000       77.742663       10.944468       0.020264        7.103375       
344             10.921000       77.963901       10.944402       0.020258        7.123633       
345             10.921000       78.186318       10.944335       0.020366        7.143999       
346             10.921000       78.405918       10.944269       0.020108        7.164107       
347             10.919000       78.636352       10.944195       0.021104        7.185211       
348             10.919000       78.855955       10.944125       0.020112        7.205323       
349             10.919000       79.076410       10.944055       0.020190        7.225513       
350             10.919000       79.297902       10.943985       0.020285        7.245798       
351             10.919000       79.520802       10.943914       0.020414        7.266212       
352             10.922000       79.740946       10.943854       0.020156        7.286368       
353             10.922000       80.001512       10.943782       0.023857        7.310225       
354             10.922000       80.222803       10.943722       0.020261        7.330486       
355             10.922000       80.444050       10.943662       0.020257        7.350743       
356             10.922000       80.700367       10.943593       0.023468        7.374211       
357             10.938000       80.920352       10.943578       0.020112        7.394323       
358             10.938000       81.140283       10.943563       0.020107        7.414430       
359             10.938000       81.360464       10.943548       0.020130        7.434560       
360             10.938000       81.584529       10.943533       0.020485        7.455045       
361             10.938000       81.808277       10.943518       0.020456        7.475501       
362             10.935000       82.030115       10.943495       0.020287        7.495788       
363             10.935000       82.251888       10.943472       0.020281        7.516069       
364             10.935000       82.473464       10.943449       0.020263        7.536332       
365             10.935000       82.695138       10.943426       0.020272        7.556604       
366             10.935000       82.915665       10.943404       0.020167        7.576771       
367             10.935000       83.138301       10.943381       0.020360        7.597131       
368             10.935000       83.360325       10.943359       0.020304        7.617435       
369             10.935000       83.581355       10.943337       0.020213        7.637648       
370             10.935000       83.801990       10.943315       0.020177        7.657825       
371             10.935000       84.036065       10.943292       0.021406        7.679231       
372             10.935000       84.259871       10.943270       0.020467        7.699698       
373             10.935000       84.511136       10.943245       0.022978        7.722676       
374             10.935000       84.734439       10.943223       0.020421        7.743097       
375             10.935000       84.957590       10.943202       0.020407        7.763504       
376             10.935000       85.180587       10.943180       0.020393        7.783897       
377             10.935000       85.403410       10.943159       0.020377        7.804274       
378             10.935000       85.624198       10.943138       0.020191        7.824465       
379             10.935000       85.851406       10.943116       0.020778        7.845243       
380             10.935000       86.091856       10.943094       0.021989        7.867232       
381             10.935000       86.317073       10.943072       0.020596        7.887828       
382             10.935000       86.584171       10.943047       0.024426        7.912254       
383             10.935000       86.806567       10.943027       0.020338        7.932592       
384             10.935000       87.026667       10.943007       0.020128        7.952720       
385             10.935000       87.261682       10.942985       0.021492        7.974212       
386             10.935000       87.481541       10.942965       0.020106        7.994318       
387             10.935000       87.701324       10.942945       0.020099        8.014417       
388             10.935000       87.921139       10.942925       0.020102        8.034519       
389             10.935000       88.180200       10.942902       0.023691        8.058210       
390             10.935000       88.413017       10.942881       0.021291        8.079501       
391             10.935000       88.663144       10.942859       0.022874        8.102375       
392             10.935000       88.934781       10.942835       0.024841        8.127216       
393             10.935000       89.156608       10.942815       0.020286        8.147502       
394             10.935000       89.376423       10.942796       0.020102        8.167604       
395             10.935000       89.596283       10.942777       0.020106        8.187710       
396             10.935000       89.842331       10.942755       0.022501        8.210211       
397             10.935000       90.062442       10.942736       0.020129        8.230340       
398             10.935000       90.286314       10.942717       0.020473        8.250813       
399             10.935000       90.509432       10.942698       0.020404        8.271217       
400             10.935000       90.731095       10.942679       0.020271        8.291488       
401             10.935000       90.952824       10.942661       0.020277        8.311765       
402             10.935000       91.174608       10.942642       0.020282        8.332047       
403             10.935000       91.395210       10.942624       0.020174        8.352221       
404             10.935000       91.617136       10.942605       0.020295        8.372516       
405             10.935000       91.839456       10.942587       0.020331        8.392847       
406             10.935000       92.084006       10.942566       0.022364        8.415211       
407             10.935000       92.304138       10.942548       0.020131        8.435342       
408             10.935000       92.524610       10.942530       0.020162        8.455504       
409             10.935000       92.749773       10.942512       0.020591        8.476095       
410             10.881000       92.972692       10.942364       0.020487        8.496582       
411             10.881000       93.195404       10.942216       0.020468        8.517050       
412             10.881000       93.447571       10.942050       0.023175        8.540225       
413             10.881000       93.669173       10.941905       0.020366        8.560591       
414             10.881000       93.889013       10.941762       0.020204        8.580795       
415             10.881000       94.110975       10.941617       0.020399        8.601194       
416             10.881000       94.330336       10.941476       0.020160        8.621354       
417             10.881000       94.551764       10.941333       0.020350        8.641704       
418             10.881000       94.775858       10.941190       0.020595        8.662299       
419             10.881000       94.998571       10.941048       0.020468        8.682767       
420             10.881000       95.232012       10.940900       0.021454        8.704221       
421             10.881000       95.456323       10.940758       0.020615        8.724836       
422             10.881000       95.710688       10.940599       0.023377        8.748213       
423             10.881000       95.931007       10.940461       0.020248        8.768461       
424             10.881000       96.149987       10.940325       0.020125        8.788586       
425             10.881000       96.368858       10.940190       0.020115        8.808701       
426             10.881000       96.587784       10.940055       0.020120        8.828821       
427             10.881000       96.806677       10.939920       0.020117        8.848938       
428             10.881000       97.049117       10.939772       0.022281        8.871219       
429             10.881000       97.276073       10.939635       0.020858        8.892077       
430             10.881000       97.498197       10.939500       0.020414        8.912491       
431             10.881000       97.734544       10.939358       0.021721        8.934212       
432             10.881000       97.953567       10.939227       0.020129        8.954341       
433             10.881000       98.172417       10.939096       0.020113        8.974454       
434             10.881000       98.391321       10.938966       0.020118        8.994572       
435             10.881000       98.610421       10.938837       0.020136        9.014708       
436             10.881000       98.833100       10.938706       0.020465        9.035173       
437             10.881000       99.055519       10.938576       0.020441        9.055614       
438             10.881000       99.301495       10.938432       0.022606        9.078220       
439             10.881000       99.522237       10.938304       0.020287        9.098507       
440             10.881000       99.743111       10.938177       0.020299        9.118806       
441             10.881000       99.962722       10.938050       0.020183        9.138989       
442             10.881000       100.184140      10.937924       0.020349        9.159338       
443             10.881000       100.405361      10.937798       0.020331        9.179669       
444             10.881000       100.626779      10.937672       0.020349        9.200018       
445             10.881000       100.845878      10.937548       0.020136        9.220154       
446             10.881000       101.065871      10.937424       0.020218        9.240372       
447             10.881000       101.287778      10.937300       0.020394        9.260766       
448             10.881000       101.517214      10.937172       0.021086        9.281852       
449             10.881000       101.760557      10.937037       0.022364        9.304216       
450             10.881000       101.980680      10.936916       0.020230        9.324446       
451             10.881000       102.200596      10.936795       0.020211        9.344657       
452             10.881000       102.419717      10.936675       0.020138        9.364795       
453             10.881000       102.639143      10.936555       0.020166        9.384961       
454             10.881000       102.858287      10.936436       0.020140        9.405101       
455             10.881000       103.079476      10.936317       0.020328        9.425429       
456             10.881000       103.301622      10.936197       0.020416        9.445845       
457             10.881000       103.522126      10.936079       0.020265        9.466110       
458             10.843000       103.741957      10.935880       0.020274        9.486384       
459             10.843000       103.964531      10.935679       0.020527        9.506911       
460             10.843000       104.182616      10.935484       0.020113        9.527024       
461             10.843000       104.423190      10.935269       0.022187        9.549211       
462             10.843000       104.641535      10.935075       0.020137        9.569348       
463             10.843000       104.859718      10.934882       0.020122        9.589470       
464             10.843000       105.077890      10.934689       0.020121        9.609591       
465             10.843000       105.296095      10.934498       0.020124        9.629715       
466             10.843000       105.520220      10.934302       0.020670        9.650385       
467             10.843000       105.789451      10.934067       0.024830        9.675215       
468             10.843000       106.012394      10.933874       0.020561        9.695776       
469             10.843000       106.244803      10.933674       0.021434        9.717210       
470             10.843000       106.463235      10.933486       0.020145        9.737355       
471             10.843000       106.681147      10.933300       0.020097        9.757452       
472             10.843000       106.899026      10.933114       0.020094        9.777546       
473             10.843000       107.116992      10.932929       0.020102        9.797648       
474             10.843000       107.338265      10.932742       0.020407        9.818055       
475             10.843000       107.568365      10.932549       0.021221        9.839276       
476             10.843000       107.788131      10.932365       0.020268        9.859544       
477             10.843000       108.008233      10.932181       0.020299        9.879843       
478             10.843000       108.229148      10.931998       0.020374        9.900217       
479             10.843000       108.478559      10.931791       0.023002        9.923219       
480             10.843000       108.699192      10.931610       0.020348        9.943567       
481             10.843000       108.919793      10.931429       0.020345        9.963912       
482             10.843000       109.141565      10.931247       0.020453        9.984365       
483             10.843000       109.360713      10.931069       0.020211        10.004576      
484             10.843000       109.579253      10.930892       0.020155        10.024731      
485             10.843000       109.797751      10.930716       0.020151        10.044882      
486             10.843000       110.020574      10.930537       0.020550        10.065432      
487             10.843000       110.241121      10.930360       0.020340        10.085772      
488             10.843000       110.464237      10.930182       0.020577        10.106349      
489             10.843000       110.712238      10.929985       0.022872        10.129221      
490             10.843000       110.933349      10.929811       0.020392        10.149613      
491             10.843000       111.154958      10.929636       0.020438        10.170051      
492             10.843000       111.376546      10.929463       0.020436        10.190487      
493             10.843000       111.596095      10.929291       0.020248        10.210735      
494             10.843000       111.820339      10.929117       0.020681        10.231416      
495             10.843000       112.067700      10.928925       0.022813        10.254229      
496             10.843000       112.290242      10.928753       0.020524        10.274753      
497             10.843000       112.516134      10.928580       0.020833        10.295586      
498             10.843000       112.734653      10.928413       0.020153        10.315739      
499             10.843000       112.967474      10.928235       0.021472        10.337211      
500             10.843000       113.185689      10.928070       0.020125        10.357336      
501             10.843000       113.403818      10.927905       0.020117        10.377453      
502             10.843000       113.621925      10.927740       0.020115        10.397568      
503             10.843000       113.840151      10.927577       0.020126        10.417694      
504             10.843000       114.058182      10.927414       0.020108        10.437802      
505             10.843000       114.322914      10.927217       0.024415        10.462217      
506             10.835000       114.541662      10.927039       0.020189        10.482406      
507             10.835000       114.760550      10.926862       0.020202        10.502608      
508             10.835000       114.978388      10.926687       0.020105        10.522713      
509             10.835000       115.196161      10.926512       0.020099        10.542812      
510             10.835000       115.413933      10.926338       0.020099        10.562911      
511             10.835000       115.631771      10.926164       0.020105        10.583016      
512             10.835000       115.852014      10.925989       0.020327        10.603343      
513             10.835000       116.099832      10.925794       0.022872        10.626215      
514             10.835000       116.319989      10.925620       0.020319        10.646534      
515             10.835000       116.540069      10.925448       0.020312        10.666846      
516             10.835000       116.760150      10.925276       0.020312        10.687158      
517             10.835000       116.980122      10.925105       0.020302        10.707460      
518             10.835000       117.198664      10.924935       0.020170        10.727630      
519             10.835000       117.418928      10.924765       0.020329        10.747959      
520             10.835000       117.639323      10.924596       0.020341        10.768300      
521             10.835000       117.857854      10.924428       0.020169        10.788469      
522             10.835000       118.076147      10.924261       0.020147        10.808616      
523             10.835000       118.295643      10.924094       0.020258        10.828874      
524             10.835000       118.527501      10.923919       0.021399        10.850273      
525             10.835000       118.786891      10.923723       0.023940        10.874213      
526             10.835000       119.005996      10.923558       0.020222        10.894435      
527             10.835000       119.225242      10.923394       0.020235        10.914670      
528             10.835000       119.444618      10.923230       0.020247        10.934917      
529             10.835000       119.663485      10.923068       0.020200        10.955117      
530             10.835000       119.881193      10.922907       0.020093        10.975210      
531             10.835000       120.111491      10.922737       0.021255        10.996465      
532             10.835000       120.347131      10.922563       0.021748        11.018213      
533             10.835000       120.566669      10.922403       0.020262        11.038475      
534             10.835000       120.786230      10.922243       0.020264        11.058739      
535             10.835000       121.007405      10.922082       0.020413        11.079152      
536             10.835000       121.227041      10.921923       0.020271        11.099423      
537             10.835000       121.445995      10.921765       0.020208        11.119631      
538             10.835000       121.701527      10.921581       0.023584        11.143215      
539             10.835000       121.920600      10.921424       0.020219        11.163434      
540             10.835000       122.139716      10.921268       0.020223        11.183657      
541             10.835000       122.358843      10.921112       0.020224        11.203881      
542             10.835000       122.577244      10.920958       0.020157        11.224038      
543             10.835000       122.800478      10.920800       0.020603        11.244641      
544             10.835000       123.066802      10.920613       0.024580        11.269221      
545             10.835000       123.287392      10.920459       0.020359        11.289580      
546             10.835000       123.505414      10.920307       0.020122        11.309702      
547             10.835000       123.723490      10.920155       0.020127        11.329829      
548             10.835000       123.941468      10.920004       0.020118        11.349947      
549             10.835000       124.159685      10.919854       0.020140        11.370087      
550             10.835000       124.382420      10.919700       0.020557        11.390644      
551             10.835000       124.627021      10.919533       0.022575        11.413219      
552             10.835000       124.847925      10.919382       0.020388        11.433607      
553             10.835000       125.068384      10.919232       0.020347        11.453954      
554             10.835000       125.288638      10.919083       0.020328        11.474282      
555             10.886000       125.512030      10.919024       0.020521        11.494803      
556             10.886000       125.731894      10.918966       0.020197        11.515000      
557             10.886000       125.953816      10.918908       0.020386        11.535386      
558             10.886000       126.213284      10.918840       0.023835        11.559221      
559             10.886000       126.433813      10.918783       0.020258        11.579479      
560             10.886000       126.652926      10.918726       0.020128        11.599607      
561             10.886000       126.871996      10.918669       0.020124        11.619731      
562             10.886000       127.094462      10.918612       0.020436        11.640167      
563             10.886000       127.318322      10.918554       0.020564        11.660731      
564             10.886000       127.540070      10.918497       0.020370        11.681101      
565             10.886000       127.762329      10.918441       0.020417        11.701518      
566             10.886000       127.984382      10.918384       0.020398        11.721916      
567             10.886000       128.204214      10.918328       0.020194        11.742110      
568             10.886000       128.426713      10.918272       0.020439        11.762549      
569             10.886000       128.646425      10.918217       0.020183        11.782732      
570             10.886000       128.913067      10.918150       0.024494        11.807226      
571             10.886000       129.136436      10.918094       0.020519        11.827745      
572             10.886000       129.359382      10.918039       0.020480        11.848225      
573             10.886000       129.582011      10.917984       0.020451        11.868676      
574             10.886000       129.801005      10.917930       0.020117        11.888793      
575             10.886000       130.023275      10.917875       0.020418        11.909211      
576             10.886000       130.242498      10.917821       0.020138        11.929349      
577             10.886000       130.461546      10.917767       0.020122        11.949471      
578             10.886000       130.680550      10.917714       0.020118        11.969589      
579             10.886000       130.926802      10.917654       0.022621        11.992210      
580             10.886000       131.145763      10.917601       0.020114        12.012324      
581             10.886000       131.368937      10.917547       0.020501        12.032825      
582             10.886000       131.599285      10.917492       0.021160        12.053985      
583             10.886000       131.819073      10.917439       0.020190        12.074175      
584             10.886000       132.040190      10.917387       0.020312        12.094487      
585             10.886000       132.259075      10.917334       0.020107        12.114594      
586             10.886000       132.477927      10.917283       0.020104        12.134698      
587             10.886000       132.696659      10.917231       0.020093        12.154791      
588             10.886000       132.915533      10.917179       0.020106        12.174897      
589             10.886000       133.136987      10.917127       0.020343        12.195240      
590             10.886000       133.365353      10.917074       0.020978        12.216218      
591             10.886000       133.586742      10.917022       0.020337        12.236555      
592             10.886000       133.807913      10.916971       0.020317        12.256872      
593             10.886000       134.029084      10.916919       0.020317        12.277189      
594             10.886000       134.279723      10.916862       0.023024        12.300213      
595             10.886000       134.500361      10.916811       0.020268        12.320481      
596             10.886000       134.722163      10.916760       0.020375        12.340856      
597             10.886000       134.942963      10.916709       0.020283        12.361139      
598             10.886000       135.162937      10.916659       0.020207        12.381346      
599             10.886000       135.382344      10.916610       0.020155        12.401501      
600             10.886000       135.606814      10.916559       0.020620        12.422121      
601             10.886000       135.830630      10.916508       0.020560        12.442681      
602             10.886000       136.053531      10.916458       0.020476        12.463157      
603             10.853000       136.277722      10.916353       0.020657        12.483814      
604             10.853000       136.542676      10.916229       0.024413        12.508227      
605             10.853000       136.764522      10.916126       0.020441        12.528668      
606             10.853000       136.984968      10.916024       0.020312        12.548980      
607             10.853000       137.237279      10.915908       0.023248        12.572228      
608             10.853000       137.458203      10.915806       0.020356        12.592584      
609             10.853000       137.703828      10.915693       0.022632        12.615216      
610             10.853000       137.923471      10.915593       0.020238        12.635454      
611             10.853000       138.143819      10.915492       0.020303        12.655757      
612             10.853000       138.363951      10.915392       0.020283        12.676040      
613             10.853000       138.582270      10.915294       0.020116        12.696156      
614             10.853000       138.800784      10.915195       0.020134        12.716290      
615             10.853000       139.060420      10.915078       0.023923        12.740213      
616             10.853000       139.279097      10.914980       0.020149        12.760362      
617             10.853000       139.516246      10.914874       0.021851        12.782213      
618             10.853000       139.734793      10.914777       0.020137        12.802350      
619             10.853000       139.957160      10.914678       0.020489        12.822839      
620             10.853000       140.181785      10.914579       0.020697        12.843536      
621             10.853000       140.401482      10.914482       0.020243        12.863779      
622             10.853000       140.666643      10.914365       0.024432        12.888211      
623             10.853000       140.884929      10.914270       0.020113        12.908324      
624             10.853000       141.103204      10.914174       0.020112        12.928436      
625             10.853000       141.321643      10.914079       0.020127        12.948563      
626             10.853000       141.544629      10.913982       0.020546        12.969109      
627             10.853000       141.795452      10.913874       0.023111        12.992220      
628             10.853000       142.016094      10.913779       0.020330        13.012550      
629             10.853000       142.236149      10.913684       0.020276        13.032826      
630             10.853000       142.456074      10.913590       0.020264        13.053090      
631             10.853000       142.676021      10.913496       0.020266        13.073356      
632             10.853000       142.894839      10.913403       0.020162        13.093518      
633             10.853000       143.114992      10.913310       0.020285        13.113803      
634             10.853000       143.335211      10.913216       0.020291        13.134094      
635             10.853000       143.553573      10.913124       0.020120        13.154214      
636             10.853000       143.772033      10.913032       0.020129        13.174343      
637             10.853000       143.990721      10.912941       0.020150        13.194493      
638             10.853000       144.213609      10.912848       0.020537        13.215030      
639             10.853000       144.438516      10.912754       0.020723        13.235753      
640             10.853000       144.693225      10.912648       0.023469        13.259222      
641             10.853000       144.916786      10.912556       0.020599        13.279821      
642             10.853000       145.137785      10.912464       0.020363        13.300184      
643             10.853000       145.356495      10.912375       0.020152        13.320336      
644             10.853000       145.578526      10.912283       0.020458        13.340794      
645             10.853000       145.799938      10.912193       0.020401        13.361195      
646             10.853000       146.023434      10.912102       0.020593        13.381788      
647             10.853000       146.266866      10.912003       0.022430        13.404218      
648             10.853000       146.486520      10.911914       0.020239        13.424457      
649             10.853000       146.706283      10.911825       0.020249        13.444706      
650             10.853000       146.927727      10.911736       0.020404        13.465110      
651             10.808000       147.145001      10.911581       0.020103        13.485213      
652             10.808000       147.362479      10.911427       0.020122        13.505335      
653             10.808000       147.581006      10.911273       0.020219        13.525554      
654             10.808000       147.826348      10.911100       0.022700        13.548254      
655             10.808000       148.056007      10.910938       0.021249        13.569503      
656             10.808000       148.285363      10.910777       0.021221        13.590724      
657             10.808000       148.528457      10.910608       0.022492        13.613216      
658             10.808000       148.746271      10.910456       0.020153        13.633369      
659             10.808000       148.966041      10.910303       0.020334        13.653703      
660             10.808000       149.185075      10.910152       0.020266        13.673969      
661             10.822000       149.402544      10.910022       0.020095        13.694064      
662             10.822000       149.620001      10.909893       0.020094        13.714158      
663             10.822000       149.837004      10.909765       0.020052        13.734210      
664             10.822000       150.054515      10.909637       0.020099        13.754309      
665             10.822000       150.273595      10.909508       0.020244        13.774553      
666             10.829000       150.518959      10.909376       0.022658        13.797211      
667             10.829000       150.737239      10.909258       0.020157        13.817368      
668             10.829000       150.955530      10.909142       0.020158        13.837526      
669             10.829000       151.173702      10.909025       0.020147        13.857673      
670             10.829000       151.391419      10.908909       0.020105        13.877778      
671             10.841000       151.609637      10.908811       0.020129        13.897907      
672             10.841000       151.827997      10.908713       0.020142        13.918049      
673             10.841000       152.048134      10.908614       0.020306        13.938355      
674             10.841000       152.266028      10.908517       0.020099        13.958454      
675             10.841000       152.484127      10.908419       0.020118        13.978572      
676             10.844000       152.704292      10.908326       0.020303        13.998875      
677             10.844000       152.924198      10.908233       0.020279        14.019154      
678             10.844000       153.143344      10.908141       0.020209        14.039363      
679             10.844000       153.362990      10.908048       0.020255        14.059618      
680             10.844000       153.581876      10.907956       0.020185        14.079803      
681             10.847000       153.800833      10.907869       0.020186        14.099989      
682             10.847000       154.019769      10.907782       0.020184        14.120173      
683             10.847000       154.239334      10.907695       0.020242        14.140415      
684             10.847000       154.458086      10.907609       0.020167        14.160582      
685             10.834000       154.714180      10.907486       0.023638        14.184220      
686             10.834000       154.933481      10.907381       0.020242        14.204462      
687             10.834000       155.153065      10.907277       0.020268        14.224730      
688             10.834000       155.373862      10.907172       0.020380        14.245110      
689             10.834000       155.593760      10.907068       0.020297        14.265407      
690             10.829000       155.811682      10.906958       0.020124        14.285531      
691             10.829000       156.029713      10.906848       0.020134        14.305665      
692             10.829000       156.284682      10.906720       0.023545        14.329210      
693             10.829000       156.502627      10.906611       0.020126        14.349336      
694             10.829000       156.720560      10.906502       0.020125        14.369461      
695             10.830000       156.938460      10.906395       0.020120        14.389581      
696             10.830000       157.158699      10.906288       0.020336        14.409917      
697             10.830000       157.379403      10.906180       0.020379        14.430296      
698             10.830000       157.627573      10.906059       0.022915        14.453211      
699             10.830000       157.845310      10.905953       0.020105        14.473316      
700             10.833000       158.063075      10.905852       0.020102        14.493418      
701             10.833000       158.280883      10.905751       0.020106        14.513524      
702             10.833000       158.498800      10.905651       0.020116        14.533640      
703             10.833000       158.719880      10.905549       0.020408        14.554048      
704             10.833000       158.960275      10.905438       0.022191        14.576239      
705             10.838000       159.178780      10.905345       0.020161        14.596400      
706             10.838000       159.397296      10.905252       0.020162        14.616562      
707             10.838000       159.615887      10.905160       0.020169        14.636731      
708             10.838000       159.834425      10.905067       0.020164        14.656895      
709             10.838000       160.052366      10.904975       0.020109        14.677004      
710             10.848000       160.270964      10.904897       0.020151        14.697155      
711             10.848000       160.489399      10.904819       0.020136        14.717291      
712             10.848000       160.708019      10.904742       0.020153        14.737444      
713             10.848000       160.926064      10.904664       0.020100        14.757544      
714             10.848000       161.144141      10.904587       0.020103        14.777647      
715             10.848000       161.364258      10.904510       0.020291        14.797938      
716             10.848000       161.583984      10.904432       0.020255        14.818193      
717             10.848000       161.804079      10.904355       0.020289        14.838482      
718             10.848000       162.023328      10.904279       0.020211        14.858693      
719             10.848000       162.278451      10.904190       0.023518        14.882211      
720             10.848000       162.496659      10.904114       0.020115        14.902326      
721             10.848000       162.716624      10.904038       0.020277        14.922603      
722             10.848000       162.935038      10.903962       0.020134        14.942737      
723             10.848000       163.156836      10.903886       0.020446        14.963183      
724             10.848000       163.395806      10.903803       0.022029        14.985212      
725             10.848000       163.614697      10.903728       0.020178        15.005390      
726             10.848000       163.836604      10.903653       0.020456        15.025846      
727             10.848000       164.056580      10.903578       0.020278        15.046124      
728             10.848000       164.276696      10.903503       0.020291        15.066415      
729             10.848000       164.513150      10.903423       0.021797        15.088212      
730             10.848000       164.732009      10.903348       0.020175        15.108387      
731             10.848000       164.950835      10.903275       0.020172        15.128559      
732             10.848000       165.169639      10.903201       0.020170        15.148729      
733             10.848000       165.388682      10.903128       0.020192        15.168921      
734             10.848000       165.607345      10.903054       0.020157        15.189078      
735             10.848000       165.880128      10.902963       0.025146        15.214224      
736             10.848000       166.104085      10.902889       0.020645        15.234869      
737             10.848000       166.326187      10.902815       0.020474        15.255343      
738             10.848000       166.544438      10.902743       0.020119        15.275462      
739             10.848000       166.762646      10.902671       0.020115        15.295577      
740             10.848000       166.980734      10.902599       0.020104        15.315681      
741             10.848000       167.199169      10.902528       0.020136        15.335817      
742             10.848000       167.421586      10.902455       0.020503        15.356320      
743             10.848000       167.643547      10.902382       0.020461        15.376781      
744             10.848000       167.864813      10.902310       0.020397        15.397178      
745             10.848000       168.103925      10.902233       0.022042        15.419220      
746             10.848000       168.324161      10.902161       0.020302        15.439522      
747             10.848000       168.543996      10.902090       0.020265        15.459787      
748             10.848000       168.787392      10.902012       0.022437        15.482224      
749             10.848000       169.008204      10.901941       0.020355        15.502579      
750             10.848000       169.230522      10.901870       0.020494        15.523073      
751             10.848000       169.448979      10.901800       0.020138        15.543211      
752             10.848000       169.667079      10.901731       0.020105        15.563316      
753             10.848000       169.904823      10.901655       0.021916        15.585232      
754             10.848000       170.128390      10.901584       0.020609        15.605841      
755             10.848000       170.349570      10.901514       0.020389        15.626230      
756             10.848000       170.571162      10.901444       0.020427        15.646657      
757             10.848000       170.815860      10.901367       0.022557        15.669214      
758             10.894000       171.077392      10.901356       0.024007        15.693221      
759             10.894000       171.299140      10.901347       0.020355        15.713576      
760             10.894000       171.518861      10.901337       0.020169        15.733745      
761             10.894000       171.741948      10.901328       0.020478        15.754223      
762             10.894000       171.965231      10.901318       0.020496        15.774719      
763             10.894000       172.189310      10.901309       0.020569        15.795288      
764             10.894000       172.413258      10.901299       0.020557        15.815845      
765             10.894000       172.639864      10.901290       0.020801        15.836646      
766             10.894000       172.858888      10.901280       0.020105        15.856751      
767             10.894000       173.097183      10.901270       0.021874        15.878625      
768             10.894000       173.330631      10.901261       0.021429        15.900054      
769             10.894000       173.561104      10.901251       0.021156        15.921210      
770             10.894000       173.780161      10.901242       0.020108        15.941318      
771             10.894000       173.999490      10.901233       0.020133        15.961451      
772             10.894000       174.218623      10.901223       0.020115        15.981566      
773             10.894000       174.465350      10.901213       0.022648        16.004214      
774             10.894000       174.685877      10.901204       0.020243        16.024457      
775             10.894000       174.933759      10.901194       0.022754        16.047211      
776             10.894000       175.153012      10.901185       0.020126        16.067337      
777             10.894000       175.372232      10.901176       0.020123        16.087460      
778             10.894000       175.591310      10.901167       0.020110        16.107570      
779             10.894000       175.810596      10.901158       0.020129        16.127699      
780             10.894000       176.034184      10.901149       0.020524        16.148223      
781             10.894000       176.258372      10.901140       0.020579        16.168802      
782             10.894000       176.479836      10.901131       0.020329        16.189131      
783             10.894000       176.701267      10.901122       0.020326        16.209457      
784             10.894000       176.922688      10.901113       0.020325        16.229782      
785             10.894000       177.156266      10.901104       0.021441        16.251223      
786             10.894000       177.378351      10.901095       0.020386        16.271609      
787             10.894000       177.599837      10.901086       0.020331        16.291940      
788             10.894000       177.822184      10.901077       0.020410        16.312350      
789             10.894000       178.071242      10.901067       0.022862        16.335212      
790             10.894000       178.290996      10.901058       0.020172        16.355384      
791             10.894000       178.514552      10.901050       0.020521        16.375905      
792             10.894000       178.739175      10.901041       0.020619        16.396524      
793             10.894000       178.964245      10.901032       0.020660        16.417184      
794             10.894000       179.226170      10.901022       0.024043        16.441227      
795             10.894000       179.449616      10.901013       0.020511        16.461738      
796             10.894000       179.672649      10.901004       0.020473        16.482211      
797             10.894000       179.895301      10.900995       0.020438        16.502649      
798             10.894000       180.152018      10.900985       0.023565        16.526214      
799             10.894000       180.372894      10.900977       0.020275        16.546489      
800             10.894000       180.598726      10.900968       0.020730        16.567219      
801             10.894000       180.827620      10.900959       0.021011        16.588230      
802             10.894000       181.057473      10.900950       0.021099        16.609329      
803             10.894000       181.283196      10.900942       0.020720        16.630049      
804             10.894000       181.502667      10.900933       0.020146        16.650195      
805             10.894000       181.721527      10.900925       0.020090        16.670285      
