#timestep       power           acc-energy      avg-power       dt              acc-time       
1               10.647000       0.213600        10.647000       0.020062        0.020062       
2               10.647000       0.429947        10.647000       0.020320        0.040382       
3               10.647000       0.672944        10.647000       0.022823        0.063205       
4               10.647000       0.887896        10.647000       0.020189        0.083394       
5               10.647000       1.102507        10.647000       0.020157        0.103551       
6               10.647000       1.354426        10.647000       0.023661        0.127212       
7               10.647000       1.570528        10.647000       0.020297        0.147509       
8               10.647000       1.801526        10.647000       0.021696        0.169205       
9               10.647000       2.015797        10.647000       0.020125        0.189330       
10              10.647000       2.229950        10.647000       0.020114        0.209444       
11              10.647000       2.444051        10.647000       0.020109        0.229553       
12              10.647000       2.658247        10.647000       0.020118        0.249671       
13              10.647000       2.878534        10.647000       0.020690        0.270361       
14              10.647000       3.094934        10.647000       0.020325        0.290686       
15              10.647000       3.311323        10.647000       0.020324        0.311010       
16              10.647000       3.533356        10.647000       0.020854        0.331864       
17              10.647000       3.760606        10.647000       0.021344        0.353208       
18              10.647000       3.975430        10.647000       0.020177        0.373385       
19              10.647000       4.190723        10.647000       0.020221        0.393606       
20              10.647000       4.404653        10.647000       0.020093        0.413699       
21              10.647000       4.618754        10.647000       0.020109        0.433808       
22              10.647000       4.833408        10.647000       0.020161        0.453969       
23              10.647000       5.050692        10.647000       0.020408        0.474377       
24              10.647000       5.266059        10.647000       0.020228        0.494605       
25              10.647000       5.481651        10.647000       0.020249        0.514854       
26              10.647000       5.709134        10.647000       0.021366        0.536220       
27              10.647000       5.925024        10.647000       0.020277        0.556497       
28              10.647000       6.141222        10.647000       0.020306        0.576803       
29              10.647000       6.356770        10.647000       0.020245        0.597048       
30              10.647000       6.571595        10.647000       0.020177        0.617225       
31              10.647000       6.805594        10.647000       0.021978        0.639203       
32              10.647000       7.019801        10.647000       0.020119        0.659322       
33              10.647000       7.235701        10.647000       0.020278        0.679600       
34              10.872000       7.456827        10.653538       0.020339        0.699939       
35              10.872000       7.677094        10.659684       0.020260        0.720199       
36              10.872000       7.895969        10.665457       0.020132        0.740331       
37              10.872000       8.116442        10.670964       0.020279        0.760610       
38              10.872000       8.335480        10.676152       0.020147        0.780757       
39              10.872000       8.555856        10.681108       0.020270        0.801027       
40              10.872000       8.775253        10.685798       0.020180        0.821207       
41              10.872000       9.036137        10.691085       0.023996        0.845203       
42              10.872000       9.254882        10.695291       0.020120        0.865323       
43              10.872000       9.474583        10.699324       0.020208        0.885531       
44              10.872000       9.693241        10.703159       0.020112        0.905643       
45              10.872000       9.911920        10.706827       0.020114        0.925757       
46              10.872000       10.134166       10.710396       0.020442        0.946199       
47              10.930000       10.385719       10.715610       0.023015        0.969214       
48              10.930000       10.607795       10.720012       0.020318        0.989532       
49              10.932000       10.827594       10.724234       0.020106        1.009638       
50              10.932000       11.047316       10.728289       0.020099        1.029737       
51              10.932000       11.267213       10.732192       0.020115        1.049852       
52              10.932000       11.489199       10.735984       0.020306        1.070158       
53              10.935000       11.711387       10.739692       0.020319        1.090477       
54              10.935000       11.932132       10.743242       0.020187        1.110664       
55              10.935000       12.152745       10.746663       0.020175        1.130839       
56              10.935000       12.373392       10.749964       0.020178        1.151017       
57              10.935000       12.593852       10.753150       0.020161        1.171178       
58              10.936000       12.834751       10.756525       0.022028        1.193206       
59              10.936000       13.055308       10.759508       0.020168        1.213374       
60              10.936000       13.277101       10.762410       0.020281        1.233655       
61              10.936000       13.497111       10.765195       0.020118        1.253773       
62              10.936000       13.717176       10.767893       0.020123        1.273896       
63              10.930000       13.939241       10.770438       0.020317        1.294213       
64              10.930000       14.160519       10.772896       0.020245        1.314458       
65              10.930000       14.381699       10.775278       0.020236        1.334694       
66              10.930000       14.602659       10.777586       0.020216        1.354910       
67              10.930000       14.823303       10.779824       0.020187        1.375097       
68              10.926000       15.046915       10.781967       0.020466        1.395563       
69              10.926000       15.268319       10.784029       0.020264        1.415827       
70              10.926000       15.523802       10.786336       0.023383        1.439210       
71              10.926000       15.744081       10.788265       0.020161        1.459371       
72              10.926000       15.966928       10.790163       0.020396        1.479767       
73              10.913000       16.188440       10.791826       0.020298        1.500065       
74              10.913000       16.410050       10.793444       0.020307        1.520372       
75              10.913000       16.629772       10.795007       0.020134        1.540506       
76              10.913000       16.849495       10.796529       0.020134        1.560640       
77              10.913000       17.071618       10.798028       0.020354        1.580994       
78              10.908000       17.293159       10.799423       0.020310        1.601304       
79              10.908000       17.512552       10.800770       0.020113        1.621417       
80              10.908000       17.733821       10.802095       0.020285        1.641702       
81              10.908000       17.953890       10.803381       0.020175        1.661877       
82              10.908000       18.173228       10.804631       0.020108        1.681985       
83              10.902000       18.415438       10.805901       0.022217        1.704202       
84              10.902000       18.634524       10.807021       0.020096        1.724298       
85              10.902000       18.853545       10.808115       0.020090        1.744388       
86              10.902000       19.124896       10.809435       0.024890        1.769278       
87              10.902000       19.344528       10.810477       0.020146        1.789424       
88              10.862000       19.563832       10.811052       0.020190        1.809614       
89              10.862000       19.782169       10.811612       0.020101        1.829715       
90              10.862000       20.000473       10.812159       0.020098        1.849813       
91              10.862000       20.218756       10.812695       0.020096        1.869909       
92              10.856000       20.436940       10.813156       0.020098        1.890007       
93              10.856000       20.657371       10.813611       0.020305        1.910312       
94              10.856000       20.877672       10.814057       0.020293        1.930605       
95              10.856000       21.096572       10.814490       0.020164        1.950769       
96              10.856000       21.315538       10.814915       0.020170        1.970939       
97              10.856000       21.546380       10.815353       0.021264        1.992203       
98              10.856000       21.764705       10.815760       0.020111        2.012314       
99              10.856000       21.983887       10.816159       0.020190        2.032504       
100             10.856000       22.203287       10.816552       0.020210        2.052714       
101             10.856000       22.422524       10.816936       0.020195        2.072909       
102             10.856000       22.640762       10.817311       0.020103        2.093012       
103             10.856000       22.866013       10.817691       0.020749        2.113761       
104             10.856000       23.086477       10.818055       0.020308        2.134069       
105             10.856000       23.326785       10.818445       0.022136        2.156205       
106             10.856000       23.545425       10.818793       0.020140        2.176345       
107             10.856000       23.765780       10.819136       0.020298        2.196643       
108             10.856000       23.986483       10.819474       0.020330        2.216973       
109             10.856000       24.205948       10.819804       0.020216        2.237189       
110             10.856000       24.424587       10.820127       0.020140        2.257329       
111             10.856000       24.645789       10.820448       0.020376        2.277705       
112             10.856000       24.865678       10.820762       0.020255        2.297960       
113             10.856000       25.084404       10.821068       0.020148        2.318108       
114             10.856000       25.303077       10.821369       0.020143        2.338251       
115             10.856000       25.552580       10.821706       0.022983        2.361234       
116             10.856000       25.776116       10.822002       0.020591        2.381825       
117             10.856000       25.998154       10.822292       0.020453        2.402278       
118             10.856000       26.220626       10.822577       0.020493        2.422771       
119             10.856000       26.444390       10.822859       0.020612        2.443383       
120             10.856000       26.663757       10.823131       0.020207        2.463590       
121             10.856000       26.909265       10.823430       0.022615        2.486205       
122             10.856000       27.128307       10.823692       0.020177        2.506382       
123             10.856000       27.346664       10.823949       0.020114        2.526496       
124             10.856000       27.593172       10.824235       0.022707        2.549203       
125             10.856000       27.811464       10.824483       0.020108        2.569311       
126             10.856000       28.045378       10.824745       0.021547        2.590858       
127             10.856000       28.271878       10.824995       0.020864        2.611722       
128             10.856000       28.491375       10.825233       0.020219        2.631941       
129             10.856000       28.709972       10.825467       0.020136        2.652077       
130             10.856000       28.953841       10.825723       0.022464        2.674541       
131             10.856000       29.199849       10.825978       0.022661        2.697202       
132             10.856000       29.418195       10.826200       0.020113        2.717315       
133             10.856000       29.638746       10.826421       0.020316        2.737631       
134             10.856000       29.858851       10.826639       0.020275        2.757906       
135             10.856000       30.077969       10.826852       0.020184        2.778090       
136             10.856000       30.297054       10.827062       0.020181        2.798271       
137             10.856000       30.516041       10.827269       0.020172        2.818443       
138             10.856000       30.734583       10.827473       0.020131        2.838574       
139             10.856000       30.954613       10.827675       0.020268        2.858842       
140             10.856000       31.173567       10.827874       0.020169        2.879011       
141             10.772000       31.392487       10.827482       0.020323        2.899334       
142             10.772000       31.609144       10.827100       0.020113        2.919447       
143             10.772000       31.825866       10.826723       0.020119        2.939566       
144             10.772000       32.044817       10.826347       0.020326        2.959892       
145             10.772000       32.263855       10.825976       0.020334        2.980226       
146             10.772000       32.510071       10.825565       0.022857        3.003083       
147             10.772000       32.770010       10.825138       0.024131        3.027214       
148             10.772000       32.988757       10.824784       0.020307        3.047521       
149             10.772000       33.206556       10.824436       0.020219        3.067740       
150             10.772000       33.425066       10.824092       0.020285        3.088025       
151             10.772000       33.642477       10.823754       0.020183        3.108208       
152             10.772000       33.859135       10.823421       0.020113        3.128321       
153             10.772000       34.076061       10.823092       0.020138        3.148459       
154             10.772000       34.294905       10.822764       0.020316        3.168775       
155             10.772000       34.511810       10.822444       0.020136        3.188911       
156             10.772000       34.729017       10.822127       0.020164        3.209075       
157             10.772000       34.967519       10.821783       0.022141        3.231216       
158             10.772000       35.187613       10.821471       0.020432        3.251648       
159             10.772000       35.405304       10.821165       0.020209        3.271857       
160             10.772000       35.622252       10.820864       0.020140        3.291997       
161             10.772000       35.839179       10.820567       0.020138        3.312135       
162             10.772000       36.087710       10.820231       0.023072        3.335207       
163             10.772000       36.305413       10.819941       0.020210        3.355417       
164             10.772000       36.523126       10.819654       0.020211        3.375628       
165             10.772000       36.748896       10.819360       0.020959        3.396587       
166             10.772000       37.035690       10.818991       0.026624        3.423211       
167             10.772000       37.254577       10.818714       0.020320        3.443531       
168             10.772000       37.475036       10.818438       0.020466        3.463997       
169             10.772000       37.691801       10.818170       0.020123        3.484120       
170             10.772000       37.908157       10.817905       0.020085        3.504205       
171             10.772000       38.125083       10.817643       0.020138        3.524343       
172             10.772000       38.341773       10.817384       0.020116        3.544459       
173             10.772000       38.568373       10.817116       0.021036        3.565495       
174             10.772000       38.786495       10.816861       0.020249        3.585744       
175             10.772000       39.017770       10.816594       0.021470        3.607214       
176             10.772000       39.236528       10.816345       0.020308        3.627522       
177             10.772000       39.455135       10.816098       0.020294        3.647816       
178             10.772000       39.672481       10.815855       0.020177        3.667993       
179             10.772000       39.891616       10.815613       0.020343        3.688336       
180             10.772000       40.116460       10.815368       0.020873        3.709209       
181             10.772000       40.334151       10.815133       0.020209        3.729418       
182             10.772000       40.551207       10.814901       0.020150        3.749568       
183             10.772000       40.768381       10.814672       0.020161        3.769729       
184             10.772000       40.999796       10.814430       0.021483        3.791212       
185             10.772000       41.217391       10.814205       0.020200        3.811412       
186             10.772000       41.438454       10.813979       0.020522        3.831934       
187             10.772000       41.700063       10.813715       0.024286        3.856220       
188             10.772000       41.922407       10.813493       0.020641        3.876861       
189             10.848000       42.141776       10.813672       0.020222        3.897083       
190             10.848000       42.363140       10.813850       0.020406        3.917489       
191             10.848000       42.582400       10.814026       0.020212        3.937701       
192             10.848000       42.815946       10.814210       0.021529        3.959230       
193             10.848000       43.036855       10.814383       0.020364        3.979594       
194             10.848000       43.257275       10.814554       0.020319        3.999913       
195             10.848000       43.488262       10.814731       0.021293        4.021206       
196             10.848000       43.706925       10.814897       0.020157        4.041363       
197             10.848000       43.927422       10.815063       0.020326        4.061689       
198             10.848000       44.146182       10.815226       0.020166        4.081855       
199             10.848000       44.367015       10.815388       0.020357        4.102212       
200             10.848000       44.587425       10.815549       0.020318        4.122530       
201             10.848000       44.823759       10.815719       0.021786        4.144316       
202             10.848000       45.072059       10.815897       0.022889        4.167205       
203             10.848000       45.290343       10.816051       0.020122        4.187327       
204             10.848000       45.508583       10.816204       0.020118        4.207445       
205             10.848000       45.728070       10.816356       0.020233        4.227678       
206             10.848000       45.964633       10.816518       0.021807        4.249485       
207             10.848000       46.183469       10.816667       0.020173        4.269658       
208             10.848000       46.417200       10.816824       0.021546        4.291204       
209             10.848000       46.635505       10.816970       0.020124        4.311328       
210             10.848000       46.853604       10.817114       0.020105        4.331433       
211             10.848000       47.071606       10.817257       0.020096        4.351529       
212             10.848000       47.289727       10.817398       0.020107        4.371636       
213             10.848000       47.510190       10.817540       0.020323        4.391959       
214             10.848000       47.729374       10.817679       0.020205        4.412164       
215             10.848000       47.948048       10.817817       0.020158        4.432322       
216             10.848000       48.166744       10.817954       0.020160        4.452482       
217             10.848000       48.385364       10.818089       0.020153        4.472635       
218             10.848000       48.603484       10.818223       0.020107        4.492742       
219             10.848000       48.821811       10.818356       0.020126        4.512868       
220             10.848000       49.039997       10.818487       0.020113        4.532981       
221             10.848000       49.258758       10.818618       0.020166        4.553147       
222             10.848000       49.509010       10.818766       0.023069        4.576216       
223             10.848000       49.728140       10.818895       0.020200        4.596416       
224             10.848000       49.947335       10.819022       0.020206        4.616622       
225             10.848000       50.165922       10.819148       0.020150        4.636772       
226             10.848000       50.385138       10.819273       0.020208        4.656980       
227             10.848000       50.606080       10.819398       0.020367        4.677347       
228             10.848000       50.826760       10.819522       0.020343        4.697690       
229             10.848000       51.046150       10.819644       0.020224        4.717914       
230             10.848000       51.265410       10.819765       0.020212        4.738126       
231             10.848000       51.484941       10.819885       0.020237        4.758363       
232             10.848000       51.703496       10.820004       0.020147        4.778510       
233             10.848000       51.922539       10.820121       0.020192        4.798702       
234             10.848000       52.188466       10.820263       0.024514        4.823216       
235             10.848000       52.408789       10.820379       0.020310        4.843526       
236             10.848000       52.628516       10.820494       0.020255        4.863781       
237             10.848000       52.847244       10.820608       0.020163        4.883944       
238             10.902000       53.068467       10.820945       0.020292        4.904236       
239             10.902000       53.291075       10.821281       0.020419        4.924655       
240             10.902000       53.510805       10.821610       0.020155        4.944810       
241             10.902000       53.744097       10.821956       0.021399        4.966209       
242             10.902000       53.966138       10.822283       0.020367        4.986576       
243             10.902000       54.186751       10.822605       0.020236        5.006812       
244             10.902000       54.430923       10.822959       0.022397        5.029209       
245             10.902000       54.651361       10.823276       0.020220        5.049429       
246             10.902000       54.888872       10.823614       0.021786        5.071215       
247             10.902000       55.119068       10.823939       0.021115        5.092330       
248             10.902000       55.340684       10.824249       0.020328        5.112658       
249             10.902000       55.560065       10.824554       0.020123        5.132781       
250             10.902000       55.779391       10.824856       0.020118        5.152899       
251             10.902000       55.998696       10.825156       0.020116        5.173015       
252             10.902000       56.218251       10.825454       0.020139        5.193154       
253             10.902000       56.480739       10.825808       0.024077        5.217231       
254             10.902000       56.705854       10.826108       0.020649        5.237880       
255             10.902000       56.927535       10.826401       0.020334        5.258214       
256             10.902000       57.149227       10.826693       0.020335        5.278549       
257             10.902000       57.372729       10.826984       0.020501        5.299050       
258             10.902000       57.592590       10.827268       0.020167        5.319217       
259             10.902000       57.814871       10.827554       0.020389        5.339606       
260             10.902000       58.037108       10.827837       0.020385        5.359991       
261             10.902000       58.257187       10.828115       0.020187        5.380178       
262             10.902000       58.476710       10.828391       0.020136        5.400314       
263             10.902000       58.696461       10.828664       0.020157        5.420471       
264             10.902000       58.955286       10.828984       0.023741        5.444212       
265             10.902000       59.177228       10.829256       0.020358        5.464570       
266             10.902000       59.399335       10.829526       0.020373        5.484943       
267             10.902000       59.621430       10.829795       0.020372        5.505315       
268             10.902000       59.843635       10.830061       0.020382        5.525697       
269             10.902000       60.066973       10.830327       0.020486        5.546183       
270             10.902000       60.289767       10.830590       0.020436        5.566619       
271             10.902000       60.509267       10.830847       0.020134        5.586753       
272             10.902000       60.729063       10.831103       0.020161        5.606914       
273             10.902000       60.953230       10.831362       0.020562        5.627476       
274             10.902000       61.211956       10.831659       0.023732        5.651208       
275             10.902000       61.432056       10.831909       0.020189        5.671397       
276             10.902000       61.659167       10.832166       0.020832        5.692229       
277             10.902000       61.908834       10.832445       0.022901        5.715130       
278             10.902000       62.129228       10.832691       0.020216        5.735346       
279             10.902000       62.378677       10.832966       0.022881        5.758227       
280             10.902000       62.603313       10.833212       0.020605        5.778832       
281             10.902000       62.847267       10.833477       0.022377        5.801209       
282             10.902000       63.067727       10.833715       0.020222        5.821431       
283             10.902000       63.288089       10.833952       0.020213        5.841644       
284             10.902000       63.508299       10.834186       0.020199        5.861843       
285             10.902000       63.728345       10.834419       0.020184        5.882027       
286             10.892000       63.949191       10.834617       0.020276        5.902303       
287             10.892000       64.175962       10.834818       0.020820        5.923123       
288             10.892000       64.397342       10.835014       0.020325        5.943448       
289             10.892000       64.616555       10.835206       0.020126        5.963574       
290             10.892000       64.835560       10.835397       0.020107        5.983681       
291             10.892000       65.054522       10.835587       0.020103        6.003784       
292             10.892000       65.273625       10.835775       0.020116        6.023900       
293             10.892000       65.496094       10.835965       0.020425        6.044325       
294             10.892000       65.745380       10.836176       0.022887        6.067212       
295             10.892000       65.966302       10.836362       0.020283        6.087495       
296             10.892000       66.186909       10.836547       0.020254        6.107749       
297             10.892000       66.408942       10.836731       0.020385        6.128134       
298             10.892000       66.628634       10.836913       0.020170        6.148304       
299             10.892000       66.850428       10.837095       0.020363        6.168667       
300             10.892000       67.071568       10.837275       0.020303        6.188970       
301             10.892000       67.291989       10.837453       0.020237        6.209207       
302             10.892000       67.511409       10.837629       0.020145        6.229352       
303             10.892000       67.731394       10.837805       0.020197        6.249549       
304             10.892000       67.953166       10.837981       0.020361        6.269910       
305             10.892000       68.185286       10.838164       0.021311        6.291221       
306             10.892000       68.407276       10.838338       0.020381        6.311602       
307             10.892000       68.629233       10.838511       0.020378        6.331980       
308             10.892000       68.882624       10.838706       0.023264        6.355244       
309             10.892000       69.105082       10.838877       0.020424        6.375668       
310             10.892000       69.325199       10.839045       0.020209        6.395877       
311             10.892000       69.547385       10.839213       0.020399        6.416276       
312             10.892000       69.808706       10.839410       0.023992        6.440268       
313             10.892000       70.038102       10.839581       0.021061        6.461329       
314             10.892000       70.260702       10.839747       0.020437        6.481766       
315             10.892000       70.485012       10.839912       0.020594        6.502360       
316             10.892000       70.707633       10.840075       0.020439        6.522799       
317             10.892000       70.927085       10.840235       0.020148        6.542947       
318             10.892000       71.150132       10.840397       0.020478        6.563425       
319             10.892000       71.370499       10.840555       0.020232        6.583657       
320             10.892000       71.595614       10.840716       0.020668        6.604325       
321             10.892000       71.844834       10.840893       0.022881        6.627206       
322             10.892000       72.065354       10.841049       0.020246        6.647452       
323             10.892000       72.286385       10.841204       0.020293        6.667745       
324             10.892000       72.520138       10.841367       0.021461        6.689206       
325             10.892000       72.739884       10.841519       0.020175        6.709381       
326             10.892000       72.959304       10.841671       0.020145        6.729526       
327             10.892000       73.188450       10.841827       0.021038        6.750564       
328             10.892000       73.410298       10.841978       0.020368        6.770932       
329             10.892000       73.642003       10.842135       0.021273        6.792205       
330             10.892000       73.861314       10.842282       0.020135        6.812340       
331             10.892000       74.080417       10.842429       0.020116        6.832456       
332             10.892000       74.299641       10.842574       0.020127        6.852583       
333             10.892000       74.523155       10.842722       0.020521        6.873104       
334             10.860000       74.763259       10.842777       0.022109        6.895213       
335             10.860000       74.983967       10.842828       0.020323        6.915536       
336             10.860000       75.204479       10.842878       0.020305        6.935841       
337             10.860000       75.424937       10.842928       0.020300        6.956141       
338             10.860000       75.644972       10.842978       0.020261        6.976402       
339             10.860000       75.881817       10.843031       0.021809        6.998211       
340             10.860000       76.102254       10.843080       0.020298        7.018509       
341             10.860000       76.321398       10.843128       0.020179        7.038688       
342             10.860000       76.540748       10.843177       0.020198        7.058886       
343             10.860000       76.759447       10.843225       0.020138        7.079024       
344             10.860000       76.982305       10.843273       0.020521        7.099545       
345             10.860000       77.202752       10.843321       0.020299        7.119844       
346             10.860000       77.421950       10.843368       0.020184        7.140028       
347             10.860000       77.673837       10.843422       0.023194        7.163222       
348             10.860000       77.895880       10.843469       0.020446        7.183668       
349             10.860000       78.116175       10.843515       0.020285        7.203953       
350             10.860000       78.337991       10.843562       0.020425        7.224378       
351             10.860000       78.559383       10.843608       0.020386        7.244764       
352             10.860000       78.779124       10.843654       0.020234        7.264998       
353             10.860000       79.001624       10.843700       0.020488        7.285486       
354             10.860000       79.248450       10.843751       0.022728        7.308214       
355             10.860000       79.470537       10.843796       0.020450        7.328664       
356             10.860000       79.726551       10.843848       0.023574        7.352238       
357             10.860000       79.950321       10.843893       0.020605        7.372843       
358             10.860000       80.174004       10.843938       0.020597        7.393440       
359             10.860000       80.397807       10.843983       0.020608        7.414048       
360             10.860000       80.616701       10.844026       0.020156        7.434204       
361             10.860000       80.844794       10.844071       0.021003        7.455207       
362             10.860000       81.064155       10.844114       0.020199        7.475406       
363             10.860000       81.282951       10.844157       0.020147        7.495553       
364             10.860000       81.501694       10.844199       0.020142        7.515695       
365             10.860000       81.720392       10.844241       0.020138        7.535833       
366             10.860000       81.938961       10.844283       0.020126        7.555959       
367             10.860000       82.180628       10.844330       0.022253        7.578212       
368             10.860000       82.400217       10.844371       0.020220        7.598432       
369             10.860000       82.618634       10.844412       0.020112        7.618544       
370             10.860000       82.837115       10.844454       0.020118        7.638662       
371             10.860000       83.055694       10.844494       0.020127        7.658789       
372             10.860000       83.274404       10.844535       0.020139        7.678928       
373             10.860000       83.497696       10.844576       0.020561        7.699489       
374             10.860000       83.722672       10.844618       0.020716        7.720205       
375             10.860000       83.942316       10.844658       0.020225        7.740430       
376             10.860000       84.161525       10.844698       0.020185        7.760615       
377             10.860000       84.386707       10.844739       0.020735        7.781350       
378             10.860000       84.605308       10.844778       0.020129        7.801479       
379             10.860000       84.824083       10.844817       0.020145        7.821624       
380             10.860000       85.042814       10.844856       0.020141        7.841765       
381             10.860000       85.286534       10.844899       0.022442        7.864207       
382             10.860000       85.505243       10.844938       0.020139        7.884346       
383             10.789000       85.722340       10.844796       0.020122        7.904468       
384             10.789000       85.941648       10.844652       0.020327        7.924795       
385             10.789000       86.161571       10.844510       0.020384        7.945179       
386             10.789000       86.379692       10.844369       0.020217        7.965396       
387             10.789000       86.598924       10.844228       0.020320        7.985716       
388             10.789000       86.820023       10.844087       0.020493        8.006209       
389             10.789000       87.057360       10.843936       0.021998        8.028207       
390             10.789000       87.276301       10.843797       0.020293        8.048500       
391             10.789000       87.553071       10.843623       0.025653        8.074153       
392             10.789000       87.780201       10.843481       0.021052        8.095205       
393             10.789000       87.997686       10.843346       0.020158        8.115363       
394             10.788000       88.217578       10.843207       0.020383        8.135746       
395             10.788000       88.436412       10.843070       0.020285        8.156031       
396             10.788000       88.653920       10.842934       0.020162        8.176193       
397             10.790000       88.871177       10.842804       0.020135        8.196328       
398             10.790000       89.128831       10.842650       0.023879        8.220207       
399             10.790000       89.346444       10.842522       0.020168        8.240375       
400             10.790000       89.568308       10.842391       0.020562        8.260937       
401             10.790000       89.785866       10.842263       0.020163        8.281100       
402             10.779000       90.034969       10.842087       0.023110        8.304210       
403             10.779000       90.253255       10.841934       0.020251        8.324461       
404             10.779000       90.471174       10.841781       0.020217        8.344678       
405             10.779000       90.703278       10.841620       0.021533        8.366211       
406             10.779000       90.921844       10.841468       0.020277        8.386488       
407             10.786000       91.147864       10.841330       0.020955        8.407443       
408             10.786000       91.370908       10.841194       0.020679        8.428122       
409             10.786000       91.592798       10.841060       0.020572        8.448694       
410             10.786000       91.814018       10.840927       0.020510        8.469204       
411             10.800000       92.031336       10.840830       0.020122        8.489326       
412             10.800000       92.248772       10.840733       0.020133        8.509459       
413             10.800000       92.489861       10.840626       0.022323        8.531782       
414             10.800000       92.732040       10.840520       0.022424        8.554206       
415             10.800000       92.949952       10.840425       0.020177        8.574383       
416             10.809000       93.168002       10.840351       0.020173        8.594556       
417             10.809000       93.386041       10.840277       0.020172        8.614728       
418             10.809000       93.603377       10.840205       0.020107        8.634835       
419             10.809000       93.821189       10.840132       0.020151        8.654986       
420             10.809000       94.039661       10.840059       0.020212        8.675198       
421             10.818000       94.257200       10.840008       0.020109        8.695307       
422             10.818000       94.474685       10.839958       0.020104        8.715411       
423             10.818000       94.692322       10.839907       0.020118        8.735529       
424             10.818000       94.911678       10.839856       0.020277        8.755806       
425             10.818000       95.130278       10.839806       0.020207        8.776013       
426             10.817000       95.348932       10.839754       0.020214        8.796227       
427             10.817000       95.571719       10.839700       0.020596        8.816823       
428             10.817000       95.790991       10.839648       0.020271        8.837094       
429             10.817000       96.051843       10.839587       0.024115        8.861209       
430             10.817000       96.270357       10.839535       0.020201        8.881410       
431             10.813000       96.488109       10.839475       0.020138        8.901548       
432             10.813000       96.706478       10.839415       0.020195        8.921743       
433             10.813000       96.925181       10.839356       0.020226        8.941969       
434             10.813000       97.144804       10.839296       0.020311        8.962280       
435             10.813000       97.364265       10.839236       0.020296        8.982576       
436             10.843000       97.584226       10.839245       0.020286        9.002862       
437             10.843000       97.802637       10.839253       0.020143        9.023005       
438             10.843000       98.022771       10.839262       0.020302        9.043307       
439             10.843000       98.245909       10.839270       0.020579        9.063886       
440             10.843000       98.463929       10.839278       0.020107        9.083993       
441             10.823000       98.715164       10.839237       0.023213        9.107206       
442             10.823000       98.945098       10.839199       0.021245        9.128451       
443             10.823000       99.191376       10.839159       0.022755        9.151206       
444             10.823000       99.409503       10.839123       0.020154        9.171360       
445             10.823000       99.627402       10.839088       0.020133        9.191493       
446             10.823000       99.855962       10.839051       0.021118        9.212611       
447             10.823000       100.079814      10.839015       0.020683        9.233294       
448             10.823000       100.298515      10.838980       0.020207        9.253501       
449             10.823000       100.516154      10.838946       0.020109        9.273610       
450             10.823000       100.733783      10.838911       0.020108        9.293718       
451             10.823000       100.951380      10.838877       0.020105        9.313823       
452             10.823000       101.169225      10.838843       0.020128        9.333951       
453             10.823000       101.395317      10.838807       0.020890        9.354841       
454             10.823000       101.613109      10.838773       0.020123        9.374964       
455             10.823000       101.864678      10.838734       0.023244        9.398208       
456             10.823000       102.083032      10.838700       0.020175        9.418383       
457             10.823000       102.301506      10.838667       0.020186        9.438569       
458             10.823000       102.519318      10.838634       0.020125        9.458694       
459             10.823000       102.737683      10.838600       0.020176        9.478870       
460             10.823000       102.955669      10.838567       0.020141        9.499011       
461             10.823000       103.173363      10.838534       0.020114        9.519125       
462             10.823000       103.390667      10.838502       0.020078        9.539203       
463             10.823000       103.608296      10.838469       0.020108        9.559311       
464             10.823000       103.828101      10.838436       0.020309        9.579620       
465             10.823000       104.047342      10.838404       0.020257        9.599877       
466             10.823000       104.265285      10.838371       0.020137        9.620014       
467             10.823000       104.485728      10.838339       0.020368        9.640382       
468             10.823000       104.704861      10.838307       0.020247        9.660629       
469             10.823000       104.923724      10.838275       0.020222        9.680851       
470             10.823000       105.145216      10.838243       0.020465        9.701316       
471             10.823000       105.365605      10.838211       0.020363        9.721679       
472             10.823000       105.598743      10.838177       0.021541        9.743220       
473             10.823000       105.847835      10.838141       0.023015        9.766235       
474             10.823000       106.069685      10.838110       0.020498        9.786733       
475             10.823000       106.290214      10.838078       0.020376        9.807109       
476             10.823000       106.551167      10.838041       0.024111        9.831220       
477             10.823000       106.771101      10.838010       0.020321        9.851541       
478             10.823000       106.990592      10.837979       0.020280        9.871821       
479             10.823000       107.210559      10.837949       0.020324        9.892145       
480             10.823000       107.428220      10.837918       0.020111        9.912256       
481             10.823000       107.665763      10.837885       0.021948        9.934204       
482             10.823000       107.883728      10.837855       0.020139        9.954343       
483             10.823000       108.101475      10.837825       0.020119        9.974462       
484             10.823000       108.319180      10.837795       0.020115        9.994577       
485             10.823000       108.536441      10.837766       0.020074        10.014651      
486             10.823000       108.753929      10.837736       0.020095        10.034746      
487             10.823000       108.978258      10.837706       0.020727        10.055473      
488             10.823000       109.198679      10.837676       0.020366        10.075839      
489             10.776000       109.415352      10.837553       0.020107        10.095946      
490             10.776000       109.631960      10.837431       0.020101        10.116047      
491             10.776000       109.903030      10.837279       0.025155        10.141202      
492             10.776000       110.119790      10.837157       0.020115        10.161317      
493             10.776000       110.338877      10.837035       0.020331        10.181648      
494             10.776000       110.557500      10.836914       0.020288        10.201936      
495             10.776000       110.775046      10.836793       0.020188        10.222124      
496             10.776000       110.992462      10.836674       0.020176        10.242300      
497             10.776000       111.209814      10.836554       0.020170        10.262470      
498             10.776000       111.426487      10.836436       0.020107        10.282577      
499             10.776000       111.643602      10.836318       0.020148        10.302725      
500             10.776000       111.860836      10.836200       0.020159        10.322884      
501             10.776000       112.077530      10.836083       0.020109        10.342993      
502             10.776000       112.294527      10.835966       0.020137        10.363130      
503             10.776000       112.511038      10.835850       0.020092        10.383222      
504             10.776000       112.729651      10.835733       0.020287        10.403509      
505             10.776000       112.947972      10.835617       0.020260        10.423769      
506             10.776000       113.165788      10.835502       0.020213        10.443982      
507             10.776000       113.383571      10.835387       0.020210        10.464192      
508             10.776000       113.601311      10.835273       0.020206        10.484398      
509             10.776000       113.818134      10.835159       0.020121        10.504519      
510             10.776000       114.035303      10.835046       0.020153        10.524672      
511             10.776000       114.253065      10.834933       0.020208        10.544880      
512             10.776000       114.471602      10.834820       0.020280        10.565160      
513             10.776000       114.720150      10.834691       0.023065        10.588225      
514             10.776000       114.940573      10.834578       0.020455        10.608680      
515             10.776000       115.167354      10.834462       0.021045        10.629725      
516             10.776000       115.409610      10.834339       0.022481        10.652206      
517             10.776000       115.626800      10.834229       0.020155        10.672361      
518             10.776000       115.846027      10.834118       0.020344        10.692705      
519             10.776000       116.063422      10.834008       0.020174        10.712879      
520             10.776000       116.283177      10.833898       0.020393        10.733272      
521             10.776000       116.541090      10.833769       0.023934        10.757206      
522             10.776000       116.758431      10.833661       0.020169        10.777375      
523             10.776000       116.975255      10.833554       0.020121        10.797496      
524             10.776000       117.192897      10.833446       0.020197        10.817693      
525             10.776000       117.409700      10.833340       0.020119        10.837812      
526             10.776000       117.626481      10.833234       0.020117        10.857929      
527             10.776000       117.862938      10.833118       0.021943        10.879872      
528             10.776000       118.080786      10.833012       0.020216        10.900088      
529             10.776000       118.299517      10.832906       0.020298        10.920386      
530             10.815000       118.516985      10.832873       0.020108        10.940494      
531             10.815000       118.734345      10.832841       0.020098        10.960592      
532             10.815000       118.951813      10.832808       0.020108        10.980700      
533             10.815000       119.170903      10.832775       0.020258        11.000958      
534             10.815000       119.389918      10.832742       0.020251        11.021209      
535             10.815000       119.607992      10.832710       0.020164        11.041373      
536             10.815000       119.826152      10.832678       0.020172        11.061545      
537             10.815000       120.044280      10.832646       0.020169        11.081714      
538             10.817000       120.287532      10.832614       0.022488        11.104202      
539             10.817000       120.504954      10.832586       0.020100        11.124302      
540             10.817000       120.723176      10.832557       0.020174        11.144476      
541             10.817000       120.941117      10.832529       0.020148        11.164624      
542             10.817000       121.158744      10.832501       0.020119        11.184743      
543             10.845000       121.376794      10.832524       0.020106        11.204849      
544             10.845000       121.595624      10.832546       0.020178        11.225027      
545             10.845000       121.816266      10.832569       0.020345        11.245372      
546             10.845000       122.035356      10.832591       0.020202        11.265574      
547             10.845000       122.254306      10.832613       0.020189        11.285763      
548             10.848000       122.473490      10.832641       0.020205        11.305968      
549             10.848000       122.691687      10.832668       0.020114        11.326082      
550             10.848000       122.909970      10.832695       0.020122        11.346204      
551             10.848000       123.128438      10.832722       0.020139        11.366343      
552             10.848000       123.348642      10.832750       0.020299        11.386642      
553             10.852000       123.568525      10.832784       0.020262        11.406904      
554             10.852000       123.788462      10.832818       0.020267        11.427171      
555             10.852000       124.060175      10.832860       0.025038        11.452209      
556             10.852000       124.279287      10.832893       0.020191        11.472400      
557             10.848000       124.500272      10.832920       0.020371        11.492771      
558             10.848000       124.720551      10.832947       0.020306        11.513077      
559             10.848000       124.941015      10.832973       0.020323        11.533400      
560             10.848000       125.161783      10.833000       0.020351        11.553751      
561             10.848000       125.382800      10.833026       0.020374        11.574125      
562             10.835000       125.632861      10.833030       0.023079        11.597204      
563             10.835000       125.851013      10.833034       0.020134        11.617338      
564             10.835000       126.098766      10.833037       0.022866        11.640204      
565             10.835000       126.316647      10.833041       0.020109        11.660313      
566             10.835000       126.534355      10.833044       0.020093        11.680406      
567             10.838000       126.770656      10.833053       0.021803        11.702209      
568             10.838000       126.989594      10.833062       0.020201        11.722410      
569             10.838000       127.209855      10.833071       0.020323        11.742733      
570             10.838000       127.427915      10.833079       0.020120        11.762853      
571             10.838000       127.645846      10.833087       0.020108        11.782961      
572             10.841000       127.863913      10.833101       0.020115        11.803076      
573             10.841000       128.082489      10.833114       0.020162        11.823238      
574             10.841000       128.324026      10.833129       0.022280        11.845518      
575             10.841000       128.570030      10.833144       0.022692        11.868210      
576             10.842000       128.788562      10.833159       0.020156        11.888366      
577             10.842000       129.007017      10.833174       0.020149        11.908515      
578             10.842000       129.225668      10.833189       0.020167        11.928682      
579             10.842000       129.443722      10.833204       0.020112        11.948794      
580             10.842000       129.662123      10.833219       0.020144        11.968938      
581             10.842000       129.880405      10.833233       0.020133        11.989071      
582             10.842000       130.098427      10.833248       0.020109        12.009180      
583             10.842000       130.316384      10.833263       0.020103        12.029283      
584             10.842000       130.534449      10.833277       0.020113        12.049396      
585             10.842000       130.754466      10.833292       0.020293        12.069689      
586             10.842000       130.973582      10.833307       0.020210        12.089899      
587             10.842000       131.192558      10.833321       0.020197        12.110096      
588             10.842000       131.411545      10.833336       0.020198        12.130294      
589             10.842000       131.630434      10.833350       0.020189        12.150483      
590             10.842000       131.850321      10.833364       0.020281        12.170764      
591             10.842000       132.069145      10.833379       0.020183        12.190947      
592             10.842000       132.287243      10.833393       0.020116        12.211063      
593             10.842000       132.573591      10.833411       0.026411        12.237474      
594             10.842000       132.791797      10.833426       0.020126        12.257600      
595             10.842000       133.011336      10.833440       0.020249        12.277849      
596             10.842000       133.264052      10.833456       0.023309        12.301158      
597             10.842000       133.482660      10.833470       0.020163        12.321321      
598             10.842000       133.703414      10.833484       0.020361        12.341682      
599             10.842000       133.923897      10.833498       0.020336        12.362018      
600             10.842000       134.142244      10.833512       0.020139        12.382157      
601             10.842000       134.362358      10.833526       0.020302        12.402459      
602             10.842000       134.587297      10.833540       0.020747        12.423206      
603             10.842000       134.805720      10.833554       0.020146        12.443352      
604             10.842000       135.023926      10.833567       0.020126        12.463478      
605             10.842000       135.242132      10.833581       0.020126        12.483604      
606             10.842000       135.460338      10.833594       0.020126        12.503730      
607             10.842000       135.678273      10.833608       0.020101        12.523831      
608             10.842000       135.953454      10.833625       0.025381        12.549212      
609             10.842000       136.191978      10.833639       0.022000        12.571212      
610             10.842000       136.411995      10.833653       0.020293        12.591505      
611             10.842000       136.629951      10.833666       0.020103        12.611608      
612             10.842000       136.847821      10.833679       0.020095        12.631703      
613             10.842000       137.065821      10.833693       0.020107        12.651810      
614             10.842000       137.285741      10.833706       0.020284        12.672094      
615             10.842000       137.505465      10.833719       0.020266        12.692360      
616             10.842000       137.723963      10.833732       0.020153        12.712513      
617             10.842000       137.942451      10.833745       0.020152        12.732665      
618             10.842000       138.160853      10.833758       0.020144        12.752809      
619             10.842000       138.380132      10.833772       0.020225        12.773034      
620             10.842000       138.631395      10.833786       0.023175        12.796209      
621             10.842000       138.851174      10.833799       0.020271        12.816480      
622             10.842000       139.070833      10.833812       0.020260        12.836740      
623             10.842000       139.290318      10.833825       0.020244        12.856984      
624             10.842000       139.520385      10.833839       0.021220        12.878204      
625             10.815000       139.738145      10.833809       0.020135        12.898339      
626             10.815000       139.960339      10.833779       0.020545        12.918884      
627             10.815000       140.182058      10.833750       0.020501        12.939385      
628             10.815000       140.418495      10.833718       0.021862        12.961247      
629             10.815000       140.657388      10.833686       0.022089        12.983336      
630             10.815000       140.894042      10.833655       0.021882        13.005218      
631             10.815000       141.115554      10.833625       0.020482        13.025700      
632             10.815000       141.334136      10.833597       0.020211        13.045911      
633             10.815000       141.555930      10.833567       0.020508        13.066419      
634             10.815000       141.773972      10.833539       0.020161        13.086580      
635             10.815000       142.029638      10.833505       0.023640        13.110220      
636             10.815000       142.251540      10.833476       0.020518        13.130738      
637             10.815000       142.473864      10.833448       0.020557        13.151295      
638             10.815000       142.691754      10.833419       0.020147        13.171442      
639             10.815000       142.913408      10.833391       0.020495        13.191937      
640             10.815000       143.131881      10.833363       0.020201        13.212138      
641             10.815000       143.354779      10.833334       0.020610        13.232748      
642             10.815000       143.620319      10.833300       0.024553        13.257301      
643             10.815000       143.868048      10.833268       0.022906        13.280207      
644             10.815000       144.087614      10.833241       0.020302        13.300509      
645             10.815000       144.333093      10.833210       0.022698        13.323207      
646             10.815000       144.551469      10.833182       0.020192        13.343399      
647             10.815000       144.769445      10.833155       0.020155        13.363554      
648             10.815000       145.036154      10.833121       0.024661        13.388215      
649             10.815000       145.255461      10.833094       0.020278        13.408493      
650             10.815000       145.473026      10.833067       0.020117        13.428610      
651             10.815000       145.690635      10.833040       0.020121        13.448731      
652             10.815000       145.909757      10.833012       0.020261        13.468992      
653             10.815000       146.139414      10.832984       0.021235        13.490227      
654             10.815000       146.361597      10.832957       0.020544        13.510771      
655             10.815000       146.615133      10.832926       0.023443        13.534214      
656             10.815000       146.834743      10.832899       0.020306        13.554520      
657             10.815000       147.054385      10.832872       0.020309        13.574829      
658             10.815000       147.274059      10.832845       0.020312        13.595141      
659             10.815000       147.492489      10.832819       0.020197        13.615338      
660             10.815000       147.718317      10.832792       0.020881        13.636219      
661             10.815000       147.945476      10.832764       0.021004        13.657223      
662             10.815000       148.164598      10.832738       0.020261        13.677484      
663             10.815000       148.382369      10.832712       0.020136        13.697620      
664             10.815000       148.600270      10.832686       0.020148        13.717768      
665             10.815000       148.864664      10.832654       0.024447        13.742215      
666             10.815000       149.084912      10.832628       0.020365        13.762580      
667             10.815000       149.306522      10.832602       0.020491        13.783071      
668             10.815000       149.527775      10.832576       0.020458        13.803529      
669             10.815000       149.748812      10.832550       0.020438        13.823967      
670             10.815000       149.966572      10.832524       0.020135        13.844102      
671             10.815000       150.193968      10.832498       0.021026        13.865128      
672             10.815000       150.412280      10.832472       0.020186        13.885314      
673             10.813000       150.659919      10.832440       0.022902        13.908216      
674             10.813000       150.881694      10.832412       0.020510        13.928726      
675             10.813000       151.103036      10.832383       0.020470        13.949196      
676             10.813000       151.321534      10.832355       0.020207        13.969403      
677             10.813000       151.544390      10.832327       0.020610        13.990013      
678             10.813000       151.762759      10.832299       0.020195        14.010208      
679             10.813000       151.990329      10.832270       0.021046        14.031254      
680             10.813000       152.247030      10.832237       0.023740        14.054994      
681             10.813000       152.467669      10.832209       0.020405        14.075399      
682             10.813000       152.692655      10.832181       0.020807        14.096206      
683             10.813000       152.913359      10.832153       0.020411        14.116617      
684             10.813000       153.130982      10.832126       0.020126        14.136743      
685             10.813000       153.348539      10.832099       0.020120        14.156863      
686             10.813000       153.566086      10.832072       0.020119        14.176982      
687             10.813000       153.783546      10.832045       0.020111        14.197093      
688             10.813000       154.022730      10.832015       0.022120        14.219213      
689             10.813000       154.241671      10.831988       0.020248        14.239461      
690             10.813000       154.459164      10.831961       0.020114        14.259575      
691             10.813000       154.676516      10.831935       0.020101        14.279676      
692             10.813000       154.893836      10.831908       0.020098        14.299774      
693             10.813000       155.111350      10.831881       0.020116        14.319890      
694             10.813000       155.395992      10.831847       0.026324        14.346214      
695             10.813000       155.615625      10.831820       0.020312        14.366526      
696             10.813000       155.833821      10.831794       0.020179        14.386705      
697             10.813000       156.051897      10.831767       0.020168        14.406873      
698             10.813000       156.269931      10.831741       0.020164        14.427037      
699             10.813000       156.487521      10.831715       0.020123        14.447160      
700             10.813000       156.706560      10.831689       0.020257        14.467417      
701             10.813000       156.924150      10.831663       0.020123        14.487540      
702             10.813000       157.141556      10.831637       0.020106        14.507646      
703             10.813000       157.359038      10.831611       0.020113        14.527759      
704             10.813000       157.576617      10.831585       0.020122        14.547881      
705             10.813000       157.795894      10.831560       0.020279        14.568160      
706             10.813000       158.014392      10.831534       0.020207        14.588367      
707             10.813000       158.231820      10.831508       0.020108        14.608475      
708             10.813000       158.450167      10.831483       0.020193        14.628668      
709             10.813000       158.668297      10.831457       0.020173        14.648841      
710             10.813000       158.886417      10.831432       0.020172        14.669013      
711             10.813000       159.107262      10.831406       0.020424        14.689437      
712             10.813000       159.326258      10.831381       0.020253        14.709690      
713             10.813000       159.544399      10.831356       0.020174        14.729864      
714             10.813000       159.783410      10.831328       0.022104        14.751968      
715             10.813000       160.001032      10.831303       0.020126        14.772094      
716             10.813000       160.220536      10.831278       0.020300        14.792394      
717             10.813000       160.439445      10.831253       0.020245        14.812639      
718             10.813000       160.657868      10.831228       0.020200        14.832839      
719             10.813000       160.877047      10.831204       0.020270        14.853109      
720             10.813000       161.094572      10.831179       0.020117        14.873226      
721             10.780000       161.313309      10.831109       0.020291        14.893517      
722             10.780000       161.530591      10.831040       0.020156        14.913673      
723             10.780000       161.750039      10.830971       0.020357        14.934030      
724             10.780000       161.989086      10.830895       0.022175        14.956205      
725             10.780000       162.206206      10.830827       0.020141        14.976346      
726             10.780000       162.424533      10.830758       0.020253        14.996599      
727             10.780000       162.641524      10.830690       0.020129        15.016728      
728             10.780000       162.867872      10.830619       0.020997        15.037725      
729             10.780000       163.090511      10.830550       0.020653        15.058378      
730             10.780000       163.315015      10.830480       0.020826        15.079204      
731             10.780000       163.531812      10.830413       0.020111        15.099315      
732             10.780000       163.748576      10.830346       0.020108        15.119423      
733             10.780000       163.994349      10.830270       0.022799        15.142222      
734             10.780000       164.215425      10.830202       0.020508        15.162730      
735             10.780000       164.435262      10.830134       0.020393        15.183123      
736             10.780000       164.654053      10.830067       0.020296        15.203419      
737             10.780000       164.872316      10.830001       0.020247        15.223666      
738             10.780000       165.090481      10.829934       0.020238        15.243904      
739             10.780000       165.308636      10.829868       0.020237        15.264141      
740             10.780000       165.525928      10.829802       0.020157        15.284298      
741             10.751000       165.744023      10.829698       0.020286        15.304584      
742             10.751000       165.960914      10.829594       0.020174        15.324758      
743             10.751000       166.178170      10.829491       0.020208        15.344966      
744             10.751000       166.394717      10.829388       0.020142        15.365108      
745             10.751000       166.653891      10.829265       0.024107        15.389215      
746             10.751000       166.873706      10.829161       0.020446        15.409661      
747             10.751000       167.092618      10.829058       0.020362        15.430023      
748             10.751000       167.312325      10.828955       0.020436        15.450459      
749             10.751000       167.530700      10.828853       0.020312        15.470771      
750             10.751000       167.748074      10.828751       0.020219        15.490990      
751             10.751000       167.969029      10.828648       0.020552        15.511542      
752             10.751000       168.212722      10.828535       0.022667        15.534209      
753             10.751000       168.430322      10.828434       0.020240        15.554449      
754             10.751000       168.655555      10.828330       0.020950        15.575399      
755             10.740000       168.875715      10.828214       0.020499        15.595898      
756             10.740000       169.097098      10.828097       0.020613        15.616511      
757             10.740000       169.330135      10.827975       0.021698        15.638209      
758             10.740000       169.547040      10.827861       0.020196        15.658405      
759             10.740000       169.771398      10.827744       0.020890        15.679295      
760             10.740000       169.992234      10.827629       0.020562        15.699857      
761             10.740000       170.216314      10.827513       0.020864        15.720721      
762             10.740000       170.432886      10.827401       0.020165        15.740886      
763             10.740000       170.650736      10.827289       0.020284        15.761170      
764             10.740000       170.898185      10.827161       0.023040        15.784210      
765             10.736000       171.115665      10.827044       0.020257        15.804467      
766             10.736000       171.332832      10.826928       0.020228        15.824695      
767             10.736000       171.549528      10.826812       0.020184        15.844879      
768             10.736000       171.783476      10.826687       0.021791        15.866670      
769             10.742000       172.038115      10.826561       0.023705        15.890375      
770             10.742000       172.258745      10.826452       0.020539        15.910914      
771             10.742000       172.474863      10.826345       0.020119        15.931033      
772             10.742000       172.692002      10.826238       0.020214        15.951247      
773             10.742000       172.928165      10.826122       0.021985        15.973232      
774             10.749000       173.149293      10.826023       0.020572        15.993804      
775             10.749000       173.370121      10.825924       0.020544        16.014348      
776             10.749000       173.588541      10.825827       0.020320        16.034668      
777             10.749000       173.807132      10.825730       0.020336        16.055004      
778             10.749000       174.045932      10.825624       0.022216        16.077220      
779             10.756000       174.264591      10.825536       0.020329        16.097549      
780             10.756000       174.481722      10.825449       0.020187        16.117736      
781             10.756000       174.700865      10.825361       0.020374        16.138110      
782             10.756000       174.919470      10.825274       0.020324        16.158434      
783             10.756000       175.136182      10.825187       0.020148        16.178582      
784             10.765000       175.353602      10.825112       0.020197        16.198779      
785             10.765000       175.574500      10.825036       0.020520        16.219299      
786             10.765000       175.810534      10.824955       0.021926        16.241225      
787             10.765000       176.031238      10.824880       0.020502        16.261727      
788             10.765000       176.251027      10.824805       0.020417        16.282144      
789             10.773000       176.471011      10.824740       0.020420        16.302564      
790             10.773000       176.693506      10.824674       0.020653        16.323217      
791             10.773000       176.919642      10.824608       0.020991        16.344208      
792             10.773000       177.137149      10.824544       0.020190        16.364398      
793             10.773000       177.372291      10.824476       0.021827        16.386225      
794             10.773000       177.592922      10.824411       0.020480        16.406705      
795             10.773000       177.811151      10.824348       0.020257        16.426962      
796             10.773000       178.050807      10.824278       0.022246        16.449208      
797             10.773000       178.268734      10.824215       0.020229        16.469437      
798             10.773000       178.492058      10.824151       0.020730        16.490167      
799             10.773000       178.712776      10.824088       0.020488        16.510655      
800             10.773000       178.966588      10.824015       0.023560        16.534215      
801             10.773000       179.184827      10.823952       0.020258        16.554473      
802             10.773000       179.402140      10.823890       0.020172        16.574645      
803             10.773000       179.724263      10.823799       0.029901        16.604546      
804             10.773000       179.979142      10.823726       0.023659        16.628205      
805             10.773000       180.195927      10.823665       0.020123        16.648328      
806             10.773000       180.412593      10.823604       0.020112        16.668440      
807             10.773000       180.630187      10.823543       0.020198        16.688638      
808             10.773000       180.851453      10.823481       0.020539        16.709177      
809             10.773000       181.068734      10.823420       0.020169        16.729346      
810             10.773000       181.285368      10.823359       0.020109        16.749455      
811             10.773000       181.502326      10.823299       0.020139        16.769594      
812             10.773000       181.718830      10.823239       0.020097        16.789691      
813             10.773000       181.935411      10.823178       0.020104        16.809795      
814             10.773000       182.154232      10.823118       0.020312        16.830107      
815             10.773000       182.373032      10.823057       0.020310        16.850417      
816             10.773000       182.590582      10.822998       0.020194        16.870611      
817             10.773000       182.808002      10.822938       0.020182        16.890793      
818             10.773000       183.025445      10.822878       0.020184        16.910977      
819             10.773000       183.242111      10.822819       0.020112        16.931089      
820             10.773000       183.459532      10.822760       0.020182        16.951271      
821             10.773000       183.676759      10.822701       0.020164        16.971435      
822             10.773000       183.894125      10.822642       0.020177        16.991612      
823             10.773000       184.110781      10.822583       0.020111        17.011723      
824             10.773000       184.327588      10.822524       0.020125        17.031848      
825             10.773000       184.547045      10.822465       0.020371        17.052219      
826             10.773000       184.766415      10.822406       0.020363        17.072582      
827             10.773000       184.984278      10.822348       0.020223        17.092805      
828             10.773000       185.201483      10.822289       0.020162        17.112967      
829             10.773000       185.441204      10.822225       0.022252        17.135219      
830             10.773000       185.660122      10.822167       0.020321        17.155540      
831             10.773000       185.879191      10.822109       0.020335        17.175875      
832             10.773000       186.097409      10.822051       0.020256        17.196131      
833             10.773000       186.315702      10.821993       0.020263        17.216394      
834             10.773000       186.532670      10.821936       0.020140        17.236534      
835             10.773000       186.751168      10.821879       0.020282        17.256816      
836             10.773000       186.992451      10.821815       0.022397        17.279213      
837             10.862000       187.210962      10.821862       0.020117        17.299330      
838             10.862000       187.430016      10.821909       0.020167        17.319497      
839             10.862000       187.651992      10.821956       0.020436        17.339933      
840             10.862000       187.871643      10.822003       0.020222        17.360155      
841             10.862000       188.092435      10.822049       0.020327        17.380482      
842             10.862000       188.313075      10.822096       0.020313        17.400795      
843             10.862000       188.530890      10.822142       0.020053        17.420848      
