1               101.416130      2.042419        101.416130      0.020139        0.020139       
2               108.613679      4.506104        105.228703      0.022683        0.042822       
3               108.724761      6.689514        106.344814      0.020082        0.062904       
4               106.921951      9.245483        106.503743      0.023905        0.086809       
5               135.557715      12.706543       113.106906      0.025532        0.112341       
6               107.799398      14.961060       112.273908      0.020914        0.133255       
7               105.864689      17.499695       111.296434      0.023980        0.157235       
8               183.634860      21.183594       119.481510      0.020061        0.177296       
9               220.745387      25.611084       129.772965      0.020057        0.197353       
10              254.456683      30.714722       141.275570      0.020057        0.217410       
11              152.339879      33.770203       142.210087      0.020057        0.237467       
12              117.688286      36.132324       140.299001      0.020071        0.257538       
13              108.310643      38.306335       137.986151      0.020072        0.277610       
14              149.098039      41.298584       138.735295      0.020069        0.297679       
15              147.799418      44.264771       139.307786      0.020069        0.317748       
16              143.419232      47.142334       139.551982      0.020064        0.337812       
17              133.280976      49.817017       139.200337      0.020068        0.357880       
18              105.345853      51.931519       137.402418      0.020072        0.377952       
19              136.760583      54.677124       137.370044      0.020076        0.398028       
20              218.395981      59.059021       141.258434      0.020064        0.418092       
21              226.391692      63.600891       145.156477      0.020062        0.438154       
22              140.644644      66.425598       144.958729      0.020084        0.458238       
23              120.897903      69.276733       143.781059      0.023583        0.481821       
24              147.294412      72.237793       143.921775      0.020103        0.501924       
25              141.841538      75.089233       143.841666      0.020103        0.522027       
26              137.791904      77.855957       143.617590      0.020079        0.542106       
27              142.269457      80.712585       143.569440      0.020079        0.562185       
28              166.273734      84.054688       144.353173      0.020100        0.582285       
29              129.256813      86.653137       143.849375      0.020103        0.602388       
30              151.673501      89.705566       144.102318      0.020125        0.622513       
31              87.807623       91.472168       142.339890      0.020119        0.642632       
32              92.811379       93.335449       140.839479      0.020076        0.662708       
33              107.293348      95.489685       139.853021      0.020078        0.682786       
34              114.829835      97.789612       139.139904      0.020029        0.702815       
35              115.614028      100.109985      138.486738      0.020070        0.722885       
36              126.578142      102.649902      138.165104      0.020066        0.742951       
37              119.214280      105.042175      137.666707      0.020067        0.763018       
38              112.486933      107.301025      137.021022      0.020081        0.783099       
39              105.252303      109.415649      136.226359      0.020091        0.803190       
40              186.271899      113.153381      137.446167      0.020066        0.823256       
41              253.957128      118.247253      140.217349      0.020058        0.843314       
42              236.146839      122.983887      142.445999      0.020058        0.863372       
43              150.375370      126.001770      142.626129      0.020069        0.883441       
44              111.540546      128.253662      141.931612      0.020189        0.903630       
45              101.997879      130.301270      141.063727      0.020075        0.923705       
46              140.004122      133.111572      141.041190      0.020073        0.943778       
47              143.145601      135.979065      141.084929      0.020032        0.963810       
48              151.342368      139.016052      141.294138      0.020067        0.983877       
49              128.384924      141.592224      141.036119      0.020066        1.003943       
50              107.138443      143.742493      140.371746      0.020070        1.024013       
51              135.899636      146.469727      140.285789      0.020068        1.044081       
52              222.318883      150.929443      141.832185      0.020060        1.064141       
53              211.037996      155.167297      143.113954      0.020081        1.084222       
54              147.159298      158.119019      143.187433      0.020058        1.104280       
55              132.792787      160.786560      143.001722      0.020088        1.124368       
56              114.225450      163.083862      142.496035      0.020112        1.144480       
57              127.080412      165.638306      142.229957      0.020101        1.164581       
58              139.955527      168.450012      142.191387      0.020090        1.184671       
59              129.427717      171.049438      141.978608      0.020084        1.204755       
60              186.498847      174.789673      142.707581      0.020055        1.224810       
61              122.358845      177.248596      142.379100      0.020096        1.244906       
62              146.923989      180.198242      142.451230      0.020076        1.264982       
63              118.512890      182.579285      142.076975      0.020091        1.285073       
64              75.699170       184.097961      141.056643      0.020062        1.305135       
65              96.285893       186.100708      140.354322      0.020800        1.325935       
66              109.176012      188.598328      139.825511      0.022877        1.348812       
67              111.450214      190.835022      139.409505      0.020069        1.368881       
68              123.256702      193.308044      139.176169      0.020064        1.388945       
69              124.239708      195.800293      138.963519      0.020060        1.409005       
70              109.438155      197.996826      138.548843      0.020071        1.429076       
71              108.234623      200.169312      138.128964      0.020072        1.449148       
72              143.622154      203.050659      138.203973      0.020062        1.469210       
73              242.184116      207.908630      139.604484      0.020059        1.489269       
74              264.534364      213.214661      141.264723      0.020058        1.509327       
75              164.004976      216.504272      141.562963      0.020058        1.529385       
76              123.985069      218.994141      141.335143      0.020082        1.549467       
77              98.258159       220.968933      140.783550      0.020098        1.569565       
78              130.983750      223.598694      140.659780      0.020077        1.589642       
79              142.422460      226.457397      140.681759      0.020072        1.609714       
80              150.522974      229.478394      140.802949      0.020070        1.629784       
81              136.961025      232.220764      140.756321      0.020023        1.649807       
82              109.876664      234.425659      140.385238      0.020067        1.669874       
83              101.598610      236.465759      139.924376      0.020080        1.689954       
84              195.984754      240.398193      140.582177      0.020065        1.710019       
85              259.581202      245.605652      141.962020      0.020061        1.730080       
86              138.849131      248.394714      141.926293      0.020087        1.750167       
87              118.667928      250.800232      141.659991      0.020271        1.770438       
88              120.735397      253.223633      141.425422      0.020072        1.790510       
89              144.419121      256.128479      141.458679      0.020114        1.810624       
90              142.132092      258.986755      141.466076      0.020110        1.830734       
91              134.356373      261.684631      141.388941      0.020080        1.850814       
92              125.977560      264.213379      141.223590      0.020073        1.870887       
93              174.110143      267.711426      141.572999      0.020091        1.890978       
94              130.077858      270.327942      141.452008      0.020115        1.911093       
95              156.104063      273.461731      141.604320      0.020075        1.931168       
96              85.129905       275.167053      141.024525      0.020032        1.951200       
97              81.818129       276.809143      140.421730      0.020070        1.971270       
98              106.618451      278.949402      140.080971      0.020074        1.991344       
99              105.930492      281.075745      139.740166      0.020073        2.011417       
100             116.947057      283.423340      139.514937      0.020074        2.031491       
101             127.091942      285.973694      139.393424      0.020067        2.051558       
102             114.868600      288.416260      139.141836      0.021264        2.072822       
103             107.431602      290.573486      138.837598      0.020080        2.092902       
104             104.805727      292.679138      138.514012      0.020091        2.112993       
105             196.400165      296.620300      139.058583      0.020067        2.133060       
106             252.024079      301.675903      140.111050      0.020060        2.153120       
107             232.410117      306.337585      140.962952      0.020058        2.173178       
108             150.285021      309.356812      141.048340      0.020090        2.193268       
109             102.430061      311.414734      140.697796      0.020091        2.213359       
110             102.951232      313.481995      140.358431      0.020080        2.233439       
111             146.123771      316.415283      140.409788      0.020074        2.253513       
112             145.036021      319.327026      140.450638      0.020076        2.273589       
113             144.061814      322.219788      140.482252      0.020080        2.293669       
114             128.854362      324.806152      140.381379      0.020072        2.313741       
115             131.901744      327.453552      140.308453      0.020071        2.333812       
116             130.207522      330.067078      140.222321      0.020072        2.353884       
117             206.098977      334.202454      140.779121      0.020065        2.373949       
118             207.922095      338.376282      141.342118      0.020074        2.394023       
119             141.113233      341.211670      141.340213      0.020093        2.414116       
120             109.332646      343.409912      141.075839      0.020106        2.434222       
121             130.307479      346.030396      140.987607      0.020110        2.454332       
122             138.942683      348.822449      140.971000      0.020095        2.474427       
123             144.028379      351.714539      140.995611      0.020080        2.494507       
124             116.069196      354.046021      140.796495      0.020087        2.514594       
125             211.265022      358.289490      141.354920      0.020086        2.534680       
126             126.908539      360.839844      141.241284      0.020096        2.554776       
127             133.332668      363.730896      141.174727      0.021683        2.576459       
128             119.422030      366.128174      141.006555      0.020074        2.596533       
129             79.156866       367.719543      140.531355      0.020104        2.616637       
130             96.158709       370.044373      140.125118      0.024177        2.640814       
131             131.552918      372.686218      140.060423      0.020082        2.660896       
132             119.425993      375.084412      139.905867      0.020081        2.680977       
133             129.318522      377.680481      139.827179      0.020075        2.701052       
134             115.233572      379.994141      139.645714      0.020078        2.721130       
135             113.039430      382.265442      139.450691      0.020093        2.741223       
136             87.944713       384.341553      139.010917      0.023607        2.764830       
137             250.850724      389.379639      139.817473      0.020084        2.784914       
138             252.751697      394.449585      140.625092      0.020059        2.804973       
139             207.626648      398.613953      141.100786      0.020057        2.825030       
140             139.241196      401.411865      141.087652      0.020094        2.845124       
141             105.871236      403.538818      140.840725      0.020090        2.865214       
142             112.444544      405.796143      140.643153      0.020075        2.885289       
143             143.492664      408.676758      140.662842      0.020075        2.905364       
144             147.377721      411.635071      140.708917      0.020073        2.925437       
145             142.319072      414.491699      140.719889      0.020072        2.945509       
146             120.933106      416.919189      140.585959      0.020073        2.965582       
147             151.732542      419.967041      140.660951      0.020087        2.985669       
148             111.477032      422.206726      140.465881      0.020091        3.005760       
149             191.125353      426.038025      140.801500      0.020046        3.025806       
150             227.479472      430.604675      141.372784      0.020075        3.045881       
151             146.846299      433.556580      141.408670      0.020102        3.065983       
152             117.525788      435.917908      141.253180      0.020092        3.086075       
153             143.416836      438.802307      141.267189      0.020112        3.106187       
154             124.471288      441.305176      141.159160      0.020108        3.126295       
155             144.251107      444.203613      141.178905      0.020093        3.146388       
156             118.669349      446.588867      141.036021      0.020100        3.166488       
157             197.474181      450.559875      141.392173      0.020109        3.186597       
158             121.262744      452.997742      141.265975      0.020104        3.206701       
159             155.103633      456.122925      141.352379      0.020149        3.226850       
160             102.572000      458.183289      141.112466      0.020087        3.246937       
161             77.339380       459.735413      140.720713      0.020069        3.267006       
162             104.327181      461.829468      140.498482      0.020072        3.287078       
163             108.778658      464.012329      140.306013      0.020067        3.307145       
164             112.387067      466.447083      140.124315      0.021664        3.328809       
165             130.413751      469.063965      140.066131      0.020066        3.348875       
166             118.703296      471.445984      139.938884      0.020067        3.368942       
167             107.596053      473.605652      139.747328      0.020072        3.389014       
168             110.360485      475.822021      139.574210      0.020083        3.409097       
169             168.959133      479.212524      139.746167      0.020067        3.429164       
170             252.812985      484.283447      140.403676      0.020058        3.449222       
171             250.046959      489.298889      141.037590      0.020058        3.469280       
172             150.729268      492.325684      141.093365      0.020081        3.489361       
173             114.564420      494.625793      140.941596      0.020077        3.509438       
174             96.220164       496.558472      140.687093      0.020086        3.529524       
175             136.133839      499.292175      140.661334      0.020081        3.549605       
176             143.950898      502.181702      140.679832      0.020073        3.569678       
177             149.259889      505.177795      140.727810      0.020073        3.589751       
178             133.665045      507.858582      140.688569      0.020056        3.609807       
179             105.170842      509.969360      140.492188      0.020070        3.629877       
180             102.670199      512.031799      140.284030      0.020088        3.649965       
181             231.421925      516.675049      140.782280      0.020064        3.670029       
182             235.644755      521.401611      141.297918      0.020058        3.690087       
183             134.188592      524.096252      141.259440      0.020081        3.710168       
184             112.392710      526.353210      141.104042      0.020081        3.730249       
185             122.651078      528.815186      141.005275      0.020073        3.750322       
186             145.581164      531.737000      141.029633      0.020070        3.770392       
187             132.975747      534.405823      140.986989      0.020070        3.790462       
188             157.278223      537.561768      141.072777      0.020066        3.810528       
189             142.976963      540.436462      141.082772      0.020106        3.830634       
190             123.657809      542.922974      140.991781      0.020108        3.850742       
191             168.051628      546.301147      141.132308      0.020102        3.870844       
192             133.016786      548.977844      141.090337      0.020123        3.890967       
193             76.337331       550.508179      140.758427      0.020047        3.911014       
194             93.472798       552.555420      140.495098      0.021902        3.932916       
195             107.575062      554.883667      140.314929      0.021643        3.954559       
196             104.551750      557.209839      140.114846      0.022249        3.976808       
197             119.961770      559.616272      140.013699      0.020060        3.996868       
198             120.947862      562.043091      139.918463      0.020065        4.016933       
199             111.798453      564.287109      139.778650      0.020072        4.037005       
200             106.700545      566.429016      139.614983      0.020074        4.057079       
201             115.353190      568.743347      139.495595      0.020063        4.077142       
202             248.239456      573.722534      140.027954      0.020058        4.097200       
203             264.662167      579.031128      140.635133      0.020058        4.117258       
204             170.121272      582.443420      140.778084      0.020058        4.137316       
205             129.856928      585.052246      140.725310      0.020090        4.157406       
206             103.504832      587.131348      140.546339      0.020087        4.177493       
207             116.776524      589.475403      140.432670      0.020073        4.197566       
208             145.452015      592.394043      140.456551      0.020066        4.217632       
209             143.173653      595.267395      140.469418      0.020069        4.237701       
210             123.874867      598.129028      140.379447      0.023101        4.260802       
211             129.538236      600.730286      140.328592      0.020081        4.280883       
212             150.134094      603.747681      140.374412      0.020098        4.300981       
213             150.323056      606.769775      140.420699      0.020104        4.321085       
214             235.310149      611.494568      140.859587      0.020079        4.341164       
215             168.765299      614.892151      140.988401      0.020132        4.361296       
216             138.215958      617.669739      140.975685      0.020096        4.381392       
217             120.975839      620.098450      140.884462      0.020076        4.401468       
218             142.669602      622.964111      140.892571      0.020086        4.421554       
219             146.200208      625.903320      140.916595      0.020104        4.441658       
220             114.748279      628.210449      140.798673      0.020106        4.461764       
221             185.450281      631.927429      140.998358      0.020043        4.481807       
222             128.079900      634.499146      140.940740      0.020079        4.501886       
223             127.632233      637.060852      140.881670      0.020071        4.521957       
224             146.160014      639.992676      140.904980      0.020059        4.542016       
225             75.586020       641.509460      140.617665      0.020067        4.562083       
226             97.603090       643.728271      140.404385      0.022733        4.584816       
227             111.091585      645.958435      140.276596      0.020075        4.604891       
228             105.592979      648.078003      140.126064      0.020073        4.624964       
229             108.795124      650.456482      139.978661      0.021862        4.646826       
230             107.853615      653.044861      139.813601      0.023999        4.670825       
231             136.838646      655.795044      139.800855      0.020098        4.690923       
232             105.385710      657.913086      139.654034      0.020098        4.711021       
233             135.131471      660.626526      139.634839      0.020080        4.731101       
234             253.376028      665.712036      140.115331      0.020071        4.751172       
235             263.576248      671.001221      140.634586      0.020067        4.771239       
236             162.665081      674.264282      140.726822      0.020060        4.791299       
237             120.140359      676.676941      140.640897      0.020082        4.811381       
238             107.216369      678.830811      140.501920      0.020089        4.831470       
239             127.904466      681.398621      140.449791      0.020076        4.851546       
240             142.887633      684.267090      140.459837      0.020075        4.871621       
241             148.492326      687.247925      140.492799      0.020074        4.891695       
242             134.850490      689.953430      140.469752      0.020063        4.911758       
243             106.650969      692.092102      140.332243      0.020053        4.931811       
244             206.638304      696.239746      140.601009      0.020072        4.951883       
245             108.799555      698.425964      140.472485      0.020094        4.971977       
246             222.683190      702.897888      140.803201      0.020082        4.992059       
247             162.023967      706.151978      140.888234      0.020084        5.012143       
248             147.422910      709.114441      140.914329      0.020095        5.032238       
249             131.922229      711.768188      140.878527      0.020116        5.052354       
250             124.291870      714.267822      140.812765      0.020111        5.072465       
251             145.602122      717.195007      140.831672      0.020104        5.092569       
252             116.871438      719.544006      140.737479      0.020099        5.112668       
253             197.598291      723.527588      140.960809      0.020160        5.132828       
254             126.647949      726.075745      140.904924      0.020120        5.152948       
255             152.149607      729.137451      140.948665      0.020123        5.173071       
256             104.407035      731.236450      140.807204      0.020104        5.193175       
257             77.087397       732.905701      140.542614      0.021654        5.214829       
258             112.403056      735.170959      140.434286      0.020153        5.234982       
259             106.408576      737.306580      140.304336      0.020070        5.255052       
260             111.309955      739.541016      140.194000      0.020074        5.275126       
261             123.426784      742.017944      140.130455      0.020068        5.295194       
262             127.141618      744.568787      140.081427      0.020063        5.315257       
263             109.108897      746.758057      139.964946      0.020065        5.335322       
264             106.218092      748.888367      139.838564      0.020056        5.355378       
265             174.872489      752.635010      139.978164      0.021425        5.376803       
266             251.556253      757.680725      140.392855      0.020058        5.396861       
267             245.348730      762.601685      140.781471      0.020057        5.416918       
268             155.350874      765.717712      140.835220      0.020058        5.436976       
269             107.679022      768.365540      140.685939      0.024590        5.461566       
270             106.199530      770.497070      140.559667      0.020071        5.481637       
271             137.915978      773.279663      140.549972      0.020176        5.501813       
272             152.625903      776.343018      140.593866      0.020071        5.521884       
273             142.298794      779.199097      140.600040      0.020071        5.541955       
274             120.852536      782.324585      140.508315      0.025862        5.567817       
275             99.629755       784.324951      140.361433      0.020078        5.587895       
276             163.263264      787.601318      140.443387      0.020068        5.607963       
277             260.309785      792.823914      140.870691      0.020063        5.628026       
278             172.986578      796.301636      140.985005      0.020104        5.648130       
279             104.362582      798.398071      140.855216      0.020088        5.668218       
280             152.004229      801.450012      140.894569      0.020078        5.688296       
281             123.139612      803.924133      140.832076      0.020092        5.708388       
282             115.411877      806.242065      140.742953      0.020084        5.728472       
283             115.584263      808.562073      140.655107      0.020072        5.748544       
284             197.153892      812.531372      140.852291      0.020133        5.768677       
285             120.388887      814.952393      140.781202      0.020110        5.788787       
286             168.996611      818.349731      140.878848      0.020103        5.808890       
287             126.318325      820.885193      140.828709      0.020072        5.828962       
288             112.128980      823.134949      140.730260      0.020064        5.849026       
289             64.203115       824.662598      140.420207      0.023794        5.872820       
290             128.535360      827.244873      140.379689      0.020090        5.892910       
291             109.705222      829.447754      140.275521      0.020080        5.912990       
292             112.062456      831.697632      140.180051      0.020077        5.933067       
293             130.604464      834.317688      140.147782      0.020061        5.953128       
294             117.537924      836.676086      140.071832      0.020065        5.973193       
295             108.498497      838.853760      139.966095      0.020071        5.993264       
296             109.468133      841.051880      139.864255      0.020080        6.013344       
297             175.346041      844.570374      139.982261      0.020066        6.033410       
298             254.404439      849.673218      140.361396      0.020058        6.053468       
299             243.115105      854.549377      140.700726      0.020057        6.073525       
300             145.176609      857.464233      140.715474      0.020078        6.093603       
301             110.258038      859.677002      140.615493      0.020069        6.113672       
302             104.595227      861.777588      140.497556      0.020083        6.133755       
303             136.331830      864.512268      140.483978      0.020059        6.153814       
304             142.440708      867.370911      140.490338      0.020069        6.173883       
305             144.933407      870.279724      140.504735      0.020070        6.193953       
306             141.287732      873.114380      140.507263      0.020063        6.214016       
307             103.745164      875.195923      140.388946      0.020064        6.234080       
308             95.901968       877.121826      140.246100      0.020082        6.254162       
309             237.941908      881.896606      140.558562      0.020067        6.274229       
310             233.505573      886.580261      140.854756      0.020058        6.294287       
311             128.246471      889.155579      140.814659      0.020081        6.314368       
312             117.689595      891.518433      140.741364      0.020077        6.334445       
313             141.136197      894.351318      140.742612      0.020072        6.354517       
314             137.366346      897.108948      140.731979      0.020075        6.374592       
315             119.135930      899.500244      140.664192      0.020072        6.394664       
316             136.543695      902.240540      140.651301      0.020069        6.414733       
317             199.939613      906.260925      140.836569      0.020108        6.434841       
318             121.175813      908.700073      140.775259      0.020129        6.454970       
319             136.728577      911.451599      140.762682      0.020124        6.475094       
320             137.525827      914.214355      140.752671      0.020089        6.495183       
321             80.753739       915.835083      140.567846      0.020070        6.515253       
322             99.725468       918.085388      140.426881      0.022565        6.537818       
323             116.336486      920.420959      140.353132      0.020076        6.557894       
324             110.471504      922.638123      140.261960      0.020070        6.577964       
325             125.647375      925.159363      140.217514      0.020066        6.598030       
326             127.825707      927.725464      140.179925      0.020075        6.618105       
327             115.478491      930.043579      140.105228      0.020074        6.638179       
328             107.334647      932.197571      140.006457      0.020068        6.658247       
329             109.233457      934.388794      139.914022      0.020060        6.678307       
330             257.885555      939.561462      140.267283      0.020058        6.698365       
331             253.378971      944.643738      140.604981      0.020058        6.718423       
332             186.595887      948.386292      140.741872      0.020057        6.738480       
333             128.322694      950.964294      140.704956      0.020090        6.758570       
334             103.372313      953.040527      140.594340      0.020085        6.778655       
335             120.643675      955.461243      140.535460      0.020065        6.798720       
336             142.083734      958.311584      140.540015      0.020061        6.818781       
337             143.818086      961.192261      140.549616      0.020030        6.838811       
338             148.243015      964.166016      140.572117      0.020060        6.858871       
339             117.057058      966.514648      140.503530      0.020064        6.878935       
340             98.186594       968.485352      140.380419      0.020071        6.899006       
341             184.793287      972.194153      140.509246      0.020070        6.919076       
342             250.587315      977.221436      140.827497      0.020062        6.939138       
343             163.977175      980.519836      140.894409      0.020115        6.959253       
344             124.960557      983.032043      140.848511      0.020104        6.979357       
345             114.373334      985.330261      140.772506      0.020094        6.999451       
346             139.740384      988.136108      140.769554      0.020079        7.019530       
347             152.671467      991.202209      140.803509      0.020083        7.039613       
348             109.220966      993.396240      140.713642      0.020088        7.059701       
349             130.532557      996.017334      140.684766      0.020080        7.079781       
350             192.209791      999.874023      140.830382      0.020065        7.099846       
351             127.825082      1002.444458     140.793651      0.020109        7.119955       
352             149.757894      1005.459534     140.818927      0.020133        7.140088       
353             90.590044       1007.280212     140.677939      0.020098        7.160186       
354             86.238964       1009.059753     140.521502      0.020635        7.180821       
355             107.039539      1011.208679     140.428155      0.020076        7.200897       
356             109.855980      1013.412720     140.343212      0.020063        7.220960       
357             112.742539      1015.674561     140.266741      0.020062        7.241022       
358             134.104557      1018.365234     140.249714      0.020064        7.261086       
359             116.963519      1020.712341     140.185537      0.020067        7.281153       
360             107.527420      1022.871277     140.095729      0.020078        7.301231       
361             111.355353      1025.107849     140.016883      0.020085        7.321316       
362             164.627661      1028.411926     140.084165      0.020070        7.341386       
363             258.804521      1033.603027     140.407647      0.020058        7.361444       
364             249.039748      1038.598267     140.702836      0.020058        7.381502       
365             151.856029      1041.644043     140.733059      0.020057        7.401559       
366             108.497149      1043.822449     140.645851      0.020078        7.421637       
367             107.215629      1045.976196     140.555610      0.020088        7.441725       
368             139.587524      1048.779114     140.553005      0.020080        7.461805       
369             145.024640      1051.689758     140.565000      0.020070        7.481875       
370             143.387314      1054.568115     140.572552      0.020074        7.501949       
371             140.751627      1057.392578     140.573030      0.020067        7.522016       
372             100.966147      1059.419373     140.467612      0.020074        7.542090       
373             97.042098       1061.367493     140.352332      0.020075        7.562165       
374             255.001190      1066.483582     140.655699      0.020063        7.582228       
375             222.946595      1070.955444     140.872817      0.020058        7.602286       
376             122.666015      1073.418823     140.824849      0.020082        7.622368       
377             124.703130      1075.922363     140.782499      0.020076        7.642444       
378             115.682524      1078.244690     140.716739      0.020075        7.662519       
379             139.160521      1081.037781     140.712674      0.020071        7.682590       
380             155.591739      1084.159729     140.751433      0.020065        7.702655       
381             115.661879      1086.481873     140.686207      0.020077        7.722732       
382             192.847127      1090.351929     140.821399      0.020068        7.742800       
383             133.323470      1093.028931     140.802005      0.020079        7.762879       
384             146.904495      1096.226013     140.819066      0.021763        7.784642       
385             133.875329      1098.913025     140.801209      0.020071        7.804713       
386             72.226812       1100.361389     140.625469      0.020053        7.824766       
387             99.691678       1102.558594     140.510495      0.022040        7.846806       
388             115.018551      1104.866211     140.445482      0.020063        7.866869       
389             109.214081      1107.057373     140.366035      0.020063        7.886932       
390             128.078309      1109.627136     140.334855      0.020064        7.906996       
391             126.382182      1112.163879     140.299526      0.020072        7.927068       
392             110.501180      1114.382080     140.224257      0.020074        7.947142       
393             107.476007      1116.539124     140.141761      0.020070        7.967212       
394             121.474016      1118.976135     140.094873      0.020062        7.987274       
395             252.772996      1124.046509     140.377140      0.020059        8.007333       
396             255.305147      1129.167419     140.664310      0.020058        8.027391       
397             177.363167      1132.724792     140.755777      0.020057        8.047448       
398             126.115616      1135.257446     140.719334      0.020082        8.067530       
399             100.468443      1137.275757     140.619354      0.020089        8.087619       
400             115.897159      1139.601929     140.558153      0.020071        8.107690       
401             148.992577      1142.591614     140.578976      0.020066        8.127756       
402             143.134655      1145.462036     140.585266      0.020054        8.147810       
403             141.054227      1148.291443     140.586418      0.020059        8.167869       
404             117.625252      1150.651123     140.530161      0.020061        8.187930       
405             101.445394      1152.686523     140.434621      0.020064        8.207994       
406             161.662575      1155.931091     140.486400      0.020070        8.228064       
407             264.171350      1161.231689     140.787285      0.020065        8.248129       
408             176.366322      1164.774536     140.873726      0.020088        8.268217       
409             118.822308      1167.163696     140.820231      0.020107        8.288324       
410             111.569836      1169.406250     140.749467      0.020100        8.308424       
411             119.116851      1171.798950     140.697293      0.020087        8.328511       
412             150.070711      1174.813721     140.719848      0.020089        8.348600       
413             129.963016      1177.833801     140.689990      0.023238        8.371838       
414             186.308887      1181.575256     140.799156      0.020082        8.391920       
415             128.113999      1184.149963     140.768850      0.020097        8.412017       
416             130.207321      1186.766479     140.743681      0.020095        8.432112       
417             162.627648      1190.031067     140.795655      0.020074        8.452186       
418             82.767003       1191.693359     140.658095      0.020084        8.472270       
419             96.050867       1193.955261     140.534451      0.023549        8.495819       
420             110.208614      1196.168030     140.462952      0.020078        8.515897       
421             109.516681      1198.366577     140.390172      0.020075        8.535972       
422             123.239498      1200.837036     140.349989      0.020046        8.556018       
423             132.904956      1203.869263     140.330190      0.022815        8.578833       
424             106.248967      1206.379395     140.236592      0.023625        8.602458       
425             112.763264      1208.644470     140.172591      0.020087        8.622545       
426             148.451074      1211.624329     140.191818      0.020073        8.642618       
427             247.817881      1216.597290     140.441132      0.020067        8.662685       
428             265.759078      1221.938782     140.731220      0.020099        8.682784       
429             153.336012      1225.009949     140.760229      0.020029        8.702813       
430             118.723302      1227.397949     140.709414      0.020114        8.722927       
431             97.272142       1229.367126     140.608839      0.020244        8.743171       
432             132.260802      1232.363098     140.587267      0.022652        8.765823       
433             150.522768      1235.383789     140.609961      0.020068        8.785891       
434             142.077750      1238.234863     140.613306      0.020067        8.805958       
435             136.019641      1240.964233     140.602862      0.020066        8.826024       
436             105.470818      1243.080505     140.523174      0.020065        8.846089       
437             99.332619       1245.074707     140.429905      0.020076        8.866165       
438             242.337244      1249.938416     140.660068      0.020070        8.886235       
439             232.186132      1254.596069     140.866215      0.020060        8.906295       
440             125.946332      1257.126709     140.832631      0.020093        8.926388       
441             118.120604      1259.499634     140.781632      0.020089        8.946477       
442             122.556600      1261.960815     140.740814      0.020082        8.966559       
443             153.568612      1265.052612     140.769553      0.020133        8.986692       
444             139.612116      1267.860352     140.766968      0.020111        9.006803       
445             131.155095      1270.494995     140.745578      0.020088        9.026891       
446             164.831707      1273.804321     140.799030      0.020077        9.046968       
447             150.504386      1276.828857     140.820541      0.020096        9.067064       
448             123.322316      1279.305786     140.781865      0.020085        9.087149       
449             151.326029      1282.339722     140.805078      0.020049        9.107198       
450             73.764251       1283.819580     140.657720      0.020062        9.127260       
451             96.112657       1285.748657     140.559979      0.020071        9.147331       
452             106.603207      1287.888184     140.485639      0.020070        9.167401       
453             105.741758      1290.010315     140.409744      0.020069        9.187470       
454             115.902626      1292.336365     140.356328      0.020069        9.207539       
455             125.303983      1294.850464     140.323599      0.020064        9.227603       
456             116.355205      1297.185364     140.271589      0.020067        9.247670       
457             106.791003      1299.329407     140.199059      0.020077        9.267747       
458             101.977522      1301.377319     140.116417      0.020082        9.287829       
459             208.817129      1305.567444     140.264522      0.020066        9.307895       
460             264.451192      1310.872070     140.531575      0.020059        9.327954       
461             207.638820      1315.036682     140.675560      0.020057        9.348011       
462             140.324328      1317.854675     140.674807      0.020082        9.368093       
463             106.456986      1320.232605     140.593413      0.022337        9.390430       
464             112.226269      1322.856567     140.522958      0.023381        9.413811       
465             142.181199      1325.710144     140.526486      0.020070        9.433881       
466             151.400395      1328.748901     140.549571      0.020071        9.453952       
467             143.668491      1331.631897     140.556178      0.020067        9.474019       
468             119.768419      1334.035889     140.512229      0.020072        9.494091       
469             98.300806       1336.009277     140.423162      0.020075        9.514166       
470             161.696935      1339.254211     140.467940      0.020068        9.534234       
471             250.687701      1344.290527     140.699701      0.020090        9.554324       
472             187.933469      1348.065735     140.798802      0.020088        9.574412       
473             116.249629      1350.401306     140.747395      0.020091        9.594503       
474             109.316426      1352.597473     140.681719      0.020090        9.614593       
475             125.600569      1355.120789     140.650272      0.020090        9.634683       
476             139.332658      1357.919006     140.647532      0.020083        9.654766       
477             150.661441      1360.942932     140.668306      0.020071        9.674837       
478             151.171155      1363.977844     140.690055      0.020076        9.694913       
479             165.454884      1367.305969     140.741331      0.020115        9.715028       
480             125.787343      1369.836182     140.710432      0.020115        9.735143       
481             143.931207      1372.731934     140.717075      0.020119        9.755262       
482             107.510075      1374.892456     140.648809      0.020096        9.775358       
483             74.172114       1376.381165     140.512597      0.020071        9.795429       
484             111.880058      1378.628052     140.454013      0.020083        9.815512       
485             104.566108      1380.727112     140.380768      0.020074        9.835586       
486             106.914156      1382.872986     140.312613      0.020071        9.855657       
487             125.306219      1385.387756     140.282118      0.020069        9.875726       
488             122.438287      1387.845093     140.245928      0.020070        9.895796       
489             114.011532      1390.134216     140.192808      0.020078        9.915874       
490             107.813482      1392.299866     140.127348      0.020087        9.935961       
491             141.979363      1395.148682     140.131081      0.020065        9.956026       
492             247.685112      1400.117493     140.347362      0.020061        9.976087       
493             264.282835      1405.419006     140.596072      0.020060        9.996147       
494             159.747913      1408.623230     140.634425      0.020058        10.016205      
495             119.174440      1411.016968     140.591476      0.020086        10.036291      
496             102.387629      1413.073730     140.515163      0.020088        10.056379      
497             135.218544      1415.788513     140.504609      0.020077        10.076456      
498             147.282204      1418.745056     140.518085      0.020074        10.096530      
499             140.328563      1421.562012     140.517708      0.020074        10.116604      
500             143.601576      1424.443665     140.523813      0.020067        10.136671      
501             110.362483      1426.659302     140.464196      0.020076        10.156747      
502             97.726143       1428.622131     140.379848      0.020085        10.176832      
503             200.606207      1432.648499     140.498394      0.020071        10.196903      
504             258.583989      1437.835693     140.730244      0.020060        10.216963      
505             144.698321      1440.742249     140.738030      0.020087        10.237050      
506             123.221575      1443.218140     140.703716      0.020093        10.257143      
507             126.908484      1445.765320     140.676775      0.020071        10.277214      
508             136.296780      1448.507202     140.668218      0.020117        10.297331      
509             139.540146      1451.313354     140.666019      0.020110        10.317441      
510             128.592110      1453.897156     140.642551      0.020093        10.337534      
511             164.946324      1457.208618     140.689659      0.020076        10.357610      
512             144.509306      1460.112244     140.697054      0.020093        10.377703      
513             136.908745      1462.865479     140.689728      0.020110        10.397813      
514             134.790757      1465.586365     140.678298      0.020186        10.417999      
515             79.390748       1467.178467     140.560550      0.020054        10.438053      
516             94.963834       1469.149536     140.470061      0.020756        10.458809      
517             109.424101      1471.345459     140.410605      0.020068        10.478877      
518             112.054926      1473.594177     140.356405      0.020068        10.498945      
519             114.163905      1476.008972     140.303742      0.021152        10.520097      
520             126.258344      1478.542725     140.277000      0.020068        10.540165      
521             112.480619      1480.827881     140.223526      0.020316        10.560481      
522             106.911810      1482.975098     140.160294      0.020084        10.580565      
523             102.086157      1485.023865     140.088212      0.020069        10.600634      
524             243.045333      1489.899597     140.282684      0.020061        10.620695      
525             256.435893      1495.043701     140.501656      0.020060        10.640755      
526             192.100476      1498.895508     140.598704      0.020051        10.660806      
527             140.452530      1501.718323     140.598429      0.020098        10.680904      
528             103.785275      1503.804199     140.529289      0.020098        10.701002      
529             113.931886      1506.092407     140.479463      0.020084        10.721086      
530             149.024770      1509.084229     140.495435      0.020076        10.741162      
531             144.175643      1511.978699     140.502301      0.020076        10.761238      
532             145.782905      1514.906311     140.512137      0.020082        10.781320      
533             121.231511      1517.755615     140.470197      0.023503        10.804823      
534             96.485513       1519.693237     140.388598      0.020082        10.824905      
535             163.788313      1522.980469     140.431902      0.020070        10.844975      
536             253.009007      1528.056335     140.639773      0.020062        10.865037      
537             164.081563      1531.351257     140.683019      0.020081        10.885118      
538             136.161891      1534.087158     140.674688      0.020093        10.905211      
539             115.014120      1536.397217     140.627514      0.020085        10.925296      
540             127.478299      1538.956726     140.603393      0.020078        10.945374      
541             149.464236      1541.957520     140.619617      0.020077        10.965451      
542             107.846700      1544.124268     140.559680      0.020091        10.985542      
543             210.640720      1548.355408     140.687589      0.020087        11.005629      
544             123.380158      1550.839050     140.655990      0.020130        11.025759      
545             131.739910      1553.485046     140.639778      0.020085        11.045844      
546             149.428488      1556.484375     140.655719      0.020072        11.065916      
547             95.387396       1558.398132     140.573794      0.020063        11.085979      
548             84.764518       1560.333984     140.459059      0.022838        11.108817      
549             111.042097      1562.563599     140.405984      0.020079        11.128896      
550             106.138711      1564.693909     140.344295      0.020071        11.148967      
551             114.655707      1566.994934     140.298136      0.020069        11.169036      
552             120.762438      1569.418274     140.263100      0.020067        11.189103      
553             117.773400      1571.840637     140.221835      0.020568        11.209671      
554             108.522818      1574.019775     140.165154      0.020080        11.229751      
555             107.179388      1576.171509     140.106289      0.020076        11.249827      
556             158.257666      1579.364990     140.138789      0.020179        11.270006      
557             235.917799      1584.096558     140.308933      0.020056        11.290062      
558             244.292779      1588.996338     140.493335      0.020057        11.310119      
559             156.342870      1592.132263     140.521394      0.020058        11.330177      
560             122.240420      1594.588440     140.489032      0.020093        11.350270      
561             100.754472      1596.613403     140.418798      0.020098        11.370368      
562             129.881181      1599.529236     140.398033      0.022450        11.392818      
563             142.369768      1602.387878     140.401502      0.020079        11.412897      
564             145.475685      1605.308594     140.410412      0.020077        11.432974      
565             131.143764      1607.940125     140.394177      0.020066        11.453040      
566             111.851688      1610.186218     140.344220      0.020081        11.473121      
567             96.129004       1612.117065     140.266948      0.020086        11.493207      
568             193.190808      1615.994019     140.359196      0.020068        11.513275      
569             268.683074      1621.384338     140.582412      0.020062        11.533337      
570             138.304619      1624.162048     140.578453      0.020084        11.553421      
571             106.497919      1626.302124     140.519279      0.020095        11.573516      
572             126.240851      1628.836914     140.494550      0.020079        11.593595      
573             149.645558      1631.841797     140.510372      0.020080        11.613675      
574             127.682251      1634.405273     140.488234      0.020077        11.633752      
575             120.360269      1636.819580     140.453589      0.020059        11.653811      
576             213.966556      1641.115601     140.580024      0.020078        11.673889      
577             129.034300      1643.707642     140.560191      0.020088        11.693977      
578             136.047991      1646.444519     140.552442      0.020117        11.714094      
579             142.712240      1649.319885     140.556151      0.020148        11.734242      
580             83.531544       1650.998535     140.458657      0.020096        11.754338      
581             88.380122       1652.772766     140.369865      0.020075        11.774413      
582             110.312668      1654.987183     140.318708      0.020074        11.794487      
583             106.738544      1657.129639     140.261658      0.020072        11.814559      
584             115.267680      1659.443176     140.219270      0.020071        11.834630      
585             126.046039      1661.972290     140.195280      0.020065        11.854695      
586             120.351741      1664.387268     140.161749      0.020066        11.874761      
587             106.708053      1666.527405     140.105342      0.020056        11.894817      
588             103.071468      1668.597595     140.042914      0.020085        11.914902      
589             202.643532      1672.664246     140.148173      0.020068        11.934970      
590             254.242660      1677.764099     140.339609      0.020059        11.955029      
591             231.657890      1682.410461     140.492558      0.020057        11.975086      
592             144.791030      1685.319458     140.499757      0.020091        11.995177      
593             105.282683      1687.434692     140.440870      0.020091        12.015268      
594             112.704622      1690.087646     140.386639      0.023539        12.038807      
595             141.533310      1692.927795     140.388547      0.020067        12.058874      
596             145.489223      1695.847473     140.397021      0.020068        12.078942      
597             142.992393      1698.716187     140.401324      0.020062        12.099004      
598             125.987658      1701.244507     140.377457      0.020068        12.119072      
599             96.089172       1703.187622     140.303680      0.020222        12.139294      
600             135.828399      1705.912476     140.296297      0.020061        12.159355      
601             264.456265      1711.217468     140.500793      0.020060        12.179415      
602             197.893026      1715.190369     140.595240      0.020076        12.199491      
603             110.176204      1717.403809     140.545229      0.020090        12.219581      
604             123.225303      1719.878296     140.516813      0.020081        12.239662      
605             134.188122      1722.577087     140.506431      0.020112        12.259774      
606             144.605012      1725.476562     140.513123      0.020051        12.279825      
607             137.154307      1728.230347     140.507640      0.020078        12.299903      
608             108.276422      1730.405945     140.455074      0.020093        12.319996      
609             203.812579      1734.506042     140.558360      0.020117        12.340113      
610             121.948886      1736.957947     140.528088      0.020106        12.360219      
611             142.901072      1739.831116     140.531942      0.020106        12.380325      
612             113.919920      1742.116577     140.488888      0.020062        12.400387      
613             82.515614       1743.772583     140.395214      0.020069        12.420456      
614             106.882975      1745.918152     140.341139      0.020074        12.440530      
615             107.486449      1748.076050     140.288205      0.020076        12.460606      
616             112.459267      1750.333557     140.243445      0.020074        12.480680      
617             129.492110      1752.931946     140.226187      0.020066        12.500746      
618             119.106266      1755.335510     140.192148      0.020180        12.520926      
619             108.860213      1757.521423     140.141981      0.020080        12.541006      
620             107.174647      1759.674133     140.089264      0.020086        12.561092      
621             165.100630      1762.986877     140.129153      0.020065        12.581157      
622             263.430899      1768.271301     140.325439      0.020060        12.601217      
623             246.307194      1773.211731     140.493867      0.020058        12.621275      
624             143.866844      1776.097412     140.499219      0.020058        12.641333      
625             115.060749      1778.408752     140.458859      0.020088        12.661421      
626             105.960775      1780.537292     140.404213      0.020088        12.681509      
627             130.759218      1783.162415     140.388968      0.020076        12.701585      
628             144.454837      1786.061768     140.395383      0.020071        12.721656      
629             149.197724      1789.056763     140.409251      0.020074        12.741730      
630             134.935029      1791.764099     140.400644      0.020064        12.761794      
631             112.242901      1794.017151     140.356425      0.020073        12.781867      
632             96.502763       1795.955505     140.287619      0.020086        12.801953      
633             213.057287      1800.230713     140.401501      0.020066        12.822019      
634             249.295097      1805.231323     140.571590      0.020059        12.842078      
635             120.267561      1807.645935     140.539897      0.020077        12.862155      
636             138.156509      1810.420532     140.536181      0.020083        12.882238      
637             123.311149      1812.895264     140.509388      0.020069        12.902307      
638             127.230312      1815.449158     140.488761      0.020073        12.922380      
639             143.407238      1818.328918     140.493289      0.020081        12.942461      
640             128.907028      1820.918274     140.475335      0.020087        12.962548      
641             190.502197      1824.747559     140.552792      0.020101        12.982649      
642             128.128938      1827.343323     140.533435      0.020259        13.002908      
643             124.375613      1829.951355     140.507420      0.020969        13.023877      
644             156.792494      1833.099121     140.532484      0.020076        13.043953      
645             79.412641       1834.692139     140.438634      0.020060        13.064013      
646             103.023862      1837.090637     140.372077      0.023281        13.087294      
647             113.611201      1839.649048     140.326109      0.022519        13.109813      
648             113.427467      1841.925537     140.284992      0.020070        13.129883      
649             132.998124      1844.594543     140.273872      0.020068        13.149951      
650             124.777248      1847.101318     140.250233      0.020090        13.170041      
651             108.445851      1849.280212     140.201787      0.020092        13.190133      
652             107.088818      1851.431091     140.151441      0.020085        13.210218      
653             140.407616      1854.249634     140.151830      0.020074        13.230292      
654             263.658494      1859.541260     140.338902      0.020070        13.250362      
655             252.502730      1864.607727     140.508495      0.020065        13.270427      
656             157.781887      1867.773621     140.534573      0.020065        13.290492      
657             124.922139      1870.286804     140.510976      0.020118        13.310610      
658             100.743825      1872.312561     140.450992      0.020108        13.330718      
659             126.512658      1874.853821     140.430021      0.020087        13.350805      
660             147.622246      1877.816895     140.440817      0.020072        13.370877      
661             144.137735      1880.709595     140.446358      0.020069        13.390946      
662             138.341284      1883.485413     140.443208      0.020065        13.411011      
663             111.532744      1885.723206     140.400021      0.020064        13.431075      
664             97.992363       1887.691284     140.336701      0.020084        13.451159      
665             217.801954      1892.062134     140.452101      0.020068        13.471227      
666             245.506698      1896.987244     140.608313      0.020061        13.491288      
667             145.612488      1899.910706     140.615749      0.020077        13.511365      
668             102.860831      1901.976562     140.559711      0.020084        13.531449      
669             130.065614      1904.590881     140.544146      0.020100        13.551549      
670             132.251956      1907.246765     140.531876      0.020082        13.571631      
671             151.800164      1910.293091     140.548514      0.020068        13.591699      
672             127.322118      1912.851501     140.528988      0.020094        13.611793      
673             149.807222      1915.865173     140.542681      0.020117        13.631910      
674             175.911638      1919.399414     140.594731      0.020091        13.652001      
675             138.915032      1922.191467     140.592262      0.020099        13.672100      
676             139.957512      1924.996216     140.591333      0.020040        13.692140      
677             72.426924       1926.448303     140.491668      0.020049        13.712189      
678             66.379725       1927.780212     140.383379      0.020065        13.732254      
679             60.913481       1929.002441     140.267430      0.020065        13.752319      
