1               96.082101       2.107849        96.082101       0.021938        0.021938       
2               111.600279      4.347778        103.496354      0.020071        0.042009       
3               114.177049      6.638855        106.948932      0.020066        0.062075       
4               128.452159      9.216248        112.201699      0.020065        0.082140       
5               104.633249      11.566101       110.576694      0.022458        0.104598       
6               110.799711      13.790405       110.612605      0.020075        0.124673       
7               140.704637      16.922913       115.171997      0.022263        0.146936       
8               240.224760      21.741821       130.193665      0.020060        0.166996       
9               250.027029      26.999390       143.595443      0.021028        0.188024       
10              147.605280      30.092163       143.997488      0.020953        0.208977       
11              110.095896      32.536072       140.742173      0.022198        0.231175       
12              133.892889      35.222900       140.195112      0.020067        0.251242       
13              139.885667      38.029846       140.172226      0.020066        0.271308       
14              145.326146      40.946106       140.527176      0.020067        0.291375       
15              118.286413      43.319641       139.094214      0.020066        0.311441       
16              149.140006      46.316162       139.703022      0.020092        0.331533       
17              213.840454      50.608582       143.935489      0.020073        0.351606       
18              141.852194      53.457825       143.822909      0.020086        0.371692       
19              139.125905      56.254395       143.581929      0.020101        0.391793       
20              125.638288      58.779724       142.706295      0.020100        0.411893       
21              153.460169      61.861511       143.206230      0.020082        0.431975       
22              122.657101      64.323853       142.293668      0.020075        0.452050       
23              76.148652       65.851318       139.483294      0.020059        0.472109       
24              105.929358      68.269897       137.935426      0.022832        0.494941       
25              107.499021      70.426758       136.749658      0.020064        0.515005       
26              117.151851      72.777527       136.014710      0.020066        0.535071       
27              126.785684      75.321228       135.681165      0.020063        0.555134       
28              111.327298      77.556458       134.831084      0.020078        0.575212       
29              106.763671      79.701233       133.883922      0.020089        0.595301       
30              136.758779      82.445435       133.977666      0.020066        0.615367       
31              268.425065      87.829773       138.221875      0.020059        0.635426       
32              244.029750      92.800171       141.508112      0.020368        0.655794       
33              138.670589      95.748169       141.419016      0.021259        0.677053       
34              110.325713      98.276062       140.401194      0.022913        0.699966       
35              124.119921      100.767273      139.947354      0.020071        0.720037       
36              140.941365      103.595825      139.974308      0.020069        0.740106       
37              145.896773      106.523682      140.130656      0.020068        0.760174       
38              124.889144      109.030457      139.738565      0.020072        0.780246       
39              98.855437       111.015869      138.712617      0.020084        0.800330       
40              242.492177      115.882202      141.251200      0.020068        0.820398       
41              134.536758      118.585449      141.090683      0.020093        0.840491       
42              139.300943      121.382751      141.048920      0.020081        0.860572       
43              132.412372      124.044373      140.851795      0.020101        0.880673       
44              136.805324      126.818237      140.760728      0.020276        0.900949       
45              144.014446      129.715088      140.831786      0.020115        0.921064       
46              100.104221      131.725281      139.962791      0.020081        0.941145       
47              83.073856       133.392822      138.774786      0.020073        0.961218       
48              109.617012      135.593384      138.178285      0.020075        0.981293       
49              101.966510      137.639954      137.452468      0.020071        1.001364       
50              118.858416      140.025085      137.087170      0.020067        1.021431       
51              130.859107      142.652344      136.967113      0.020077        1.041508       
52              106.763643      144.795837      136.395896      0.020077        1.061585       
53              107.182874      146.949463      135.853242      0.020093        1.081678       
54              186.320086      150.688721      136.772526      0.020069        1.101747       
55              277.446912      156.254028      139.287924      0.020059        1.121806       
56              211.357696      160.493652      140.553964      0.020059        1.141865       
57              124.859415      163.001953      140.282621      0.020089        1.161954       
58              102.251967      165.055786      139.636380      0.020086        1.182040       
59              136.803251      167.802795      139.589056      0.020080        1.202120       
60              139.992321      170.613281      139.595680      0.020076        1.222196       
61              144.913649      173.522278      139.681613      0.020074        1.242270       
62              115.132565      175.833679      139.291192      0.020076        1.262346       
63              129.096336      178.424255      139.131665      0.020067        1.282413       
64              237.264281      183.183777      140.643051      0.020060        1.302473       
65              109.228321      185.378174      140.165855      0.020090        1.322563       
66              131.324324      188.016479      140.033560      0.020090        1.342653       
67              143.895300      190.904602      140.090438      0.020071        1.362724       
68              149.825151      193.918335      140.232041      0.020115        1.382839       
69              129.639788      196.526428      140.080151      0.020118        1.402957       
70              90.121226       198.336243      139.375128      0.020082        1.423039       
71              75.667868       200.145386      138.322445      0.023909        1.446948       
72              128.235234      202.720093      138.184390      0.020078        1.467026       
73              109.276492      204.913818      137.794150      0.020075        1.487101       
74              124.819069      207.419312      137.621344      0.020073        1.507174       
75              117.261427      209.773804      137.353669      0.020079        1.527253       
76              107.927983      211.940674      136.971864      0.020077        1.547330       
77              107.510492      214.099915      136.594362      0.020084        1.567414       
78              253.937029      219.195923      138.077737      0.020068        1.587482       
79              264.658101      224.504700      139.657215      0.020059        1.607541       
80              167.662582      227.867676      140.002344      0.020058        1.627599       
81              109.876654      230.074219      139.635171      0.020082        1.647681       
82              107.415554      232.231445      139.247187      0.020083        1.667764       
83              140.563326      235.052551      139.262837      0.020070        1.687834       
84              139.187149      237.847290      139.261947      0.020079        1.707913       
85              144.004441      240.730835      139.316905      0.020024        1.727937       
86              104.467058      242.827698      138.916732      0.020072        1.748009       
87              175.133222      246.374146      139.331481      0.020250        1.768259       
88              189.431931      250.175476      139.893664      0.020067        1.788326       
89              134.620535      252.876099      139.835167      0.020061        1.808387       
90              151.640442      255.919067      139.964728      0.020067        1.828454       
91              126.803156      258.468445      139.821583      0.020105        1.848559       
92              128.458347      261.053284      139.699223      0.020122        1.868681       
93              138.127544      263.819702      139.682557      0.020028        1.888709       
94              76.542668       265.355225      139.018962      0.020061        1.908770       
95              110.680311      267.587646      138.722639      0.020170        1.928940       
96              110.084534      270.229675      138.370700      0.024000        1.952940       
97              118.001099      272.597839      138.163505      0.020069        1.973009       
98              118.003848      275.238647      137.937407      0.022379        1.995388       
99              118.421862      277.958679      137.715320      0.022969        2.018357       
100             103.759158      280.041748      137.380894      0.020076        2.038433       
101             196.369749      283.982300      137.955939      0.020067        2.058500       
102             261.260168      289.222656      139.145819      0.020058        2.078558       
103             202.547739      293.285156      139.751768      0.020057        2.098615       
104             125.131483      295.922302      139.606406      0.021075        2.119690       
105             105.461114      298.039856      139.285996      0.020079        2.139769       
106             125.108234      300.550903      139.154244      0.020071        2.159840       
107             139.571923      303.352112      139.158090      0.020070        2.179910       
108             146.863369      306.294373      139.228259      0.020034        2.199944       
109             116.664020      308.636169      139.024237      0.020073        2.220017       
110             126.301856      311.172058      138.910206      0.020078        2.240095       
111             236.316617      315.924622      139.776915      0.020111        2.260206       
112             126.496978      318.467590      139.659840      0.020103        2.280309       
113             124.823915      320.974304      139.530325      0.020082        2.300391       
114             128.271453      323.548584      139.432950      0.020069        2.320460       
115             148.256393      326.532837      139.508832      0.020129        2.340589       
116             146.360680      329.479370      139.567264      0.020132        2.360721       
117             81.158207       331.108215      139.074877      0.020070        2.380791       
118             95.767991       333.230530      138.675483      0.022161        2.402952       
119             95.345808       335.518066      138.247140      0.023992        2.426944       
120             139.957410      338.326172      138.261163      0.020064        2.447008       
121             123.062111      340.795044      138.137566      0.020062        2.467070       
122             111.828841      343.039001      137.925309      0.020066        2.487136       
123             110.692732      345.261047      137.707271      0.020074        2.507210       
124             117.842111      347.625549      137.549554      0.020065        2.527275       
125             258.060657      352.802246      138.498567      0.020060        2.547335       
126             264.468438      358.108276      139.482961      0.020063        2.567398       
127             155.816059      361.531555      139.621543      0.021970        2.589368       
128             99.980833       363.790222      139.278688      0.022591        2.611959       
129             126.936822      366.337463      139.184591      0.020067        2.632026       
130             140.268896      369.166687      139.192838      0.020170        2.652196       
131             145.779515      372.092773      139.242312      0.020072        2.672268       
132             124.746626      374.596313      139.134259      0.020069        2.692337       
133             99.218590       376.589417      138.838647      0.020088        2.712425       
134             252.413279      381.654846      139.672763      0.020068        2.732493       
135             130.181580      384.268372      139.603538      0.020076        2.752569       
136             130.135401      386.882141      139.534951      0.020085        2.772654       
137             136.751232      389.626465      139.514948      0.020068        2.792722       
138             136.523727      392.800232      139.490254      0.023247        2.815969       
139             151.606482      395.855103      139.576337      0.020150        2.836119       
140             79.626412       397.453125      139.155099      0.020069        2.856188       
141             89.874374       399.257263      138.811159      0.020074        2.876262       
142             108.097530      401.427429      138.598268      0.020076        2.896338       
143             106.143339      403.558044      138.374888      0.020073        2.916411       
144             125.495802      406.075867      138.286893      0.020063        2.936474       
145             119.695912      408.478882      138.160654      0.020076        2.956550       
146             108.422190      410.656433      137.960002      0.020084        2.976634       
147             104.382747      412.754944      137.734745      0.020104        2.996738       
148             208.702034      416.943176      138.206824      0.020068        3.016806       
149             264.486691      422.248779      139.040965      0.020060        3.036866       
150             196.132266      426.182800      139.415569      0.020058        3.056924       
151             120.995246      428.607666      139.295594      0.020041        3.076965       
152             109.185484      430.802185      139.100188      0.020099        3.097064       
153             128.233392      433.377625      139.030173      0.020084        3.117148       
154             140.379340      436.197144      139.038810      0.020085        3.137233       
155             147.752370      439.164307      139.094232      0.020082        3.157315       
156             117.047894      441.514160      138.954935      0.020076        3.177391       
157             105.319320      443.628235      138.743778      0.020073        3.197464       
158             251.535415      448.675293      139.447164      0.020065        3.217529       
159             132.323782      451.336060      139.402922      0.020108        3.237637       
160             124.011167      453.828064      139.307980      0.020095        3.257732       
161             126.167671      456.363403      139.227422      0.020095        3.277827       
162             170.480637      459.800293      139.418467      0.020160        3.297987       
163             113.662949      462.090942      139.262039      0.020153        3.318140       
164             94.838871       464.007446      138.993133      0.020208        3.338348       
165             91.992283       466.179016      138.663116      0.023606        3.361954       
166             105.014179      468.285706      138.463521      0.020061        3.382015       
167             115.215267      470.596924      138.326440      0.020060        3.402075       
168             123.762099      473.079468      138.241071      0.020059        3.422134       
169             115.218000      475.391663      138.106846      0.020068        3.442202       
170             111.683484      477.634155      137.953608      0.020079        3.462281       
171             101.300412      479.666748      137.742415      0.020065        3.482346       
172             251.564969      484.721191      138.395367      0.020092        3.502438       
173             270.121190      490.139282      139.145447      0.020058        3.522496       
174             165.447327      493.457825      139.294369      0.020058        3.542554       
175             108.251319      495.631836      139.119376      0.020083        3.562637       
176             112.651757      497.893433      138.971063      0.020076        3.582713       
177             142.494434      500.753296      138.990690      0.020070        3.602783       
178             139.144828      503.545654      138.991544      0.020068        3.622851       
179             141.594018      506.386597      139.005878      0.020064        3.642915       
180             99.555149       508.382080      138.790000      0.020044        3.662959       
181             202.125741      512.439148      139.135171      0.020072        3.683031       
182             185.948759      516.179321      139.389444      0.020114        3.703145       
183             114.571838      518.482788      139.255432      0.020105        3.723250       
184             130.173722      521.099670      139.206661      0.020103        3.743353       
185             149.286357      524.103760      139.260556      0.020123        3.763476       
186             125.233951      526.621338      139.186029      0.020103        3.783579       
187             127.060035      529.171814      139.122037      0.020073        3.803652       
188             83.384593       531.030457      138.797310      0.022290        3.825942       
189             109.056290      533.219543      138.642086      0.020073        3.846015       
190             104.334926      535.313232      138.464014      0.020067        3.866082       
191             118.145711      537.683472      138.359122      0.020062        3.886144       
192             126.649774      540.225586      138.298954      0.020072        3.906216       
193             112.723079      542.488953      138.168159      0.020079        3.926295       
194             106.471156      544.627319      138.006846      0.020084        3.946379       
195             179.905579      548.237305      138.218809      0.020066        3.966445       
196             255.094639      553.354248      138.806896      0.020059        3.986504       
197             233.757619      558.042725      139.282223      0.020057        4.006561       
198             129.324603      560.638916      139.232579      0.020075        4.026636       
199             105.146666      562.750366      139.063435      0.020081        4.046717       
200             132.570233      565.411316      139.031387      0.020072        4.066789       
201             140.760999      568.236389      139.039881      0.020070        4.086859       
202             146.334114      571.172729      139.075520      0.020066        4.106925       
203             113.853048      573.458557      138.952818      0.020077        4.127002       
204             107.819854      575.622070      138.802178      0.020066        4.147068       
205             251.766600      580.677795      139.346540      0.020081        4.167149       
206             130.170713      583.296570      139.302454      0.020118        4.187267       
207             126.279320      585.836426      139.240198      0.020113        4.207380       
208             130.376297      588.454773      139.198089      0.020083        4.227463       
209             134.784706      591.165833      139.177190      0.020114        4.247577       
210             157.366730      594.334412      139.263008      0.020135        4.267712       
211             83.339677       596.008789      139.000973      0.020091        4.287803       
212             78.929590       597.835693      138.678443      0.023146        4.310949       
213             122.863806      600.302307      138.605136      0.020076        4.331025       
214             112.028015      602.551270      138.482515      0.020075        4.351100       
215             120.889046      604.987305      138.401411      0.020151        4.371251       
216             116.803394      607.414246      138.299234      0.020778        4.392029       
217             104.535250      609.512268      138.145646      0.020070        4.412099       
218             102.072840      611.561584      137.982243      0.020077        4.432176       
219             222.607393      616.028870      138.363681      0.020068        4.452244       
220             270.527215      621.454834      138.956397      0.020057        4.472301       
221             184.337918      625.152100      139.159012      0.020057        4.492358       
222             118.330860      627.527710      139.066346      0.020076        4.512434       
223             104.033121      629.615967      138.911196      0.020073        4.532507       
224             144.181150      632.509827      138.934429      0.020071        4.552578       
225             147.934986      635.478882      138.973934      0.020070        4.572648       
226             138.873082      638.264954      138.973494      0.020062        4.592710       
227             102.362239      640.550293      138.796381      0.022326        4.615036       
228             194.036321      644.444214      139.035546      0.020068        4.635104       
229             186.097537      648.183472      139.238677      0.020093        4.655197       
230             108.093028      650.354736      139.104862      0.020087        4.675284       
231             131.610001      652.997070      139.072815      0.020077        4.695361       
232             133.786557      655.682434      139.050313      0.020072        4.715433       
233             162.508419      658.949341      139.149896      0.020103        4.735536       
234             111.370681      661.193237      139.032206      0.020148        4.755684       
235             71.490506       662.628052      138.748363      0.020070        4.775754       
236             106.593313      664.767273      138.613805      0.020069        4.795823       
237             107.321012      666.920776      138.483419      0.020066        4.815889       
238             113.972260      669.206604      138.381765      0.020056        4.835945       
239             133.416494      671.883606      138.361248      0.020065        4.856010       
240             109.964844      674.090820      138.244357      0.020072        4.876082       
241             104.999922      676.199219      138.108016      0.020080        4.896162       
242             134.852895      678.904907      138.094731      0.020064        4.916226       
243             240.382977      683.726990      138.510408      0.020060        4.936286       
244             256.132227      688.864746      138.986440      0.020059        4.956345       
245             165.185581      692.183655      139.092217      0.020092        4.976437       
246             105.084715      694.295227      138.955453      0.020094        4.996531       
247             108.419472      696.472290      138.833226      0.020080        5.016611       
248             142.600873      699.334290      138.848239      0.020070        5.036681       
249             139.539331      702.135681      138.850983      0.020076        5.056757       
250             136.989950      704.884521      138.843627      0.020066        5.076823       
251             103.209324      706.955933      138.703311      0.020070        5.096893       
252             214.664353      711.259094      139.000894      0.020046        5.116939       
253             171.163543      714.695374      139.126589      0.020076        5.137015       
254             129.991114      717.305725      139.091017      0.020081        5.157096       
255             118.000086      719.675049      139.009218      0.020079        5.177175       
256             153.985074      722.765991      139.067058      0.020073        5.197248       
257             141.489762      725.611633      139.076398      0.020112        5.217360       
258             104.670891      727.730591      138.943416      0.020244        5.237604       
259             76.641353       729.366577      138.690533      0.021346        5.258950       
260             109.200008      731.559204      138.578364      0.020079        5.279029       
261             104.821511      733.663391      138.450487      0.020074        5.299103       
262             115.236953      735.977234      138.362860      0.020079        5.319182       
263             119.011562      738.366272      138.290105      0.020074        5.339256       
264             104.957851      740.473511      138.165236      0.020077        5.359333       
265             109.345153      742.668396      138.057696      0.020073        5.379406       
266             132.539391      745.328064      138.037187      0.020067        5.399473       
267             261.698350      750.577209      138.494864      0.020058        5.419531       
268             258.595279      755.763855      138.937702      0.020057        5.439588       
269             143.835800      758.652222      138.955717      0.020081        5.459669       
270             105.669089      760.774902      138.833693      0.020088        5.479757       
271             117.162199      763.126465      138.754606      0.020071        5.499828       
272             139.819526      765.932922      138.758478      0.020072        5.519900       
273             146.249917      768.864502      138.785584      0.020045        5.539945       
274             133.438563      771.542480      138.766284      0.020069        5.560014       
275             91.557296       773.379944      138.596495      0.020069        5.580083       
276             230.843550      778.012512      138.927060      0.020068        5.600151       
277             142.477733      781.405334      138.942094      0.023813        5.623964       
278             135.070284      784.118896      138.928312      0.020090        5.644054       
279             129.627914      786.722473      138.895333      0.020085        5.664139       
280             152.399904      789.790283      138.943158      0.020130        5.684269       
281             139.439271      792.600403      138.944910      0.020153        5.704422       
282             98.828649       794.588440      138.803942      0.020116        5.724538       
283             90.715573       796.622192      138.616348      0.022419        5.746957       
284             115.004876      798.931030      138.534153      0.020076        5.767033       
285             109.672974      801.132935      138.434026      0.020077        5.787110       
286             107.872359      803.595337      138.313950      0.022827        5.809937       
287             136.196765      806.328125      138.306664      0.020065        5.830002       
288             107.868100      808.493469      138.202216      0.020074        5.850076       
289             107.067597      810.643494      138.095709      0.020081        5.870157       
290             235.393510      815.367371      138.427203      0.020068        5.890225       
291             263.779717      820.658264      138.852617      0.020058        5.910283       
292             191.016701      824.489868      139.029059      0.020059        5.930342       
293             114.308335      826.785522      138.945625      0.020083        5.950425       
294             108.691995      828.968384      138.843861      0.020083        5.970508       
295             141.792123      831.815002      138.853742      0.020076        5.990584       
296             145.175871      834.729553      138.874858      0.020076        6.010660       
297             137.756463      837.493774      138.871137      0.020066        6.030726       
298             105.347519      839.608521      138.759919      0.020074        6.050800       
299             177.548800      843.171570      138.888141      0.020068        6.070868       
300             197.778199      847.146912      139.082476      0.020100        6.090968       
301             134.197106      849.841858      139.066422      0.020082        6.111050       
302             129.993335      852.459534      139.036623      0.020137        6.131187       
303             141.996755      855.316650      139.046305      0.020121        6.151308       
304             122.768759      857.784180      138.993293      0.020099        6.171407       
305             132.866783      860.452942      138.973418      0.020086        6.191493       
306             76.694251       861.990662      138.772389      0.020050        6.211543       
307             108.408108      864.311462      138.668098      0.021408        6.232951       
308             108.423512      866.488281      138.570990      0.020077        6.253028       
309             94.617640       868.750305      138.403585      0.023907        6.276935       
310             149.400119      871.763855      138.438809      0.020171        6.297106       
311             108.441528      874.484436      138.319773      0.025088        6.322194       
312             104.029181      876.572510      138.211250      0.020072        6.342266       
313             175.701184      880.097778      138.329477      0.020064        6.362330       
314             265.267711      885.418518      138.728407      0.020058        6.382388       
315             222.945538      889.890137      138.992234      0.020057        6.402445       
316             130.983682      892.520813      138.967191      0.020084        6.422529       
317             103.693842      894.604126      138.857193      0.020091        6.442620       
318             136.170553      897.337341      138.848848      0.020072        6.462692       
319             135.393433      900.054688      138.838151      0.020070        6.482762       
320             148.497185      903.034729      138.867959      0.020068        6.502830       
321             120.456124      905.453247      138.811286      0.020078        6.522908       
322             125.967793      907.978271      138.771939      0.020045        6.542953       
323             236.445561      912.730591      139.071059      0.020099        6.563052       
324             134.128515      915.425903      139.055972      0.020095        6.583147       
325             126.106748      917.962036      139.016533      0.020111        6.603258       
326             119.514025      920.364746      138.957337      0.020104        6.623362       
327             145.714453      923.294189      138.977785      0.020104        6.643466       
328             143.551604      926.180725      138.991587      0.020108        6.663574       
329             89.966379       927.987610      138.844269      0.020084        6.683658       
330             86.087853       929.715393      138.686324      0.020070        6.703728       
331             111.401909      932.208679      138.595536      0.022381        6.726109       
332             90.661860       934.370239      138.426226      0.023842        6.749951       
333             149.267987      937.366943      138.458376      0.020076        6.770027       
334             114.516156      939.666199      138.387580      0.020078        6.790105       
335             107.147165      941.819214      138.295403      0.020094        6.810199       
336             119.288525      944.214050      138.239537      0.020076        6.830275       
337             246.918685      949.166992      138.557768      0.020059        6.850334       
338             267.826818      954.539062      138.935167      0.020058        6.870392       
339             169.312454      957.939026      139.023696      0.020081        6.890473       
340             105.450054      960.056885      138.926122      0.020084        6.910557       
341             114.196966      962.349731      138.854482      0.020078        6.930635       
342             147.643532      965.313232      138.879862      0.020072        6.950707       
343             139.927694      968.136414      138.882895      0.020176        6.970883       
344             140.404599      970.952087      138.887260      0.020054        6.990937       
345             100.346553      972.965942      138.776938      0.020069        7.011006       
346             202.305934      977.025818      138.958261      0.020068        7.031074       
347             173.633031      980.517578      139.057154      0.020110        7.051184       
348             129.001089      983.111145      139.028563      0.020105        7.071289       
349             128.762511      985.697083      138.999489      0.020083        7.091372       
350             131.874864      988.343811      138.979382      0.020070        7.111442       
351             150.021729      991.358948      139.010501      0.020098        7.131540       
352             121.602377      993.801575      138.961606      0.020087        7.151627       
353             77.919457       995.385132      138.788632      0.020323        7.171950       
354             94.170342       997.465637      138.651609      0.022093        7.194043       
355             114.522510      1000.089233     138.575015      0.022909        7.216952       
356             116.828738      1002.434570     138.514693      0.020075        7.237027       
357             131.096018      1005.068420     138.494154      0.020091        7.257118       
358             106.999079      1007.218567     138.407185      0.020095        7.277213       
359             88.520387       1009.320129     138.244965      0.023741        7.300954       
360             242.595393      1014.197510     138.531531      0.020105        7.321059       
361             267.219638      1019.560608     138.883353      0.020070        7.341129       
362             188.461671      1023.342468     139.018506      0.020067        7.361196       
363             123.673139      1025.824341     138.976785      0.020068        7.381264       
364             103.431999      1027.900635     138.880380      0.020074        7.401338       
365             138.833232      1030.686462     138.880253      0.020066        7.421404       
366             141.010160      1033.516113     138.885996      0.020067        7.441471       
367             119.598540      1036.333496     138.825132      0.023557        7.465028       
368             119.843161      1039.203979     138.764422      0.023952        7.488980       
369             209.093082      1043.400269     138.952385      0.020069        7.509049       
370             169.229006      1046.798218     139.033128      0.020079        7.529128       
371             121.438328      1049.237671     138.986309      0.020088        7.549216       
372             130.760960      1051.863220     138.964490      0.020079        7.569295       
373             124.296630      1054.357605     138.925705      0.020068        7.589363       
374             163.210820      1057.638306     138.989856      0.020101        7.609464       
375             122.401530      1060.096863     138.946185      0.020086        7.629550       
376             71.230480       1061.527100     138.768442      0.020079        7.649629       
377             109.821387      1064.087036     138.680502      0.023310        7.672939       
378             106.786430      1066.229919     138.597308      0.020067        7.693006       
379             114.000227      1068.517334     138.533320      0.020065        7.713071       
380             131.731450      1071.161316     138.515666      0.020071        7.733142       
381             105.820417      1073.285767     138.431006      0.020076        7.753218       
382             105.568327      1075.405579     138.346115      0.020080        7.773298       
383             151.609831      1078.447327     138.380261      0.020063        7.793361       
384             254.002280      1083.542358     138.677091      0.020059        7.813420       
385             257.891641      1088.715149     138.982346      0.020058        7.833478       
386             137.986324      1091.489502     138.979796      0.020106        7.853584       
387             102.117096      1093.541443     138.885721      0.020094        7.873678       
388             122.672033      1096.005188     138.844468      0.020084        7.893762       
389             148.245174      1098.981506     138.868317      0.020077        7.913839       
390             139.938858      1101.791199     138.871027      0.020078        7.933917       
391             125.049420      1104.296814     138.836208      0.020037        7.953954       
392             99.305208       1106.291260     138.736643      0.020084        7.974038       
393             252.696984      1111.361877     139.022694      0.020066        7.994104       
394             125.820431      1113.888855     138.989609      0.020084        8.014188       
395             135.424317      1116.608582     138.980697      0.020083        8.034271       
396             122.425999      1119.066528     138.939431      0.020077        8.054348       
397             156.867841      1122.224121     138.984125      0.020129        8.074477       
398             128.596904      1124.812134     138.958300      0.020125        8.094602       
399             92.917064       1126.680603     138.844206      0.020109        8.114711       
400             87.032794       1128.427612     138.716358      0.020073        8.134784       
401             105.272343      1130.540955     138.634028      0.020075        8.154859       
402             105.562324      1132.659485     138.552839      0.020069        8.174928       
403             124.099140      1135.149658     138.517448      0.020066        8.194994       
404             122.465697      1137.607300     138.478237      0.020068        8.215062       
405             107.057032      1139.756470     138.401640      0.020075        8.235137       
406             103.179274      1141.829651     138.315910      0.020093        8.255230       
407             192.818787      1145.699524     138.448095      0.020070        8.275300       
408             249.185305      1150.698181     138.715882      0.020060        8.295360       
409             208.842599      1154.887146     138.885038      0.020058        8.315418       
410             133.268072      1157.757874     138.870525      0.021541        8.336959       
411             105.345939      1159.874695     138.789917      0.020094        8.357053       
412             130.065906      1162.486938     138.769002      0.020084        8.377137       
413             146.511738      1165.428162     138.787512      0.020075        8.397212       
414             139.736944      1168.233521     138.789777      0.020076        8.417288       
415             118.969541      1171.048340     138.734220      0.023660        8.440948       
416             138.537124      1173.828918     138.733753      0.020071        8.461019       
417             226.138128      1178.367737     138.940600      0.020071        8.481090       
418             125.904187      1180.897278     138.909791      0.020091        8.501181       
419             123.492420      1183.377747     138.873450      0.020086        8.521267       
420             126.843384      1185.925903     138.845156      0.020089        8.541356       
421             170.774920      1189.368896     138.920345      0.020161        8.561517       
422             116.107073      1191.702881     138.866906      0.020102        8.581619       
423             84.340930       1193.391724     138.739974      0.020024        8.601643       
424             97.355758       1195.345459     138.643647      0.020068        8.621711       
425             104.964899      1197.452209     138.565427      0.020071        8.641782       
426             108.667456      1199.633057     138.496155      0.020069        8.661851       
427             126.122086      1202.163696     138.467557      0.020065        8.681916       
428             119.184683      1204.561096     138.422984      0.020115        8.702031       
429             105.421874      1206.678284     138.346997      0.020083        8.722114       
430             105.930215      1208.805786     138.272524      0.020084        8.742198       
431             238.048667      1213.582947     138.501039      0.020068        8.762266       
432             261.576633      1218.829651     138.782132      0.020058        8.782324       
433             174.865205      1222.337097     138.864355      0.020058        8.802382       
434             120.611450      1224.759216     138.822807      0.020082        8.822464       
435             104.983873      1226.867188     138.745968      0.020079        8.842543       
436             141.150828      1229.701355     138.751416      0.020079        8.862622       
437             141.888422      1232.550049     138.758507      0.020077        8.882699       
438             138.471857      1235.329041     138.757861      0.020069        8.902768       
439             113.591941      1237.610535     138.701213      0.020085        8.922853       
440             173.607123      1241.094482     138.779542      0.020068        8.942921       
441             202.860559      1245.158997     138.922790      0.020036        8.962957       
442             119.463321      1247.561523     138.879225      0.020111        8.983068       
443             124.970963      1250.072815     138.848182      0.020095        9.003163       
444             144.399433      1252.973511     138.860540      0.020088        9.023251       
445             155.450618      1256.105530     138.897502      0.020148        9.043399       
446             122.052082      1258.557312     138.860166      0.020088        9.063487       
447             73.045761       1260.023560     138.714729      0.020073        9.083560       
448             105.905987      1262.148987     138.642401      0.020069        9.103629       
449             107.212990      1264.300537     138.573271      0.020068        9.123697       
450             111.957097      1266.547180     138.514859      0.020067        9.143764       
451             130.765282      1269.170593     138.497893      0.020062        9.163826       
452             107.132361      1271.320740     138.429348      0.020070        9.183896       
453             105.707644      1273.440918     138.358042      0.020057        9.203953       
454             137.722926      1276.205017     138.356660      0.020070        9.224023       
455             256.031223      1281.341003     138.612018      0.020060        9.244083       
456             255.642913      1286.468689     138.865405      0.020058        9.264141       
457             149.237955      1289.462402     138.887816      0.020060        9.284201       
458             88.703533       1291.480408     138.765145      0.022750        9.306951       
459             128.816864      1294.066406     138.743733      0.020075        9.327026       
460             141.472619      1296.905762     138.749593      0.020070        9.347096       
461             138.920285      1299.694031     138.749958      0.020071        9.367167       
462             120.184707      1302.203247     138.708671      0.020878        9.388045       
463             162.480016      1305.928589     138.766585      0.022928        9.410973       
464             190.696105      1309.757385     138.877139      0.020078        9.431051       
465             131.141258      1312.391357     138.860700      0.020085        9.451136       
466             121.687647      1314.836914     138.824260      0.020097        9.471233       
467             154.470829      1317.938843     138.857364      0.020081        9.491314       
468             150.278945      1320.957947     138.881489      0.020090        9.511404       
469             113.537372      1323.236755     138.828120      0.020071        9.531475       
470             82.545276       1324.891541     138.709992      0.020047        9.551522       
471             101.154706      1326.929504     138.630944      0.020147        9.571669       
472             99.196049       1328.941101     138.547571      0.020279        9.591948       
473             106.572891      1331.080872     138.480781      0.020078        9.612026       
474             129.010551      1333.668823     138.461059      0.020060        9.632086       
475             113.987656      1335.955872     138.410185      0.020064        9.652150       
476             106.937730      1338.102112     138.344880      0.020070        9.672220       
477             110.890518      1340.406860     138.286011      0.020784        9.693004       
478             259.554650      1345.611450     138.536363      0.020052        9.713056       
479             263.562700      1350.898254     138.794030      0.020059        9.733115       
480             158.490942      1354.083130     138.834612      0.020095        9.753210       
481             109.899766      1356.289368     138.775178      0.020075        9.773285       
482             107.057032      1358.438538     138.710161      0.020075        9.793360       
483             147.925039      1361.407837     138.729009      0.020073        9.813433       
484             140.999572      1364.238403     138.733645      0.020075        9.833508       
485             136.777029      1366.982971     138.729660      0.020066        9.853574       
486             105.483251      1369.099915     138.662084      0.020069        9.873643       
487             185.319510      1372.819092     138.756727      0.020069        9.893712       
488             193.698623      1376.711853     138.868103      0.020097        9.913809       
489             111.433581      1378.951111     138.812607      0.020095        9.933904       
490             134.069898      1381.641357     138.803046      0.020066        9.953970       
491             133.576691      1384.324646     138.792520      0.020088        9.974058       
492             156.003336      1387.463745     138.827172      0.020122        9.994180       
493             119.562601      1389.867432     138.788498      0.020104        10.014284      
494             70.654331       1391.283203     138.652437      0.020038        10.034322      
495             65.687569       1392.600830     138.506869      0.020059        10.054381      
