1               100.952779      2.033997        100.952779      0.020148        0.020148       
2               105.398188      4.491882        103.337681      0.023320        0.043468       
3               108.396102      6.667175        104.935396      0.020068        0.063536       
4               106.763604      8.808960        105.374116      0.020061        0.083597       
5               110.878404      11.032959       106.439236      0.020058        0.103655       
6               107.933549      13.197998       106.681524      0.020059        0.123714       
7               114.241235      15.489563       107.736244      0.020059        0.143773       
8               119.553681      17.887451       109.183002      0.020057        0.163830       
9               125.298543      20.400940       110.940997      0.020060        0.183890       
10              136.148561      23.132080       113.420349      0.020060        0.203950       
11              117.568342      25.491089       113.791884      0.020065        0.224015       
12              107.843273      27.655396       113.302779      0.020069        0.244084       
13              105.870486      29.780640       112.737981      0.020074        0.264158       
14              109.183998      31.972290       112.486991      0.020073        0.284231       
15              103.660954      34.053284       111.904740      0.020075        0.304306       
16              106.933886      36.200195       111.597079      0.020077        0.324383       
17              106.705137      38.342834       111.311910      0.020080        0.344463       
18              194.127954      42.806030       116.493575      0.022991        0.367454       
19              263.636699      48.094055       124.109847      0.020058        0.387512       
20              266.615730      53.441833       131.123079      0.020058        0.407570       
21              266.331631      58.784180       137.465372      0.020059        0.427629       
22              285.283134      64.506104       144.087828      0.020057        0.447686       
23              150.763561      67.529968       144.374086      0.020057        0.467743       
24              145.059633      70.440735       144.402286      0.020066        0.487809       
25              116.407411      72.820801       143.276113      0.020446        0.508255       
26              114.891316      75.127014       142.197677      0.020073        0.528328       
27              110.934863      77.353699       141.053426      0.020072        0.548400       
28              116.934609      79.699524       140.202272      0.020061        0.568461       
29              129.067916      82.289917       139.822570      0.020070        0.588531       
30              130.178730      84.902344       139.504573      0.020068        0.608599       
31              126.407805      87.438843       139.086545      0.020066        0.628665       
32              127.854799      90.004761       138.739084      0.020069        0.648734       
33              128.125774      92.575989       138.420622      0.020068        0.668802       
34              128.806715      95.161011       138.140538      0.020069        0.688871       
35              130.780928      97.784607       137.932280      0.020061        0.708932       
36              114.165954      100.074890      137.278259      0.020061        0.728993       
37              100.787537      102.097595      136.300594      0.020069        0.749062       
38              242.027156      106.955322      139.059593      0.020071        0.769133       
39              135.597548      109.678528      138.971496      0.020083        0.789216       
40              115.811932      112.006348      138.396310      0.020100        0.809316       
41              111.941345      114.254578      137.755700      0.020084        0.829400       
42              90.717408       116.074097      136.645053      0.020057        0.849457       
43              73.145427       117.541321      135.180170      0.020059        0.869516       
44              74.131264       119.030396      133.801702      0.020087        0.889603       
45              71.060122       120.455933      132.418050      0.020061        0.909664       
46              69.703195       121.854736      131.064367      0.020068        0.929732       
47              81.092775       123.616882      129.923089      0.021730        0.951462       
48              106.118357      125.747314      129.431185      0.020076        0.971538       
49              110.087727      127.956665      129.039695      0.020069        0.991607       
50              105.579173      130.075745      128.574254      0.020071        1.011678       
51              111.017516      132.304199      128.232683      0.020073        1.031751       
52              104.147242      134.394226      127.773149      0.020068        1.051819       
53              106.776537      136.536377      127.380163      0.020062        1.071881       
54              121.129522      139.271118      127.251222      0.022577        1.094458       
55              121.775207      141.714172      127.152651      0.020062        1.114520       
56              129.073748      144.303650      127.186620      0.020062        1.134582       
57              129.642933      147.178223      127.233703      0.022173        1.156755       
58              111.094004      150.331848      126.847119      0.028387        1.185142       
59              104.992253      152.441772      126.482713      0.020096        1.205238       
60              106.693815      154.585571      126.158215      0.020093        1.225331       
61              105.258161      156.701050      125.820942      0.020098        1.245429       
62              105.177496      158.809753      125.493887      0.020049        1.265478       
63              103.761590      160.892456      125.154569      0.020072        1.285550       
64              179.726118      164.498840      125.993279      0.020066        1.305616       
65              281.978344      170.154480      128.353282      0.020057        1.325673       
66              295.225389      176.076111      130.840495      0.020058        1.345731       
67              287.160718      181.835693      133.136104      0.020057        1.365788       
68              273.625076      187.323792      135.169367      0.020057        1.385845       
69              176.243312      190.858704      135.755340      0.020057        1.405902       
70              130.233670      193.473145      135.677605      0.020075        1.425977       
71              104.079083      195.562012      135.239043      0.020070        1.446047       
72              109.932622      197.768250      134.892634      0.020069        1.466116       
73              108.324478      199.942322      134.533848      0.020070        1.486186       
74              117.757368      202.305359      134.310344      0.020067        1.506253       
75              128.262946      204.879211      134.230837      0.020067        1.526320       
76              132.964125      207.547668      134.214398      0.020069        1.546389       
77              129.782193      210.152527      134.157608      0.020071        1.566460       
78              126.231386      212.685486      134.057359      0.020066        1.586526       
79              127.095485      215.235657      133.970411      0.020065        1.606591       
80              127.423206      217.792786      133.889639      0.020068        1.626659       
81              126.722262      220.334961      133.802323      0.020061        1.646720       
82              122.456457      222.793152      133.665679      0.020074        1.666794       
83              96.560771       224.733154      133.223755      0.020091        1.686885       
84              241.720260      229.585205      134.499622      0.020073        1.706958       
85              125.937219      232.115662      134.400004      0.020093        1.727051       
86              107.714819      234.279114      134.093232      0.020085        1.747136       
87              112.051916      236.542114      133.841358      0.020196        1.767332       
88              97.025325       238.485046      133.428882      0.020025        1.787357       
89              74.967227       239.985291      132.781568      0.020012        1.807369       
90              74.156057       241.473083      132.137931      0.020063        1.827432       
91              70.630615       242.888733      131.470647      0.020043        1.847475       
92              70.717330       244.305908      130.818713      0.020040        1.867515       
93              83.793039       246.145752      130.272241      0.021957        1.889472       
94              105.702001      248.266663      130.014062      0.020065        1.909537       
95              105.942939      250.392090      129.763795      0.020062        1.929599       
96              111.138688      252.621643      129.572153      0.020061        1.949660       
97              106.788706      254.764038      129.340099      0.020062        1.969722       
98              105.443169      256.879333      129.099170      0.020061        1.989783       
99              106.178656      259.009277      128.870403      0.020060        2.009843       
100             123.046802      261.478088      128.812841      0.020064        2.029907       
101             117.409700      263.833679      128.701239      0.020063        2.049970       
102             128.500829      266.412048      128.699297      0.020065        2.070035       
103             130.038166      269.020874      128.712148      0.020062        2.090097       
104             113.454071      271.535583      128.552037      0.022165        2.112262       
105             108.251777      273.877502      128.346228      0.021634        2.133896       
106             106.031789      276.006409      128.138227      0.020078        2.153974       
107             109.327544      278.201050      127.964539      0.020074        2.174048       
108             105.431270      280.317688      127.758362      0.020076        2.194124       
109             104.475304      282.414612      127.547308      0.020071        2.214195       
110             106.158883      284.556580      127.354165      0.020177        2.234372       
111             269.740527      289.968384      128.621310      0.020063        2.254435       
112             285.071589      295.675232      129.998335      0.020019        2.274454       
113             285.530604      301.402405      131.357955      0.020058        2.294512       
114             306.660733      307.553406      132.877124      0.020058        2.314570       
115             201.016192      312.153259      133.544186      0.022883        2.337453       
116             143.073938      315.446106      133.637103      0.023015        2.360468       
117             108.595768      317.626709      133.425879      0.020080        2.380548       
118             109.337169      319.821106      133.224489      0.020070        2.400618       
119             107.872059      321.986206      133.014281      0.020071        2.420689       
120             112.263209      324.239441      132.843639      0.020071        2.440760       
121             131.744096      326.883545      132.834672      0.020070        2.460830       
122             125.215138      329.396362      132.773037      0.020068        2.480898       
123             126.522947      331.935425      132.722886      0.020068        2.500966       
124             132.857144      334.601868      132.723955      0.020070        2.521036       
125             125.589407      337.122070      132.667613      0.020067        2.541103       
126             129.345744      339.717651      132.641586      0.020067        2.561170       
127             132.390869      342.374207      132.639637      0.020066        2.581236       
128             120.400741      344.790649      132.545210      0.020070        2.601306       
129             96.433722       346.726074      132.268730      0.020070        2.621376       
130             203.005936      350.822937      132.809149      0.020181        2.641557       
131             167.135980      354.181702      133.068323      0.020096        2.661653       
132             109.053408      356.372803      132.888400      0.020092        2.681745       
133             107.952076      358.540588      132.703064      0.020081        2.701826       
134             105.400038      360.656494      132.501694      0.020075        2.721901       
135             74.026977       362.145325      132.072796      0.020112        2.742013       
136             71.969912       363.589905      131.636030      0.020072        2.762085       
137             70.817720       365.008667      131.198079      0.020034        2.782119       
138             72.982968       366.472778      130.781313      0.020061        2.802180       
139             74.697788       368.213013      130.318885      0.023297        2.825477       
140             106.628415      370.354431      130.151686      0.020083        2.845560       
141             105.023390      372.463196      129.975617      0.020079        2.865639       
142             110.701078      374.685852      129.841510      0.020078        2.885717       
143             107.744680      376.849365      129.688814      0.020080        2.905797       
144             106.062985      378.979004      129.526680      0.020079        2.925876       
145             108.339074      381.154236      129.382277      0.020078        2.945954       
146             116.501212      383.493347      129.295081      0.020078        2.966032       
147             119.027673      385.883423      129.226038      0.020080        2.986112       
148             131.039364      388.514038      129.238147      0.020075        3.006187       
149             130.207117      391.127686      129.244574      0.020073        3.026260       
150             117.100567      393.479065      129.164527      0.020080        3.046340       
151             108.774594      395.664673      129.030921      0.020093        3.066433       
152             107.851307      397.826660      128.893364      0.020046        3.086479       
153             105.559282      399.945129      128.742620      0.020069        3.106548       
154             107.752909      402.152771      128.605098      0.020488        3.127036       
155             104.284992      404.245667      128.450009      0.020069        3.147105       
156             106.176786      406.376953      128.308846      0.020073        3.167178       
157             223.468065      410.860840      128.907912      0.020065        3.187243       
158             283.629845      416.550171      129.875569      0.020059        3.207302       
159             283.662243      422.239868      130.831351      0.020058        3.227360       
160             302.829680      428.314026      131.893716      0.020058        3.247418       
161             241.962539      433.161987      132.568657      0.020036        3.267454       
162             167.018919      436.511719      132.778826      0.020056        3.287510       
163             116.993170      438.860474      132.683012      0.020076        3.307586       
164             112.257508      441.114380      132.559772      0.020078        3.327664       
165             108.509986      443.292175      132.415591      0.020070        3.347734       
166             108.422794      445.467896      132.272630      0.020067        3.367801       
167             117.127271      447.818054      132.182930      0.020065        3.387866       
168             123.980513      450.305847      132.134634      0.020066        3.407932       
169             133.754142      452.989624      132.144113      0.020065        3.427997       
170             125.742218      455.512390      132.106863      0.020063        3.448060       
171             132.428402      458.169434      132.108723      0.020064        3.468124       
172             122.890117      460.685486      132.054621      0.020474        3.488598       
173             133.259432      463.359070      132.061510      0.020063        3.508661       
174             128.853011      465.943604      132.043272      0.020058        3.528719       
175             98.077980       467.910950      131.851288      0.020059        3.548778       
176             126.378032      470.446472      131.820519      0.020063        3.568841       
177             238.619872      475.239868      132.418298      0.020088        3.588929       
178             105.936642      477.368347      132.270870      0.020092        3.609021       
179             111.894746      479.614746      132.158150      0.020076        3.629097       
180             119.641068      482.016541      132.089291      0.020075        3.649172       
181             82.736883       483.679138      131.819009      0.020095        3.669267       
182             74.328164       485.168823      131.506692      0.020042        3.689309       
183             70.675802       486.589478      131.177054      0.020101        3.709410       
184             73.066958       488.055420      130.864447      0.020063        3.729473       
185             71.132661       489.482910      130.544755      0.020068        3.749541       
186             92.653168       491.700378      130.304430      0.023933        3.773474       
187             105.871293      493.825745      130.175133      0.020075        3.793549       
188             106.791760      495.969482      130.052048      0.020074        3.813623       
189             105.988265      498.096985      129.926052      0.020073        3.833696       
190             105.995948      500.224854      129.801395      0.020075        3.853771       
191             107.578530      502.384277      129.686244      0.020073        3.873844       
192             112.753268      504.647461      129.598959      0.020072        3.893916       
193             115.978658      506.975037      129.529121      0.020069        3.913985       
194             126.389770      509.511047      129.513109      0.020065        3.934050       
195             127.352581      512.065613      129.502149      0.020059        3.954109       
196             130.159272      514.678040      129.505468      0.020071        3.974180       
197             107.647028      516.838623      129.395630      0.020071        3.994251       
198             107.561881      518.997498      129.286464      0.020071        4.014322       
199             109.904645      521.203064      129.190054      0.020068        4.034390       
200             100.786617      523.225952      129.049448      0.020071        4.054461       
201             110.657210      525.446289      128.958875      0.020065        4.074526       
202             107.114114      527.596069      128.851801      0.020070        4.094596       
203             140.243035      530.409485      128.907339      0.020061        4.114657       
204             259.261714      535.609497      129.539672      0.020057        4.134714       
205             281.097050      541.247742      130.271346      0.020058        4.154772       
206             285.512346      546.974548      131.017203      0.020058        4.174830       
207             288.049299      552.751953      131.768020      0.020057        4.194887       
208             180.926620      556.380798      132.001943      0.020057        4.214944       
209             162.878949      559.651733      132.148358      0.020082        4.235026       
210             108.143501      561.820984      132.035196      0.020059        4.255085       
211             110.040309      564.029053      131.931960      0.020066        4.275151       
212             108.999605      566.216675      131.824806      0.020070        4.295221       
213             107.501062      568.374329      131.711673      0.020071        4.315292       
214             121.799599      570.818359      131.665795      0.020066        4.335358       
215             122.400134      573.287292      131.622885      0.020171        4.355529       
216             132.800966      575.952209      131.628288      0.020067        4.375596       
217             127.277997      578.506042      131.608430      0.020065        4.395661       
218             127.052154      581.055725      131.587723      0.020068        4.415729       
219             127.286603      583.609985      131.568265      0.020067        4.435796       
220             133.752977      586.294006      131.578104      0.020067        4.455863       
221             120.777259      588.716919      131.529695      0.020061        4.475924       
222             97.827220       590.679626      131.379300      0.020063        4.495987       
223             177.347493      594.238281      131.583549      0.020066        4.516053       
224             194.461341      598.148315      131.862261      0.020107        4.536160       
225             93.303100       600.324890      131.664979      0.023328        4.559488       
226             127.860472      603.139099      131.646701      0.022010        4.581498       
227             102.808533      605.203186      131.520878      0.020077        4.601575       
228             75.544311       606.719360      131.277794      0.020070        4.621645       
229             71.713952       608.158875      131.020212      0.020073        4.641718       
230             69.250609       609.549011      130.754227      0.020074        4.661792       
231             77.606971       611.105652      130.526534      0.020058        4.681850       
232             70.802606       612.526306      130.271667      0.020065        4.701915       
233             102.324864      614.935852      130.132402      0.023548        4.725463       
234             106.997124      617.082214      130.034606      0.020060        4.745523       
235             106.422847      619.217163      129.935211      0.020061        4.765584       
236             112.138673      621.466553      129.860617      0.020059        4.785643       
237             104.194862      623.556702      129.753483      0.020060        4.805703       
238             106.245594      625.687988      129.655764      0.020060        4.825763       
239             115.464763      628.004211      129.597018      0.020060        4.845823       
240             123.944573      630.490540      129.573716      0.020060        4.865883       
241             127.328239      633.044617      129.564497      0.020059        4.885942       
242             128.822245      635.628662      129.561462      0.020059        4.906001       
243             122.003385      638.076416      129.530679      0.020063        4.926064       
244             107.683519      640.237732      129.442025      0.020071        4.946135       
245             106.873854      642.383118      129.350802      0.020074        4.966209       
246             104.564549      644.501282      129.250111      0.020257        4.986466       
247             104.049569      646.589661      129.149083      0.020071        5.006537       
248             111.369699      648.825073      129.078087      0.020072        5.026609       
249             105.299706      650.938965      128.983500      0.020075        5.046684       
250             201.772254      654.987122      129.271724      0.020063        5.066747       
251             283.970636      660.683289      129.881755      0.020059        5.086806       
252             284.786102      666.395813      130.490196      0.020059        5.106865       
253             306.006461      672.533997      131.176900      0.020059        5.126924       
254             250.193019      677.552368      131.640711      0.020058        5.146982       
255             167.524873      680.912415      131.780003      0.020057        5.167039       
256             120.471722      683.331848      131.736221      0.020083        5.187122       
257             106.214302      685.464844      131.637793      0.020082        5.207204       
258             114.052598      687.763916      131.569980      0.020158        5.227362       
259             107.779539      689.928345      131.478934      0.020082        5.247444       
260             121.003572      692.358459      131.438996      0.020083        5.267527       
261             126.701698      694.901489      131.421014      0.020071        5.287598       
262             132.469886      697.560425      131.424980      0.020072        5.307670       
263             128.818208      700.145935      131.415160      0.020071        5.327741       
264             126.934641      702.694275      131.398340      0.020076        5.347817       
265             127.048864      705.244019      131.382078      0.020069        5.367886       
266             126.960424      707.792114      131.365608      0.020070        5.387956       
267             132.744240      710.455627      131.370723      0.020065        5.408021       
268             112.687768      712.719299      131.301582      0.020088        5.428109       
269             103.971195      714.808289      131.200792      0.020092        5.448201       
270             256.840950      719.962830      131.661902      0.020069        5.468270       
271             108.486019      722.142639      131.577055      0.020093        5.488363       
272             107.147366      724.294373      131.487992      0.020082        5.508445       
273             118.295130      726.669739      131.440075      0.020080        5.528525       
274             85.981945       728.393677      131.275810      0.020050        5.548575       
275             70.765310       729.811035      131.058167      0.020029        5.568604       
276             71.150439       731.239807      130.842910      0.020081        5.588685       
277             71.036677       732.663879      130.629147      0.020047        5.608732       
278             70.869816       734.084961      130.416261      0.020052        5.628784       
279             88.685190       736.185913      130.241362      0.023690        5.652474       
280             106.929314      738.332947      130.158845      0.020079        5.672553       
281             108.438357      740.509521      130.082259      0.020072        5.692625       
282             106.729372      742.650513      130.000256      0.020060        5.712685       
283             107.108150      744.799316      129.920144      0.020062        5.732747       
284             106.289764      746.931702      129.837737      0.020062        5.752809       
285             112.946375      749.197632      129.779036      0.020062        5.772871       
286             120.789365      751.620667      129.747906      0.020060        5.792931       
287             120.086617      754.029724      129.714564      0.020061        5.812992       
288             127.835809      756.594238      129.708103      0.020061        5.833053       
289             134.751994      759.297363      129.725389      0.020060        5.853113       
290             106.178117      761.428040      129.644935      0.020067        5.873180       
291             107.887431      763.669617      129.568237      0.020777        5.893957       
292             103.750037      765.752502      129.480593      0.020076        5.914033       
293             109.658959      767.953796      129.413540      0.020074        5.934107       
294             103.762807      770.036316      129.327078      0.020070        5.954177       
295             105.432378      772.152344      129.246806      0.020070        5.974247       
296             106.490622      774.289185      129.170630      0.020066        5.994313       
297             258.231044      779.469299      129.601090      0.020060        6.014373       
298             264.078918      784.765930      130.048063      0.020057        6.034430       
299             267.976768      790.131897      130.504237      0.020024        6.054454       
300             286.032205      795.876282      131.018427      0.020083        6.074537       
301             239.992900      800.689819      131.377056      0.020057        6.094594       
302             167.287513      804.045105      131.494848      0.020057        6.114651       
303             112.565884      806.304077      131.432927      0.020068        6.134719       
304             110.105914      808.514343      131.363369      0.020074        6.154793       
305             111.813121      810.757874      131.299841      0.020065        6.174858       
306             106.059866      812.923828      131.216640      0.020422        6.195280       
307             125.328482      815.438293      131.197634      0.020063        6.215343       
308             132.448206      818.095337      131.201657      0.020061        6.235404       
309             125.673505      820.615845      131.183933      0.020056        6.255460       
310             128.623157      823.196411      131.175746      0.020063        6.275523       
311             133.527143      825.875366      131.183240      0.020063        6.295586       
312             125.373950      828.390869      131.164784      0.020064        6.315650       
313             127.437244      830.947388      131.152982      0.020061        6.335711       
314             125.122527      833.456970      131.133951      0.020057        6.355768       
315             108.053818      835.625610      131.061299      0.020070        6.375838       
316             129.403169      838.222473      131.056096      0.020068        6.395906       
317             237.845179      843.002686      131.390611      0.020098        6.416004       
318             104.209326      845.098022      131.305694      0.020107        6.436111       
319             113.288079      847.374207      131.249623      0.020092        6.456203       
320             113.513783      849.654358      131.194613      0.020087        6.476290       
321             79.175071       851.243164      131.033926      0.020067        6.496357       
322             71.420170       852.675781      130.850422      0.020059        6.516416       
323             73.012510       854.138733      130.673124      0.020037        6.536453       
324             69.504062       855.532776      130.486002      0.020057        6.556510       
325             73.743320       857.009338      130.313242      0.020023        6.576533       
326             88.789802       858.868774      130.181437      0.020942        6.597475       
327             109.735618      861.072266      130.119397      0.020080        6.617555       
328             105.963137      863.199158      130.046349      0.020072        6.637627       
329             110.251269      865.412231      129.986667      0.020073        6.657700       
330             104.891443      867.517822      129.911228      0.020074        6.677774       
331             106.652601      869.658020      129.841544      0.020067        6.697841       
332             108.186792      871.828247      129.776882      0.020060        6.717901       
333             120.959974      874.255188      129.750628      0.020064        6.737965       
334             126.239131      876.787292      129.740205      0.020058        6.758023       
335             129.938946      879.393738      129.740794      0.020059        6.778082       
336             130.894599      882.013855      129.744191      0.020017        6.798099       
337             105.366018      884.128235      129.672442      0.020067        6.818166       
338             106.193571      886.260071      129.603515      0.020075        6.838241       
339             110.489595      888.478149      129.547567      0.020075        6.858316       
340             104.083916      890.567322      129.473261      0.020072        6.878388       
341             104.903224      892.672729      129.401778      0.020070        6.898458       
342             106.236925      894.805542      129.334559      0.020076        6.918534       
343             125.310421      897.331299      129.322869      0.020156        6.938690       
344             272.430776      902.795715      129.735366      0.020058        6.958748       
345             285.016348      908.512573      130.181663      0.020058        6.978806       
346             290.399297      914.337402      130.640830      0.020058        6.998864       
347             295.006805      920.254944      131.110563      0.020059        7.018923       
348             179.073582      923.846802      131.247236      0.020058        7.038981       
349             164.533781      927.150146      131.341908      0.020077        7.059058       
350             104.115936      929.241211      131.264666      0.020084        7.079142       
351             106.822923      931.386108      131.195537      0.020079        7.099221       
352             108.300538      933.560242      131.130977      0.020075        7.119296       
353             110.866036      936.360718      131.059329      0.025260        7.144556       
354             131.634616      939.002625      131.060941      0.020070        7.164626       
355             126.953855      941.550842      131.049467      0.020072        7.184698       
356             131.823651      944.196411      131.051623      0.020069        7.204767       
357             127.578319      946.756653      131.041976      0.020068        7.224835       
358             126.449953      949.294250      131.029256      0.020068        7.244903       
359             125.693543      951.816040      131.014521      0.020063        7.264966       
360             132.097365      954.467102      131.017504      0.020069        7.285035       
361             119.106202      957.258118      130.979313      0.023433        7.308468       
362             100.547789      959.278625      130.895869      0.020095        7.328563       
363             223.022540      963.757141      131.147616      0.020081        7.348644       
364             141.174541      966.595032      131.174969      0.020102        7.368746       
365             105.428226      968.713928      131.104937      0.020098        7.388844       
366             118.511473      971.093994      131.070801      0.020083        7.408927       
367             96.250205       973.024292      130.976800      0.020055        7.428982       
368             78.846203       974.606262      130.836387      0.020064        7.449046       
369             74.001174       976.091614      130.683652      0.020072        7.469118       
370             70.576745       977.508301      130.522549      0.020073        7.489191       
371             72.073267       978.954163      130.366402      0.020061        7.509252       
372             66.099289       980.488525      130.168348      0.023213        7.532465       
373             121.915301      982.936707      130.146404      0.020081        7.552546       
374             107.580127      985.095947      130.086593      0.020071        7.572617       
375             105.462231      987.212891      130.021493      0.020073        7.592690       
376             106.633654      989.353455      129.959822      0.020074        7.612764       
377             109.008728      991.541260      129.904733      0.020070        7.632834       
378             104.606496      993.640503      129.838394      0.020068        7.652902       
379             118.241169      996.013367      129.808062      0.020068        7.672970       
380             125.010484      998.522827      129.795543      0.020074        7.693044       
381             124.564772      1001.022095     129.781937      0.020064        7.713108       
382             131.461507      1003.659607     129.786294      0.020063        7.733171       
383             114.463605      1006.277161     129.741117      0.022868        7.756039       
384             105.332611      1008.392029     129.678094      0.020078        7.776117       
385             106.727179      1010.535217     129.618978      0.020081        7.796198       
386             108.607877      1012.724426     129.564794      0.020157        7.816355       
387             103.724802      1014.806702     129.498598      0.020075        7.836430       
388             103.970253      1016.889954     129.433491      0.020037        7.856467       
389             112.187677      1019.141785     129.389543      0.020072        7.876539       
390             259.965230      1024.357727     129.721315      0.020064        7.896603       
391             286.616931      1030.106689     130.118833      0.020058        7.916661       
392             285.517452      1035.833313     130.511543      0.020057        7.936718       
393             292.593252      1041.702148     130.920130      0.020058        7.956776       
394             212.679738      1045.968079     131.125717      0.020058        7.976834       
395             172.231739      1049.426147     131.228923      0.020078        7.996912       
396             105.988120      1051.555237     131.165678      0.020088        8.017000       
397             107.755983      1053.807983     131.104791      0.020906        8.037906       
398             110.001334      1056.015930     131.052223      0.020072        8.057978       
399             107.964923      1058.182678     130.994865      0.020069        8.078047       
400             124.910430      1060.689880     130.979784      0.020072        8.098119       
401             127.012369      1063.238892     130.969977      0.020069        8.118188       
402             125.674392      1065.760925     130.956918      0.020068        8.138256       
403             133.023547      1068.430176     130.962001      0.020066        8.158322       
404             126.139931      1070.961426     130.950169      0.020067        8.178389       
405             129.203699      1073.554932     130.945893      0.020073        8.198462       
406             125.802131      1076.079529     130.933333      0.020068        8.218530       
407             133.218772      1078.752563     130.938900      0.020065        8.238595       
408             99.024689       1080.739197     130.861373      0.020062        8.258657       
409             170.139073      1084.152527     130.956556      0.020062        8.278719       
410             195.387785      1088.080994     131.112657      0.020106        8.298825       
411             108.706148      1090.264465     131.058556      0.020086        8.318911       
412             109.254420      1092.457092     131.006081      0.020069        8.338980       
413             112.508280      1094.714233     130.961686      0.020062        8.359042       
414             78.797418       1096.295776     130.836734      0.020071        8.379113       
415             73.317603       1097.767334     130.699284      0.020071        8.399184       
416             70.971890       1099.191101     130.556968      0.020061        8.419245       
417             68.645153       1100.568054     130.409813      0.020059        8.439304       
418             74.037968       1102.055847     130.275903      0.020095        8.459399       
419             98.900071       1104.238770     130.194252      0.022072        8.481471       
420             102.707393      1106.300415     130.129352      0.020073        8.501544       
421             107.131553      1108.450867     130.075180      0.020073        8.521617       
422             111.782737      1110.694458     130.032197      0.020071        8.541688       
423             105.323733      1112.808411     129.974274      0.020071        8.561759       
424             104.327181      1114.902466     129.914288      0.020072        8.581831       
425             118.101263      1117.272522     129.886729      0.020068        8.601899       
426             121.498327      1119.709900     129.867211      0.020061        8.621960       
427             121.422200      1122.145508     129.847609      0.020059        8.642019       
428             127.485844      1124.717407     129.842109      0.020174        8.662193       
429             129.440768      1127.314636     129.841181      0.020065        8.682258       
430             108.917259      1129.500061     129.792937      0.020065        8.702323       
431             105.263971      1131.612183     129.736511      0.020065        8.722388       
432             105.186889      1133.723389     129.680149      0.020071        8.742459       
433             110.588391      1135.942566     129.636427      0.020067        8.762526       
434             105.470259      1138.059143     129.581208      0.020068        8.782594       
435             106.530995      1140.197327     129.528651      0.020071        8.802665       
436             147.337571      1143.152771     129.569141      0.020059        8.822724       
437             258.004920      1148.327576     129.860456      0.020057        8.842781       
438             262.127404      1153.585327     130.159797      0.020058        8.862839       
439             300.264242      1159.607727     130.543882      0.020057        8.882896       
440             293.746524      1165.499695     130.911571      0.020058        8.902954       
441             171.668328      1169.362061     131.014309      0.022499        8.925453       
442             149.052197      1172.355774     131.054809      0.020085        8.945538       
443             114.232274      1174.648987     131.017141      0.020075        8.965613       
444             109.888217      1176.854553     130.969947      0.020071        8.985684       
445             109.688131      1179.056213     130.922514      0.020072        9.005756       
446             111.662584      1181.297058     130.879691      0.020068        9.025824       
447             123.557491      1183.776733     130.863446      0.020069        9.045893       
448             131.886539      1186.423828     130.865711      0.020071        9.065964       
449             125.360798      1188.939819     130.853552      0.020070        9.086034       
450             131.815013      1191.585083     130.855671      0.020068        9.106102       
451             129.527124      1194.184692     130.852749      0.020070        9.126172       
452             127.716536      1196.748474     130.845866      0.020074        9.146246       
453             126.866388      1199.294556     130.837153      0.020069        9.166315       
454             125.040001      1201.805359     130.824481      0.020080        9.186395       
455             98.160416       1203.775635     130.753267      0.020072        9.206467       
456             197.657924      1207.742432     130.898794      0.020069        9.226536       
457             173.642772      1211.231262     130.991672      0.020092        9.246628       
458             104.436786      1213.328979     130.934113      0.020086        9.266714       
459             119.139409      1215.720703     130.908617      0.020075        9.286789       
460             105.600460      1217.840210     130.854038      0.020071        9.306860       
461             74.891327       1219.345825     130.733412      0.020104        9.326964       
462             71.542806       1220.779114     130.606545      0.020034        9.346998       
463             71.593839       1222.214355     130.480248      0.020047        9.367045       
464             70.679325       1223.633667     130.352322      0.020081        9.387126       
465             71.068291       1225.059937     130.225847      0.020069        9.407195       
466             106.186994      1227.537598     130.166370      0.023333        9.430528       
467             105.666810      1229.656006     130.114398      0.020048        9.450576       
468             107.775132      1231.818298     130.067073      0.020063        9.470639       
469             107.602607      1233.976807     130.019591      0.020060        9.490699       
470             106.644948      1236.116211     129.970287      0.020061        9.510760       
471             106.302670      1238.255127     129.920322      0.020121        9.530881       
472             114.010788      1240.542297     129.886905      0.020061        9.550942       
473             118.093595      1242.911255     129.862187      0.020060        9.571002       
474             128.502753      1245.488892     129.859344      0.020059        9.591061       
475             131.520721      1248.127197     129.862812      0.020060        9.611121       
476             117.172655      1250.478149     129.836375      0.020064        9.631185       
477             107.738257      1252.640564     129.790419      0.020071        9.651256       
478             110.168579      1254.851868     129.749696      0.020072        9.671328       
479             105.006132      1256.959656     129.698447      0.020073        9.691401       
480             107.787301      1259.122192     129.653180      0.020063        9.711464       
481             105.743986      1261.244263     129.603876      0.020068        9.731532       
482             94.094166       1263.214783     129.527624      0.020942        9.752474       
483             197.947010      1267.188965     129.668186      0.020077        9.772551       
484             296.714981      1273.143738     130.010532      0.020069        9.792620       
485             288.384118      1278.931030     130.334423      0.020068        9.812688       
486             286.345430      1284.677124     130.652815      0.020067        9.832755       
487             262.517782      1289.945068     130.921382      0.020067        9.852822       
488             169.128765      1293.338806     130.999036      0.020066        9.872888       
489             118.042781      1295.712646     130.972699      0.020110        9.892998       
490             107.592643      1297.875366     130.925290      0.020101        9.913099       
491             110.888187      1300.174744     130.883465      0.020736        9.933835       
492             108.023816      1302.346130     130.837302      0.020101        9.953936       
493             125.129318      1304.875244     130.825735      0.020212        9.974148       
494             124.557047      1307.531921     130.812359      0.021329        9.995477       
495             127.314050      1310.089661     130.805341      0.020090        10.015567      
496             132.623688      1312.753540     130.808981      0.020086        10.035653      
497             127.146185      1315.305237     130.801671      0.020069        10.055722      
498             131.660378      1317.947266     130.803381      0.020067        10.075789      
499             126.145811      1320.478760     130.794123      0.020068        10.095857      
500             126.934993      1323.025330     130.786469      0.020062        10.115919      
501             110.124882      1325.234985     130.745568      0.020065        10.135984      
502             135.280253      1327.950195     130.754530      0.020071        10.156055      
503             230.640419      1332.580994     130.951609      0.020078        10.176133      
504             103.197280      1334.654846     130.896908      0.020096        10.196229      
505             117.117739      1337.007507     130.869814      0.020088        10.216317      
506             112.530435      1339.267456     130.833834      0.020083        10.236400      
507             87.115695       1341.014648     130.748345      0.020056        10.256456      
508             74.815914       1342.515381     130.639169      0.020059        10.276515      
509             73.421569       1343.989319     130.527613      0.020075        10.296590      
510             72.951428       1345.453308     130.415616      0.020068        10.316658      
511             68.174625       1346.821777     130.294750      0.020073        10.336731      
512             90.317659       1348.785645     130.210832      0.021744        10.358475      
513             105.596262      1350.905701     130.163216      0.020077        10.378552      
514             109.819594      1353.115051     130.123857      0.020118        10.398670      
515             107.014589      1355.262085     130.079357      0.020063        10.418733      
516             105.765067      1357.384155     130.032623      0.020064        10.438797      
517             111.501797      1359.621216     129.997076      0.020063        10.458860      
518             106.000104      1361.748108     129.951126      0.020065        10.478925      
519             124.844500      1364.253113     129.941367      0.020065        10.498990      
520             114.248101      1366.545044     129.911438      0.020061        10.519051      
521             138.228109      1369.318176     129.927270      0.020062        10.539113      
522             128.614357      1371.898438     129.924775      0.020062        10.559175      
523             107.745052      1374.061096     129.882694      0.020072        10.579247      
524             110.091848      1376.271851     129.845199      0.020081        10.599328      
525             105.916272      1378.398438     129.799957      0.020078        10.619406      
526             104.112711      1380.486938     129.751525      0.020060        10.639466      
527             110.017739      1382.695435     129.714362      0.020074        10.659540      
528             104.339837      1384.790161     129.666662      0.020076        10.679616      
529             107.708741      1386.951660     129.625479      0.020068        10.699684      
530             259.430603      1392.155579     129.868373      0.020059        10.719743      
531             282.977583      1397.831543     130.154324      0.020058        10.739801      
532             290.241809      1403.653503     130.452766      0.020059        10.759860      
533             302.552642      1409.721802     130.772974      0.020057        10.779917      
534             203.850179      1413.810425     130.908688      0.020057        10.799974      
535             164.285434      1417.108948     130.970623      0.020078        10.820052      
536             106.674029      1419.251709     130.925601      0.020087        10.840139      
537             113.275902      1421.526855     130.892959      0.020085        10.860224      
538             108.490728      1423.704590     130.851629      0.020073        10.880297      
539             106.469398      1425.841431     130.806736      0.020070        10.900367      
540             124.445304      1428.339172     130.795044      0.020071        10.920438      
541             133.398403      1431.010742     130.799810      0.020027        10.940465      
542             125.820380      1433.535706     130.790693      0.020068        10.960533      
543             125.913706      1436.063171     130.781778      0.020073        10.980606      
544             132.442518      1438.721558     130.784808      0.020072        11.000678      
545             126.922480      1441.269653     130.777772      0.020076        11.020754      
546             128.202101      1443.843567     130.773088      0.020077        11.040831      
547             128.200295      1446.415649     130.768422      0.020063        11.060894      
548             97.619143       1448.374573     130.708390      0.020067        11.080961      
549             168.908842      1451.764404     130.777451      0.020069        11.101030      
550             203.535507      1455.857300     130.909010      0.020109        11.121139      
551             104.442524      1457.956177     130.861271      0.020096        11.141235      
552             117.983069      1460.325867     130.838097      0.020085        11.161320      
553             116.123016      1462.653320     130.811719      0.020043        11.181363      
554             72.762860       1464.113525     130.707722      0.020068        11.201431      
555             75.695651       1465.630920     130.609448      0.020046        11.221477      
556             72.137435       1467.078430     130.505077      0.020066        11.241543      
557             72.759458       1468.537476     130.402252      0.020053        11.261596      
558             68.947346       1469.921387     130.292913      0.020072        11.281668      
559             96.252145       1471.924683     130.230228      0.020813        11.302481      
560             103.717530      1474.008057     130.183193      0.020087        11.322568      
561             106.929290      1476.155518     130.142020      0.020083        11.342651      
562             112.110041      1478.406799     130.110153      0.020081        11.362732      
563             104.716346      1480.510132     130.065343      0.020086        11.382818      
564             110.483937      1482.728760     130.030860      0.020081        11.402899      
565             103.534482      1484.969971     129.980655      0.021647        11.424546      
566             124.876655      1487.707642     129.970879      0.021923        11.446469      
567             123.824598      1490.193420     129.960119      0.020075        11.466544      
568             136.822021      1492.939575     129.972109      0.020071        11.486615      
569             124.084464      1495.432556     129.961829      0.020091        11.506706      
570             110.816680      1497.658752     129.928463      0.020089        11.526795      
571             105.397294      1499.776184     129.885782      0.020090        11.546885      
572             105.883203      1501.902954     129.844101      0.020086        11.566971      
573             103.796841      1503.987610     129.798953      0.020084        11.587055      
574             104.768960      1506.090637     129.755667      0.020073        11.607128      
575             109.183356      1508.282166     129.720153      0.020072        11.627200      
576             159.684931      1511.486084     129.771772      0.020064        11.647264      
577             278.442279      1517.070801     130.027347      0.020057        11.667321      
578             299.960194      1523.087402     130.318988      0.020058        11.687379      
579             290.961531      1528.923218     130.594198      0.020057        11.707436      
580             273.168477      1534.468811     130.840998      0.020301        11.727737      
581             168.608944      1538.468384     130.917235      0.023721        11.751458      
582             129.089203      1541.059204     130.914118      0.020070        11.771528      
583             105.365762      1543.174316     130.870624      0.020074        11.791602      
584             109.176632      1545.365601     130.833761      0.020071        11.811673      
585             108.338999      1547.539856     130.795605      0.020069        11.831742      
586             124.418169      1550.036804     130.784806      0.020069        11.851811      
587             126.978915      1552.585144     130.778372      0.020069        11.871880      
588             127.977039      1555.153259     130.773645      0.020067        11.891947      
589             128.283618      1557.727783     130.769450      0.020069        11.912016      
590             131.482560      1560.366638     130.770650      0.020070        11.932086      
591             126.085783      1562.896423     130.762785      0.020064        11.952150      
592             133.078298      1565.566772     130.766666      0.020066        11.972216      
593             127.326929      1568.121460     130.760911      0.020064        11.992280      
594             111.307634      1570.354736     130.728419      0.020064        12.012344      
595             101.727289      1572.395691     130.680062      0.020063        12.032407      
596             251.941608      1577.447876     130.881818      0.020053        12.052460      
597             121.468771      1579.888184     130.866154      0.020090        12.072550      
598             108.264054      1582.061584     130.828632      0.020075        12.092625      
599             113.502967      1584.354004     130.799743      0.020197        12.112822      
600             93.524798       1586.231140     130.738080      0.020071        12.132893      
601             75.297981       1587.742371     130.646524      0.020070        12.152963      
602             75.269804       1589.254089     130.555159      0.020084        12.173047      
603             71.811610       1590.695923     130.458428      0.020078        12.193125      
604             70.967721       1592.121948     130.360550      0.020094        12.213219      
605             82.031708       1593.784485     130.280485      0.020267        12.233486      
606             104.955920      1595.892944     130.238967      0.020089        12.253575      
607             105.781099      1598.017029     130.198953      0.020080        12.273655      
608             108.316810      1600.192139     130.163210      0.020081        12.293736      
609             90.023447       1602.328125     130.085889      0.023727        12.317463      
610             128.244354      1604.903015     130.082892      0.020078        12.337541      
611             107.984107      1607.071228     130.046985      0.020079        12.357620      
612             118.492169      1609.450195     130.028243      0.020077        12.377697      
613             120.477324      1611.869019     130.012776      0.020077        12.397774      
614             112.190762      1614.525696     129.978801      0.023680        12.421454      
615             155.691064      1617.649170     130.020262      0.020062        12.441516      
616             103.871701      1619.733459     129.978157      0.020066        12.461582      
617             107.207727      1621.884583     129.941552      0.020065        12.481647      
618             106.443512      1624.020691     129.903832      0.020068        12.501715      
619             105.243829      1626.132935     129.864307      0.020070        12.521785      
620             109.977639      1628.339966     129.832487      0.020068        12.541853      
621             102.613398      1630.399109     129.789006      0.020067        12.561920      
622             126.132223      1632.929321     129.783176      0.020060        12.581980      
623             271.374878      1638.372559     130.008540      0.020058        12.602038      
624             299.722845      1644.384399     130.278236      0.020058        12.622096      
625             291.665831      1650.234924     130.534306      0.020059        12.642155      
626             289.942857      1656.050598     130.786822      0.020058        12.662213      
627             182.776848      1659.716919     130.869052      0.020059        12.682272      
628             150.051219      1662.729797     130.899374      0.020079        12.702351      
629             109.108724      1664.934448     130.864766      0.020206        12.722557      
630             108.887741      1667.119934     130.830150      0.020071        12.742628      
631             108.224121      1669.291992     130.794601      0.020070        12.762698      
632             112.680990      1671.553162     130.766165      0.020067        12.782765      
633             133.784561      1674.237549     130.770896      0.020065        12.802830      
634             128.810093      1676.822510     130.767827      0.020068        12.822898      
635             125.255311      1679.335632     130.759215      0.020064        12.842962      
636             133.461554      1682.013672     130.763431      0.020066        12.863028      
637             126.502541      1684.551819     130.756795      0.020064        12.883092      
638             127.517762      1687.110718     130.751758      0.020067        12.903159      
639             127.426782      1689.667664     130.746595      0.020066        12.923225      
640             121.191343      1692.099731     130.731780      0.020068        12.943293      
641             102.043484      1694.148254     130.687353      0.020075        12.963368      
642             203.420263      1698.251648     130.800356      0.020172        12.983540      
643             167.891471      1701.626099     130.857685      0.020099        13.003639      
644             108.455292      1703.804749     130.823131      0.020088        13.023727      
645             119.857594      1706.211609     130.806250      0.020081        13.043808      
646             104.903605      1708.317444     130.766448      0.020074        13.063882      
647             73.152654       1709.783569     130.678195      0.020042        13.083924      
648             75.166509       1711.292236     130.593169      0.020071        13.103995      
649             73.156951       1712.759033     130.505422      0.020050        13.124045      
650             71.445124       1714.194580     130.415139      0.020093        13.144138      
651             73.523007       1715.910828     130.314282      0.023343        13.167481      
652             109.873003      1718.118286     130.283140      0.020091        13.187572      
653             107.440595      1720.276123     130.248405      0.020084        13.207656      
654             105.433756      1722.393127     130.210737      0.020079        13.227735      
655             110.596967      1724.614136     130.181005      0.020082        13.247817      
656             106.792525      1726.758423     130.145610      0.020079        13.267896      
657             105.955159      1728.886108     130.109053      0.020081        13.287977      
658             115.883229      1731.213623     130.087583      0.020085        13.308062      
659             118.970847      1733.603271     130.070830      0.020086        13.328148      
660             128.174132      1736.176880     130.067977      0.020079        13.348227      
661             128.102380      1738.748535     130.065025      0.020075        13.368302      
662             99.003215       1741.040955     130.011317      0.023155        13.391457      
663             122.228238      1743.497375     129.999654      0.020097        13.411554      
664             105.813100      1745.623901     129.963465      0.020097        13.431651      
665             105.620131      1747.746338     129.927099      0.020095        13.451746      
666             103.961081      1749.836060     129.888356      0.020101        13.471847      
667             108.909142      1752.025024     129.857103      0.020099        13.491946      
668             106.769172      1754.179199     129.822629      0.020176        13.512122      
669             212.047093      1758.437317     129.944645      0.020081        13.532203      
670             259.987752      1763.656311     130.137269      0.020074        13.552277      
671             276.205976      1769.200317     130.353288      0.020072        13.572349      
672             264.918486      1774.517761     130.552001      0.020072        13.592421      
673             221.587688      1779.842957     130.712672      0.024032        13.616453      
674             204.795573      1783.953613     130.821717      0.020072        13.636525      
675             118.272300      1786.333252     130.803228      0.020120        13.656645      
676             111.632126      1788.577393     130.775049      0.020103        13.676748      
677             112.668379      1790.842590     130.748471      0.020105        13.696853      
678             113.225881      1793.178101     130.722122      0.020627        13.717480      
679             120.983002      1795.609375     130.707876      0.020096        13.737576      
680             133.083673      1798.283691     130.711346      0.020095        13.757671      
681             128.445805      1800.863525     130.708043      0.020085        13.777756      
682             127.208771      1803.417114     130.702952      0.020074        13.797830      
683             126.282255      1805.951599     130.696531      0.020070        13.817900      
684             127.818072      1808.530457     130.692334      0.020176        13.838076      
685             133.063392      1811.201172     130.695768      0.020071        13.858147      
686             124.461343      1813.698364     130.686755      0.020064        13.878211      
687             112.230838      1815.950500     130.660108      0.020067        13.898278      
688             127.672044      1818.512878     130.655799      0.020070        13.918348      
689             237.171697      1823.271729     130.809134      0.020065        13.938413      
690             106.870837      1825.416199     130.774721      0.020066        13.958479      
691             112.618570      1827.677917     130.748636      0.020083        13.978562      
692             114.032974      1829.968384     130.724652      0.020086        13.998648      
693             84.013705       1831.656555     130.657698      0.020094        14.018742      
694             71.306051       1833.087097     130.572882      0.020062        14.038804      
695             62.298351       1834.336304     130.475503      0.020052        14.058856      
696             69.923505       1835.739319     130.389205      0.020065        14.078921      
697             72.293035       1837.190674     130.306480      0.020076        14.098997      
698             91.885046       1839.072388     130.250753      0.020479        14.119476      
699             105.268244      1841.186279     130.215273      0.020081        14.139557      
700             106.737046      1843.329346     130.181982      0.020078        14.159635      
701             105.173695      1845.440918     130.146573      0.020077        14.179712      
702             107.512214      1847.779846     130.111899      0.021755        14.201467      
703             110.539895      1849.997498     130.084290      0.020062        14.221529      
704             106.810002      1852.140320     130.051503      0.020062        14.241591      
705             120.564436      1854.559204     130.038157      0.020063        14.261654      
706             121.072380      1856.988037     130.025563      0.020061        14.281715      
707             135.631990      1859.708679     130.033427      0.020059        14.301774      
708             129.765507      1862.311646     130.033051      0.020059        14.321833      
709             105.750293      1864.493591     129.998118      0.020633        14.342466      
710             110.721792      1866.716553     129.971172      0.020077        14.362543      
711             104.245590      1868.809387     129.935263      0.020076        14.382619      
712             110.076704      1871.019287     129.907582      0.020076        14.402695      
713             105.242778      1873.132141     129.873250      0.020076        14.422771      
714             103.756725      1875.214539     129.836958      0.020070        14.442841      
715             109.249948      1877.406311     129.808401      0.020062        14.462903      
716             283.863221      1883.100891     130.021789      0.020061        14.482964      
717             284.402711      1888.805725     130.235312      0.020059        14.503023      
718             291.522820      1894.653381     130.458079      0.020059        14.523082      
719             292.233079      1900.515869     130.681234      0.020061        14.543143      
720             190.630643      1904.339539     130.763802      0.020058        14.563201      
721             156.651835      1907.485107     130.799448      0.020080        14.583281      
722             105.781510      1909.610046     130.765034      0.020088        14.603369      
723             108.506944      1911.789734     130.734459      0.020088        14.623457      
724             109.127977      1913.980042     130.704844      0.020071        14.643528      
725             107.311051      1916.133667     130.672827      0.020069        14.663597      
726             126.437787      1918.671021     130.667039      0.020068        14.683665      
727             131.193392      1921.319946     130.667761      0.020191        14.703856      
728             127.246546      1923.873657     130.663098      0.020069        14.723925      
729             132.054787      1926.523865     130.664992      0.020069        14.743994      
730             126.234635      1929.056763     130.658971      0.020065        14.764059      
731             126.958357      1931.604309     130.653949      0.020066        14.784125      
732             133.240880      1934.278320     130.657456      0.020069        14.804194      
733             127.266088      1936.831787     130.652866      0.020064        14.824258      
734             98.867863       1938.929565     130.607437      0.021218        14.845476      
735             146.486807      1941.870728     130.628884      0.020078        14.865554      
736             216.930902      1946.231689     130.745434      0.020103        14.885657      
737             103.260354      1948.306396     130.708386      0.020092        14.905749      
738             114.310654      1950.602783     130.686316      0.020089        14.925838      
739             117.152341      1952.953796     130.668144      0.020068        14.945906      
740             73.198378       1954.422302     130.591105      0.020062        14.965968      
741             70.148646       1955.831238     130.510097      0.020085        14.986053      
742             71.739877       1957.271057     130.431495      0.020070        15.006123      
743             69.747941       1958.669434     130.350527      0.020049        15.026172      
744             70.002421       1960.075012     130.269993      0.020079        15.046251      
745             100.220037      1962.402222     130.223688      0.023221        15.069472      
746             101.414131      1964.438110     130.185360      0.020075        15.089547      
747             108.310643      1966.612122     130.156301      0.020072        15.109619      
748             110.523778      1968.830444     130.130257      0.020071        15.129690      
749             84.484532       1970.838135     130.058674      0.023764        15.153454      
750             122.477720      1973.296875     130.048644      0.020075        15.173529      
751             115.013294      1975.605652     130.028779      0.020074        15.193603      
752             120.090745      1978.016113     130.015668      0.020072        15.213675      
753             126.695847      1980.558899     130.011294      0.020070        15.233745      
754             133.213509      1983.232361     130.015507      0.020069        15.253814      
755             122.506531      1985.769226     130.005327      0.020708        15.274522      
756             106.961186      1987.917542     129.975065      0.020085        15.294607      
757             104.601745      1990.018677     129.941785      0.020087        15.314694      
758             108.943590      1992.206482     129.914286      0.020082        15.334776      
759             104.375348      1994.301086     129.880908      0.020068        15.354844      
760             105.825908      1996.424377     129.849517      0.020064        15.374908      
761             105.832996      1998.548340     129.818209      0.020069        15.394977      
762             197.363233      2002.507446     129.906107      0.020060        15.415037      
763             284.754656      2008.219055     130.107334      0.020058        15.435095      
764             288.320974      2014.002197     130.312666      0.020058        15.455153      
765             288.132312      2019.781555     130.517222      0.020058        15.475211      
766             225.930661      2025.032410     130.660301      0.023241        15.498452      
767             170.415533      2028.452820     130.711719      0.020071        15.518523      
768             129.282896      2031.051147     130.709871      0.020098        15.538621      
769             107.582292      2033.210754     130.680032      0.020074        15.558695      
770             106.824400      2035.362732     130.649184      0.020145        15.578840      
771             107.759732      2037.525146     130.619738      0.020067        15.598907      
772             116.026415      2039.853333     130.600990      0.020066        15.618973      
773             131.709043      2042.496338     130.602412      0.020067        15.639040      
774             125.731996      2045.019653     130.596170      0.020069        15.659109      
775             125.795863      2047.544250     130.590025      0.020069        15.679178      
776             133.923984      2050.232239     130.594288      0.020071        15.699249      
777             128.467860      2052.810974     130.591572      0.020073        15.719322      
778             127.724588      2055.374023     130.587917      0.020067        15.739389      
779             124.832745      2057.878418     130.580591      0.020062        15.759451      
780             113.292346      2060.151855     130.558605      0.020067        15.779518      
781             102.203634      2062.203491     130.522579      0.020074        15.799592      
782             252.671052      2067.289001     130.677985      0.020127        15.819719      
783             112.855285      2069.859619     130.652360      0.022778        15.842497      
784             105.118928      2072.004150     130.619522      0.020401        15.862898      
785             109.064729      2074.576660     130.587519      0.023587        15.886485      
786             84.491936       2076.269287     130.529465      0.020033        15.906518      
787             76.097043       2077.796631     130.460868      0.020071        15.926589      
788             74.375858       2079.289429     130.390278      0.020071        15.946660      
789             74.121283       2080.777710     130.319517      0.020079        15.966739      
790             69.245577       2082.167053     130.242867      0.020064        15.986803      
791             93.909351       2084.296448     130.191406      0.022675        16.009478      
792             106.419102      2086.431641     130.161650      0.020064        16.029542      
793             103.069089      2088.499207     130.127788      0.020060        16.049602      
794             109.876060      2090.703430     130.102506      0.020061        16.069663      
795             104.498249      2092.799561     130.070585      0.020059        16.089722      
796             104.985945      2094.905579     130.039350      0.020060        16.109782      
797             114.622326      2097.205017     130.020175      0.020061        16.129843      
798             120.022725      2099.612793     130.007757      0.020061        16.149904      
799             120.655490      2102.033142     129.996155      0.020060        16.169964      
800             135.783446      2104.756958     130.003325      0.020060        16.190024      
801             127.104108      2107.307556     129.999736      0.020067        16.210091      
802             110.382677      2110.018555     129.970059      0.024560        16.234651      
803             105.244142      2112.131226     129.939524      0.020074        16.254725      
804             103.636917      2114.211426     129.907084      0.020072        16.274797      
805             108.493433      2116.389648     129.880700      0.020077        16.294874      
806             106.049230      2118.518799     129.851374      0.020077        16.314951      
807             102.386064      2120.574097     129.817622      0.020074        16.335025      
808             163.892049      2123.862427     129.859423      0.020064        16.355089      
809             260.976336      2129.097351     130.020037      0.020059        16.375148      
810             278.948739      2134.692505     130.202237      0.020058        16.395206      
811             265.102347      2140.010193     130.367082      0.020059        16.415265      
812             286.613997      2145.768555     130.558082      0.020091        16.435356      
813             175.805472      2149.294861     130.613235      0.020058        16.455414      
814             155.328189      2152.410278     130.643323      0.020057        16.475471      
815             107.500650      2154.569214     130.615147      0.020083        16.495554      
816             114.271410      2156.863098     130.595282      0.020074        16.515628      
817             112.560749      2159.122192     130.573393      0.020070        16.535698      
818             111.500335      2161.359558     130.550276      0.020066        16.555764      
819             134.401477      2164.055786     130.554937      0.020061        16.575825      
820             126.475601      2166.593140     130.550006      0.020062        16.595887      
821             125.291815      2169.106995     130.543656      0.020064        16.615951      
822             132.055782      2171.756958     130.545480      0.020067        16.636018      
823             125.251793      2174.270386     130.539102      0.020067        16.656085      
824             132.650997      2176.931763     130.541643      0.020063        16.676148      
825             127.204224      2179.484497     130.537632      0.020068        16.696216      
826             123.338457      2181.959900     130.528988      0.020070        16.716286      
827             100.820608      2183.984680     130.493339      0.020083        16.736369      
828             195.341068      2187.907715     130.571061      0.020083        16.756452      
829             169.497899      2191.314453     130.617697      0.020099        16.776551      
830             107.251914      2193.469788     130.589741      0.020096        16.796647      
831             118.703275      2195.853943     130.575545      0.020085        16.816732      
832             102.170587      2197.903076     130.541709      0.020056        16.836788      
833             75.595145       2199.420044     130.476298      0.020067        16.856855      
834             75.057240       2200.925842     130.410420      0.020062        16.876917      
835             70.832801       2202.346252     130.339715      0.020053        16.896970      
836             71.635150       2203.783325     130.270100      0.020061        16.917031      
837             67.859775       2205.144592     130.196183      0.020060        16.937091      
838             103.369824      2207.560242     130.159220      0.023369        16.960460      
839             110.380399      2209.775024     130.135848      0.020065        16.980525      
840             106.529390      2211.912537     130.107987      0.020065        17.000590      
841             106.361304      2214.046570     130.079994      0.020064        17.020654      
842             106.407715      2216.181641     130.052120      0.020065        17.040719      
843             112.221714      2218.433594     130.031148      0.020067        17.060786      
844             112.705323      2220.695251     130.010793      0.020067        17.080853      
845             123.995817      2223.183228     130.003736      0.020065        17.100918      
846             124.863029      2225.688354     129.997712      0.020063        17.120981      
847             128.827994      2228.272644     129.996343      0.020060        17.141041      
848             121.214532      2230.857544     129.985431      0.021325        17.162366      
849             107.880049      2233.023560     129.959601      0.020078        17.182444      
850             105.930040      2235.150635     129.931552      0.020080        17.202524      
851             109.964216      2237.358276     129.908276      0.020076        17.222600      
852             104.127916      2239.448853     129.878258      0.020077        17.242677      
853             105.364097      2241.563721     129.849755      0.020072        17.262749      
854             106.337251      2243.698547     129.822442      0.020076        17.282825      
855             196.984530      2247.667786     129.900655      0.020150        17.302975      
856             287.526768      2253.434998     130.083167      0.020058        17.323033      
857             284.139983      2259.134277     130.261340      0.020058        17.343091      
858             288.981290      2264.930664     130.444694      0.020058        17.363149      
859             265.209895      2270.250244     130.600196      0.020058        17.383207      
860             167.734846      2273.614502     130.642993      0.020057        17.403264      
861             124.195204      2276.108093     130.635563      0.020078        17.423342      
862             106.515074      2278.246277     130.607805      0.020074        17.443416      
863             108.334285      2280.420654     130.582206      0.020071        17.463487      
864             112.757958      2282.683594     130.561746      0.020069        17.483556      
865             117.416481      2285.039673     130.546676      0.020066        17.503622      
866             126.870625      2287.585205     130.542467      0.020064        17.523686      
867             126.864302      2290.130737     130.538260      0.020065        17.543751      
868             126.100993      2292.660828     130.533192      0.020064        17.563815      
869             128.567103      2295.240784     130.530948      0.020067        17.583882      
870             132.081112      2297.890991     130.532715      0.020065        17.603947      
871             128.144628      2300.462341     130.529996      0.020066        17.624013      
872             127.446372      2303.019043     130.526490      0.020061        17.644074      
873             106.777988      2305.302490     130.497741      0.021385        17.665459      
874             125.821314      2307.826843     130.492436      0.020063        17.685522      
875             236.977545      2312.584167     130.613171      0.020075        17.705597      
876             105.480148      2314.703369     130.584684      0.020091        17.725688      
877             99.936785       2316.709900     130.550008      0.020078        17.745766      
878             114.882194      2319.015930     130.532306      0.020073        17.765839      
879             85.912823       2320.739685     130.481971      0.020064        17.785903      
880             76.540398       2322.275085     130.421201      0.020060        17.805963      
881             71.045665       2323.698059     130.354488      0.020029        17.825992      
882             69.868312       2325.100037     130.286478      0.020066        17.846058      
883             70.999831       2326.524719     130.219891      0.020066        17.866124      
884             71.860348       2328.202515     130.143724      0.023348        17.889472      
885             127.896354      2330.771057     130.141204      0.020083        17.909555      
886             106.077387      2332.900879     130.114257      0.020078        17.929633      
887             106.426197      2335.037598     130.087762      0.020077        17.949710      
888             111.158473      2337.269104     130.066615      0.020075        17.969785      
889             107.396821      2339.424988     130.041319      0.020074        17.989859      
890             109.502105      2341.623352     130.018423      0.020076        18.009935      
891             119.836096      2344.029541     130.007084      0.020079        18.030014      
892             119.266825      2346.423584     129.995140      0.020073        18.050087      
893             138.484610      2349.203247     130.004570      0.020072        18.070159      
894             124.581022      2351.704834     129.998550      0.020080        18.090239      
895             111.916927      2354.321899     129.975207      0.023384        18.113623      
896             108.075582      2356.591919     129.949842      0.021004        18.134627      
897             104.389047      2358.688782     129.921561      0.020087        18.154714      
898             109.873541      2360.911194     129.899249      0.020227        18.174941      
899             103.471408      2362.989624     129.870074      0.020087        18.195028      
900             105.192707      2365.103577     129.842848      0.020096        18.215124      
901             143.837521      2367.990540     129.858252      0.020071        18.235195      
902             262.405532      2373.254395     130.003903      0.020060        18.255255      
903             284.459491      2378.960083     130.173425      0.020058        18.275313      
904             289.858419      2384.774353     130.348503      0.020059        18.295372      
905             295.295377      2390.697388     130.529143      0.020058        18.315430      
906             167.932026      2394.060059     130.569991      0.020024        18.335454      
907             152.624362      2397.125061     130.594119      0.020082        18.355536      
908             113.282369      2399.398865     130.575210      0.020072        18.375608      
909             110.147293      2401.609741     130.552920      0.020072        18.395680      
910             109.072789      2403.799377     130.529505      0.020075        18.415755      
911             110.754328      2406.022217     130.507977      0.020070        18.435825      
912             128.726316      2408.606140     130.506039      0.020073        18.455898      
913             127.020753      2411.155701     130.502252      0.020072        18.475970      
914             131.972179      2413.804382     130.503847      0.020070        18.496040      
915             127.084859      2416.355103     130.500141      0.020071        18.516111      
916             125.290852      2418.869690     130.494501      0.020070        18.536181      
917             132.786664      2421.534851     130.496980      0.020071        18.556252      
918             127.270617      2424.089172     130.493494      0.020070        18.576322      
919             128.869219      2426.677124     130.491740      0.020082        18.596404      
920             96.446561       2428.611938     130.455054      0.020061        18.616465      
921             184.777998      2432.320618     130.513558      0.020071        18.636536      
922             182.512953      2435.986755     130.569544      0.020087        18.656623      
923             104.773947      2438.484985     130.536618      0.023844        18.680467      
924             113.344492      2440.761169     130.518156      0.020082        18.700549      
925             106.348397      2442.891541     130.492293      0.020032        18.720581      
926             78.280783       2444.461853     130.436406      0.020060        18.740641      
927             71.591618       2445.897766     130.373495      0.020057        18.760698      
928             73.626037       2447.372864     130.312958      0.020035        18.780733      
929             73.430166       2448.846313     130.252247      0.020066        18.800799      
930             75.178795       2450.550842     130.185911      0.022673        18.823472      
931             106.984884      2452.697815     130.161202      0.020068        18.843540      
932             110.178451      2454.908325     130.139949      0.020063        18.863603      
933             105.133171      2457.017822     130.113377      0.020065        18.883668      
934             106.824451      2459.161255     130.088658      0.020065        18.903733      
935             111.180412      2461.392090     130.068609      0.020065        18.923798      
936             103.005952      2463.458801     130.039947      0.020064        18.943862      
937             122.474861      2465.916382     130.031942      0.020066        18.963928      
938             119.116949      2468.306702     130.020404      0.020067        18.983995      
939             126.168326      2470.837891     130.016338      0.020062        19.004057      
940             129.585835      2473.442566     130.015883      0.020100        19.024157      
941             119.628055      2475.843262     130.004936      0.020068        19.044225      
942             105.387593      2477.958496     129.979019      0.020071        19.064296      
943             104.493964      2480.055481     129.952221      0.020068        19.084364      
944             110.439211      2482.272217     129.931719      0.020072        19.104436      
945             101.647704      2484.405396     129.900684      0.020986        19.125422      
946             110.709977      2486.624023     129.880596      0.020040        19.145462      
947             105.425743      2488.740234     129.854984      0.020073        19.165535      
948             207.641833      2492.905945     129.936324      0.020062        19.185597      
949             283.306220      2498.588501     130.096500      0.020058        19.205655      
950             291.217846      2504.429749     130.264597      0.020058        19.225713      
951             302.738392      2510.502075     130.444349      0.020058        19.245771      
952             242.515699      2515.366455     130.561029      0.020058        19.265829      
953             167.131519      2518.718445     130.599060      0.020056        19.285885      
954             123.472126      2521.196777     130.591650      0.020072        19.305957      
955             107.504828      2523.354614     130.567672      0.020072        19.326029      
956             108.533640      2525.532776     130.544815      0.020069        19.346098      
957             108.178504      2527.703918     130.521635      0.020070        19.366168      
958             115.685742      2530.025269     130.506279      0.020066        19.386234      
959             118.563559      2532.404602     130.493929      0.020068        19.406302      
960             129.539660      2535.004333     130.492944      0.020069        19.426371      
961             126.881834      2537.550598     130.489217      0.020068        19.446439      
962             127.594849      2540.104919     130.486240      0.020019        19.466458      
963             125.844899      2542.630249     130.481461      0.020067        19.486525      
964             133.956170      2545.318481     130.485036      0.020068        19.506593      
965             127.835521      2547.883118     130.482313      0.020062        19.526655      
966             106.270043      2550.015320     130.457460      0.020064        19.546719      
967             132.767352      2552.680359     130.459830      0.020073        19.566792      
968             237.502664      2557.443237     130.569426      0.020054        19.586846      
969             105.152200      2559.557007     130.543367      0.020102        19.606948      
970             104.232819      2561.650940     130.516437      0.020089        19.627037      
971             110.265096      2563.865173     130.495739      0.020081        19.647118      
972             88.212282       2565.634094     130.452626      0.020053        19.667171      
973             72.857542       2567.095398     130.393949      0.020057        19.687228      
974             73.072400       2568.561157     130.335604      0.020059        19.707287      
975             72.786379       2570.021179     130.277087      0.020059        19.727346      
976             70.686887       2571.436401     130.216671      0.020021        19.747367      
977             65.643306       2572.752747     130.151165      0.020053        19.767420      
978             61.315427       2573.981201     130.081468      0.020035        19.787455      
979             59.333987       2575.171204     130.009833      0.020056        19.807511      
