1               101.110923      2.059326        101.110923      0.020367        0.020367       
2               111.075836      4.289062        106.057281      0.020074        0.040441       
3               104.142775      6.378479        105.422435      0.020063        0.060504       
4               121.553323      8.818054        109.440442      0.020070        0.080574       
5               125.039475      11.326721       112.550267      0.020063        0.100637       
6               119.475984      13.724365       113.701713      0.020068        0.120705       
7               107.864142      15.889954       112.869213      0.020077        0.140782       
8               107.012927      18.038452       112.138284      0.020077        0.160859       
9               119.271651      20.431519       112.929360      0.020064        0.180923       
10              262.069949      25.688904       127.815666      0.020061        0.200984       
11              270.590714      31.115601       140.769731      0.020055        0.221039       
12              177.889881      34.683716       143.857932      0.020058        0.241097       
13              122.118963      37.135010       142.187119      0.020073        0.261170       
14              110.171619      39.346375       139.902200      0.020072        0.281242       
15              121.720584      41.789307       138.691146      0.020070        0.301312       
16              134.947030      44.497559       138.457341      0.020069        0.321381       
17              134.816122      47.203857       138.243275      0.020074        0.341455       
18              130.055624      49.813293       137.788867      0.020064        0.361519       
19              119.062008      52.204773       136.803168      0.020086        0.381605       
20              163.911622      55.498413       138.159202      0.020094        0.401699       
21              179.275395      59.100952       140.118048      0.020095        0.421794       
22              114.536983      61.402344       138.954854      0.020093        0.441887       
23              125.229350      63.913818       138.358968      0.020055        0.461942       
24              73.692160       65.393188       135.665731      0.020075        0.482017       
25              95.641463       67.692505       133.764321      0.024041        0.506058       
26              105.567505      69.812195       132.688244      0.020079        0.526137       
27              111.267038      72.046326       131.900797      0.020079        0.546216       
28              113.076138      74.316895       131.233303      0.020080        0.566296       
29              124.563777      76.817139       131.004998      0.020072        0.586368       
30              119.703972      79.219238       130.631046      0.020067        0.606435       
31              107.779406      81.382263       129.899032      0.020069        0.626504       
32              106.170577      83.513000       129.162524      0.020069        0.646573       
33              113.577407      85.791931       128.693431      0.020065        0.666638       
34              264.866044      91.104614       132.670955      0.020058        0.686696       
35              270.495470      96.530212       136.582478      0.020058        0.706754       
36              180.768496      100.156067      137.801889      0.020058        0.726812       
37              115.642679      102.477478      137.206318      0.020074        0.746886       
38              101.790134      104.520508      136.279489      0.020071        0.766957       
39              117.574202      106.879517      135.802624      0.020064        0.787021       
40              132.578163      109.533997      135.722628      0.020022        0.807043       
41              137.316933      112.289124      135.761302      0.020064        0.827107       
42              133.639863      114.971008      135.711049      0.020068        0.847175       
43              123.895657      117.460815      135.437269      0.020096        0.867271       
44              102.435111      119.539429      134.682753      0.020292        0.887563       
45              230.119076      124.168274      136.797712      0.020115        0.907678       
46              109.603570      126.373169      136.208073      0.020117        0.927795       
47              117.187743      128.728760      135.804729      0.020101        0.947896       
48              95.394608       130.643616      134.966735      0.020073        0.967969       
49              75.213751       132.153381      133.752797      0.020073        0.988042       
50              105.922802      134.279358      133.198717      0.020071        1.008113       
51              104.191604      136.370483      132.632502      0.020070        1.028183       
52              107.587085      138.529541      132.153025      0.020068        1.048251       
53              118.569990      140.909241      131.897848      0.020070        1.068321       
54              115.056106      143.217957      131.587346      0.020066        1.088387       
55              114.003269      145.505432      131.269042      0.020065        1.108452       
56              111.716406      147.748474      130.921175      0.020078        1.128530       
57              106.261356      149.882202      130.490072      0.020080        1.148610       
58              138.214154      152.655884      130.622707      0.020068        1.168678       
59              266.727984      158.006714      132.919601      0.020061        1.188739       
60              272.027718      163.463318      135.227985      0.020059        1.208798       
61              169.130783      166.859802      135.782015      0.020082        1.228880       
62              104.441646      168.958557      135.277773      0.020095        1.248975       
63              103.704166      171.041870      134.777970      0.020089        1.269064       
64              119.148530      173.433777      134.534582      0.020075        1.289139       
65              131.029881      176.063416      134.480858      0.020069        1.309208       
66              133.400028      178.741821      134.464533      0.020078        1.329286       
67              136.769481      181.486511      134.498813      0.020068        1.349354       
68              109.027833      183.675354      134.125405      0.020076        1.369430       
69              188.391595      187.458069      134.909575      0.020079        1.389509       
70              159.550911      190.671265      135.261615      0.020139        1.409648       
71              113.921973      192.962463      134.961436      0.020112        1.429760       
72              130.802633      195.591858      134.903776      0.020102        1.449862       
73              77.676134       197.151672      134.121985      0.020081        1.469943       
74              89.869729       198.955627      133.525833      0.020073        1.490016       
75              109.757606      201.592773      133.148645      0.024027        1.514043       
76              108.271404      203.765564      132.823221      0.020068        1.534111       
77              110.936794      205.992065      132.540589      0.020070        1.554181       
78              125.051644      208.500977      132.445146      0.020063        1.574244       
79              115.486976      211.043884      132.211224      0.022019        1.596263       
80              119.853499      213.657410      132.044684      0.021806        1.618069       
81              105.623750      215.779602      131.720632      0.020092        1.638161       
82              103.556660      217.858398      131.379689      0.020074        1.658235       
83              263.236731      223.141296      132.956423      0.020069        1.678304       
84              285.073053      228.861572      134.753659      0.020066        1.698370       
85              185.573288      232.583801      135.346841      0.020058        1.718428       
86              115.782855      234.908142      135.120930      0.020075        1.738503       
87              102.342447      236.979553      134.743708      0.020240        1.758743       
88              120.997280      239.409058      134.588541      0.020079        1.778822       
89              137.906067      242.177246      134.625560      0.020073        1.798895       
90              134.077876      244.868591      134.619516      0.020073        1.818968       
91              131.311615      247.505066      134.583401      0.020078        1.839046       
92              119.623191      249.906860      134.421835      0.020078        1.859124       
93              138.208525      252.681396      134.462288      0.020075        1.879199       
94              207.162214      256.849915      135.232493      0.020122        1.899321       
95              106.665768      258.993896      134.933345      0.020100        1.919421       
96              115.707797      261.317078      134.734319      0.020078        1.939499       
97              99.240694       263.308044      134.370935      0.020062        1.959561       
98              74.235727       264.798401      133.761089      0.020076        1.979637       
99              112.043217      267.047668      133.543064      0.020075        1.999712       
100             107.127149      269.196960      133.280668      0.020063        2.019775       
101             109.268618      271.509521      133.031669      0.021164        2.040939       
102             111.865988      273.871460      132.814947      0.021114        2.062053       
103             134.286647      276.690674      132.829780      0.020994        2.083047       
104             111.948410      279.052673      132.620395      0.021099        2.104146       
105             106.299780      281.185791      132.371749      0.020067        2.124213       
106             103.849729      283.271301      132.104632      0.020082        2.144295       
107             195.737103      287.199158      132.694604      0.020067        2.164362       
108             281.652037      292.848816      134.062443      0.020059        2.184421       
109             227.675313      297.415527      134.914203      0.020058        2.204479       
110             134.701735      300.119934      134.912285      0.020077        2.224556       
111             100.591433      302.139709      134.605274      0.020079        2.244635       
112             109.177274      304.331116      134.379907      0.020072        2.264707       
113             132.345213      306.987549      134.362032      0.020072        2.284779       
114             134.262138      309.682190      134.361162      0.020070        2.304849       
115             131.404207      312.320129      134.335630      0.020075        2.324924       
116             130.132305      314.931885      134.299655      0.020070        2.344994       
117             108.179595      317.101318      134.078174      0.020054        2.365048       
118             207.059130      321.257202      134.692316      0.020071        2.385119       
119             139.468638      324.064148      134.732282      0.020126        2.405245       
120             117.708707      326.431152      134.591137      0.020109        2.425354       
121             131.219657      329.065125      134.563463      0.020073        2.445427       
122             73.615618       330.542664      134.067301      0.020071        2.465498       
123             85.393019       332.416016      133.638017      0.021938        2.487436       
124             118.676088      334.795471      133.518381      0.020050        2.507486       
125             105.997701      336.921997      133.299940      0.020062        2.527548       
126             110.820349      339.145386      133.122908      0.020063        2.547611       
127             126.332825      341.679749      133.069858      0.020061        2.567672       
128             125.217865      344.192871      133.008960      0.020070        2.587742       
129             106.388935      346.328735      132.804028      0.020076        2.607818       
130             108.600213      348.516052      132.618527      0.020141        2.627959       
131             101.218963      350.549744      132.380284      0.020092        2.648051       
132             241.530959      355.396545      133.201210      0.020067        2.668118       
133             268.849243      360.789124      134.213356      0.020058        2.688176       
134             200.373978      365.369873      134.771260      0.022861        2.711037       
135             120.611668      367.792358      134.667129      0.020085        2.731122       
136             103.116843      369.863770      134.436764      0.020088        2.751210       
137             123.146760      372.335571      134.354992      0.020072        2.771282       
138             131.857592      374.981689      134.337037      0.020068        2.791350       
139             130.714020      377.604858      134.311176      0.020068        2.811418       
140             140.022902      380.414978      134.351660      0.020069        2.831487       
141             125.737100      382.941162      134.290965      0.020091        2.851578       
142             103.206942      385.017273      134.073224      0.020116        2.871694       
143             227.542706      389.590881      134.722903      0.020100        2.891794       
144             107.731789      391.755859      134.536627      0.020096        2.911890       
145             126.675822      394.300903      134.482762      0.020091        2.931981       
146             103.698059      396.383057      134.273374      0.020079        2.952060       
147             72.185283       397.831238      133.854276      0.020062        2.972122       
148             105.591112      400.041260      133.656635      0.020930        2.993052       
149             114.077215      402.331360      133.526187      0.020075        3.013127       
150             106.116906      404.461975      133.344754      0.020078        3.033205       
151             115.506837      406.781006      133.227460      0.020077        3.053282       
152             126.900083      409.327637      133.186144      0.020068        3.073350       
153             122.006443      411.776062      133.113618      0.020068        3.093418       
154             108.786727      413.959412      132.956803      0.020070        3.113488       
155             104.784621      416.062439      132.776364      0.020070        3.133558       
156             116.813958      418.406311      132.674803      0.020065        3.153623       
157             280.361897      424.030090      133.608248      0.020059        3.173682       
158             273.609965      429.518433      134.487559      0.020059        3.193741       
159             175.142112      433.031433      134.741293      0.020058        3.213799       
160             108.177268      435.203308      134.576375      0.020077        3.233876       
161             104.071442      437.294312      134.388018      0.020092        3.253968       
162             120.389498      439.711853      134.302160      0.020081        3.274049       
163             133.330110      442.388855      134.296235      0.020078        3.294127       
164             133.773936      445.074768      134.293071      0.020078        3.314205       
165             133.979389      447.764404      134.291183      0.020075        3.334280       
166             117.947589      450.132202      134.193370      0.020075        3.354355       
167             161.578319      453.374756      134.356231      0.020068        3.374423       
168             185.343455      457.105164      134.658545      0.020127        3.394550       
169             111.352062      459.344788      134.521265      0.020113        3.414663       
170             124.709983      461.844849      134.464001      0.020047        3.434710       
171             93.318189       463.717651      134.224983      0.020069        3.454779       
172             81.676470       465.619080      133.873255      0.023280        3.478059       
173             113.869473      467.905579      133.758429      0.020080        3.498139       
174             105.091110      470.015808      133.594813      0.020080        3.518219       
175             108.097274      472.186401      133.450113      0.020080        3.538299       
176             106.069058      474.704163      133.267649      0.023737        3.562036       
177             144.071887      477.598999      133.328252      0.020093        3.582129       
178             107.897856      479.766235      133.186452      0.020086        3.602215       
179             107.274095      481.921265      133.042744      0.020089        3.622304       
180             81.581235       483.968872      132.688620      0.025099        3.647403       
181             283.898202      489.828247      133.539433      0.020639        3.668042       
182             268.364209      495.211365      134.272723      0.020059        3.688101       
183             200.248500      499.228149      134.629614      0.020059        3.708160       
184             116.629971      501.570312      134.532660      0.020082        3.728242       
185             102.756082      503.634888      134.362329      0.020092        3.748334       
186             123.550671      506.115662      134.304722      0.020079        3.768413       
187             132.109070      508.767883      134.293087      0.020076        3.788489       
188             137.862711      511.535339      134.311902      0.020074        3.808563       
189             130.653714      514.158997      134.292715      0.020081        3.828644       
190             118.608036      516.540527      134.210887      0.020079        3.848723       
191             125.340921      519.057373      134.164850      0.020080        3.868803       
192             218.770554      523.454224      134.602095      0.020098        3.888901       
193             107.877361      525.622559      134.464677      0.020100        3.909001       
194             118.981273      528.008728      134.385646      0.020055        3.929056       
195             101.620812      530.047546      134.219188      0.020063        3.949119       
196             76.818506       531.810608      133.887522      0.022951        3.972070       
197             106.870778      533.957214      133.751590      0.020086        3.992156       
198             110.261178      536.169495      133.634121      0.020064        4.012220       
199             107.192594      538.319885      133.502572      0.020061        4.032281       
200             116.332771      540.653870      133.417565      0.020063        4.052344       
201             131.497543      543.292236      133.408106      0.020064        4.072408       
202             109.265309      545.484863      133.289724      0.020067        4.092475       
203             110.073786      547.859375      133.167991      0.021572        4.114047       
204             108.778806      550.043762      133.049524      0.020081        4.134128       
205             176.697522      553.589905      133.260388      0.020069        4.154197       
206             268.693425      558.980164      133.911264      0.020061        4.174258       
207             245.777723      563.909973      134.446230      0.020058        4.194316       
208             139.998953      566.722412      134.472698      0.020089        4.214405       
209             107.999761      568.892883      134.347057      0.020097        4.234502       
210             102.238748      570.946655      134.195458      0.020088        4.254590       
211             127.812402      573.513000      134.165476      0.020079        4.274669       
212             139.084147      576.305115      134.188467      0.020075        4.294744       
213             129.949446      578.913330      134.168749      0.020071        4.314815       
214             132.394425      581.569824      134.160536      0.020065        4.334880       
215             104.821444      583.679565      134.024943      0.020127        4.355007       
216             190.628265      587.499756      134.284216      0.020040        4.375047       
217             160.472067      590.724121      134.403937      0.020093        4.395140       
218             112.474297      592.982605      134.304203      0.020080        4.415220       
219             126.293788      595.517700      134.267950      0.020073        4.435293       
220             72.734652       596.976685      133.990914      0.020059        4.455352       
221             81.455241       598.611084      133.755376      0.020065        4.475417       
222             105.847351      600.793762      133.627376      0.020621        4.496038       
223             105.341392      602.907227      133.501715      0.020063        4.516101       
224             110.430251      605.574890      133.378960      0.024157        4.540258       
225             98.800001       607.924255      133.198801      0.023779        4.564037       
226             142.845717      610.794312      133.241083      0.020092        4.584129       
227             108.859143      613.167114      133.125698      0.021797        4.605926       
228             109.319693      615.361816      133.022384      0.020076        4.626002       
229             105.850328      617.482422      132.905217      0.020034        4.646036       
230             255.740287      622.612061      133.433244      0.020058        4.666094       
231             283.208971      628.289551      134.073975      0.020047        4.686141       
232             184.158271      631.983582      134.287447      0.020059        4.706200       
233             116.504491      634.317749      134.212063      0.020035        4.726235       
234             106.216670      636.451111      134.093595      0.020085        4.746320       
235             113.931949      639.154602      133.993299      0.023729        4.770049       
236             129.760140      641.759277      133.975560      0.020073        4.790122       
237             139.066406      644.551453      133.996809      0.020078        4.810200       
238             133.279300      647.226501      133.993828      0.020071        4.830271       
239             106.464520      649.651550      133.864618      0.022778        4.853049       
240             177.421209      653.215942      134.044184      0.020090        4.873139       
241             168.239486      656.601257      134.184802      0.020122        4.893261       
242             110.717476      658.827454      134.088766      0.020107        4.913368       
243             123.246403      661.302734      134.044627      0.020084        4.933452       
244             79.015520       662.886047      133.822022      0.020038        4.953490       
245             82.198146       664.536011      133.613671      0.020073        4.973563       
246             107.358028      666.691223      133.508120      0.020075        4.993638       
247             110.380853      668.906677      133.415537      0.020071        5.013709       
248             103.704406      670.987610      133.297100      0.020066        5.033775       
249             116.466347      673.324158      133.230288      0.020062        5.053837       
250             129.797437      675.928284      133.216714      0.020063        5.073900       
251             108.786065      678.111511      133.120463      0.020069        5.093969       
252             111.838511      680.357117      133.036905      0.020079        5.114048       
253             82.080175       682.425537      132.787041      0.025200        5.139248       
254             243.363548      688.217346      133.296742      0.023799        5.163047       
255             268.677616      693.606750      133.820676      0.020059        5.183106       
256             201.356983      697.645569      134.081026      0.020058        5.203164       
257             125.036518      700.156677      134.046251      0.020083        5.223247       
258             103.308122      702.248047      133.927577      0.020244        5.243491       
259             118.287732      704.622437      133.867934      0.020073        5.263564       
260             132.359426      707.278625      133.862204      0.020068        5.283632       
261             140.242779      710.093018      133.886347      0.020068        5.303700       
262             130.323896      712.708618      133.872917      0.020070        5.323770       
263             119.738614      715.375916      133.814022      0.022276        5.346046       
264             127.588010      717.937500      133.790727      0.020077        5.366123       
265             205.724005      722.076050      134.059390      0.020117        5.386240       
266             103.772517      724.162292      133.946766      0.020104        5.406344       
267             122.571672      726.624390      133.904658      0.020087        5.426431       
268             97.330113       728.577026      133.769937      0.020062        5.446493       
269             72.375470       730.029602      133.544533      0.020070        5.466563       
270             106.730854      732.169556      133.446546      0.020050        5.486613       
271             110.906711      734.527100      133.359556      0.021257        5.507870       
272             107.054047      736.790222      133.258978      0.021140        5.529010       
273             117.264213      739.268250      133.198078      0.021132        5.550142       
274             126.406676      742.036682      133.171385      0.021901        5.572043       
275             107.204679      744.591370      133.060806      0.023830        5.595873       
276             111.581605      746.831482      132.984021      0.020076        5.615949       
277             102.230621      748.885193      132.874404      0.020089        5.636038       
278             211.084858      753.121033      133.151883      0.020067        5.656105       
279             272.532820      758.587769      133.644442      0.020059        5.676164       
280             233.140421      763.264099      133.994795      0.020058        5.696222       
281             132.667812      765.928467      133.990133      0.020083        5.716305       
282             102.229482      767.982666      133.878879      0.020094        5.736399       
283             114.567460      770.282837      133.811526      0.020077        5.756476       
284             130.906029      772.910645      133.801429      0.020074        5.776550       
285             133.211844      775.584473      133.799387      0.020072        5.796622       
286             138.043039      778.354858      133.814029      0.020069        5.816691       
287             124.943736      780.862854      133.783524      0.020073        5.836764       
288             95.815136       782.787109      133.653331      0.020083        5.856847       
289             227.730774      787.357666      133.974610      0.020070        5.876917       
290             119.515409      789.758850      133.925348      0.020091        5.897008       
291             123.135817      792.227600      133.888790      0.020049        5.917057       
292             119.484929      794.622437      133.840164      0.020043        5.937100       
293             73.027954       796.087158      133.635417      0.020057        5.957157       
294             91.792950       798.279541      133.468328      0.023884        5.981041       
295             107.963747      800.445618      133.383060      0.020063        6.001104       
296             104.377905      802.539856      133.286408      0.020064        6.021168       
297             112.953369      804.806152      133.218879      0.020064        6.041232       
298             129.603489      807.406128      133.206913      0.020061        6.061293       
299             115.489718      809.867676      133.144830      0.021314        6.082607       
300             103.034385      811.939697      133.045609      0.020110        6.102717       
301             106.211813      814.071899      132.957628      0.020075        6.122792       
302             114.621511      816.372009      132.897729      0.020067        6.142859       
303             249.423157      821.374939      133.276976      0.020058        6.162917       
304             268.471920      826.759949      133.715557      0.020058        6.182975       
305             192.057779      830.612244      133.904212      0.020058        6.203033       
306             118.370383      832.988647      133.854099      0.020076        6.223109       
307             106.524051      835.131592      133.766036      0.020117        6.243226       
308             116.259149      837.901001      133.699492      0.023821        6.267047       
309             137.778449      840.666077      133.712512      0.020069        6.287116       
310             130.080607      843.276794      133.700955      0.020070        6.307186       
311             133.424203      845.951416      133.700079      0.020046        6.327232       
312             110.124222      848.161499      133.625536      0.020069        6.347301       
313             141.939819      851.009521      133.651736      0.020065        6.367366       
314             192.241633      854.877808      133.836307      0.020122        6.387488       
315             108.114825      857.052429      133.755566      0.020114        6.407602       
316             121.232301      859.489441      133.716400      0.020102        6.427704       
317             95.606326       861.406921      133.597857      0.020056        6.447760       
318             82.503544       863.246338      133.421793      0.022295        6.470055       
319             108.564027      865.426086      133.344892      0.020078        6.490133       
320             109.530550      867.624146      133.271484      0.020068        6.510201       
321             105.271115      869.735779      133.185475      0.020059        6.530260       
322             120.040878      872.143799      133.145220      0.020060        6.550320       
323             129.115990      874.734253      133.132917      0.020063        6.570383       
324             107.844690      876.981628      133.052965      0.020839        6.591222       
325             105.650628      879.103516      132.969721      0.020084        6.611306       
326             104.811865      881.208557      132.884442      0.020084        6.631390       
327             209.148271      885.406372      133.114570      0.020071        6.651461       
328             269.891686      890.820129      133.525813      0.020059        6.671520       
329             237.415742      895.582214      133.837223      0.020058        6.691578       
330             134.610368      898.286133      133.839537      0.020087        6.711665       
331             101.941018      900.333618      133.744363      0.020085        6.731750       
332             108.098226      902.503906      133.668103      0.020077        6.751827       
333             130.340494      905.120361      133.658239      0.020074        6.771901       
334             136.901171      907.868652      133.667824      0.020075        6.791976       
335             130.607145      910.489807      133.658807      0.020069        6.812045       
336             135.208579      913.203308      133.663359      0.020069        6.832114       
337             107.550869      915.363037      133.586834      0.020081        6.852195       
338             199.765792      919.373535      133.780163      0.020076        6.872271       
339             133.320739      922.054749      133.778823      0.020111        6.892382       
340             122.370904      924.514648      133.745648      0.020102        6.912484       
341             112.337778      926.769043      133.683677      0.020068        6.932552       
342             74.660053       928.266724      133.513379      0.020060        6.952612       
343             97.117961       930.444885      133.396351      0.022428        6.975040       
344             106.146775      932.574402      133.318199      0.020062        6.995102       
345             112.246640      934.826294      133.257939      0.020062        7.015164       
346             115.003692      937.133728      133.205879      0.020064        7.035228       
347             123.837816      939.618286      133.179239      0.020063        7.055291       
348             116.673680      941.960510      133.132408      0.020075        7.075366       
349             114.370240      944.256836      133.079316      0.020078        7.095444       
350             105.273486      946.370728      133.000848      0.020080        7.115524       
351             132.290492      949.025269      132.998851      0.020066        7.135590       
352             268.061124      954.402039      133.377444      0.020058        7.155648       
353             276.092875      959.940186      133.776391      0.020059        7.175707       
354             166.280448      963.278931      133.867090      0.020079        7.195786       
355             110.110557      965.491272      133.800942      0.020092        7.215878       
356             103.614147      967.571533      133.717185      0.020077        7.235955       
357             119.990294      969.979858      133.679215      0.020071        7.256026       
358             136.496804      972.712524      133.686967      0.020020        7.276046       
359             131.714007      975.355103      133.681542      0.020063        7.296109       
360             131.854923      978.000244      133.676534      0.020061        7.316170       
361             115.128069      980.310059      133.625807      0.020063        7.336233       
362             167.456443      983.669067      133.718056      0.020059        7.356292       
363             173.916793      987.164795      133.827594      0.020100        7.376392       
364             118.191255      989.539612      133.785117      0.020093        7.396485       
365             121.087788      991.969238      133.750765      0.020065        7.416550       
366             89.488641       993.765991      133.631263      0.020078        7.436628       
367             85.857031       995.606079      133.493976      0.021432        7.458060       
368             114.529101      997.904907      133.443072      0.020072        7.478132       
369             108.193569      1000.075378     133.375518      0.020061        7.498193       
370             109.414234      1002.270447     133.311579      0.020062        7.518255       
371             120.123126      1004.680237     133.276482      0.020061        7.538316       
372             130.708367      1007.303162     133.269664      0.020067        7.558383       
373             109.451576      1009.500183     133.206577      0.020073        7.578456       
374             105.406669      1011.615906     133.133142      0.020072        7.598528       
375             107.563027      1013.775879     133.065745      0.020081        7.618609       
376             201.528250      1017.819946     133.245597      0.020067        7.638676       
377             268.113506      1023.198303     133.598848      0.020060        7.658736       
378             233.545131      1027.882751     133.859920      0.020058        7.678794       
379             141.724466      1030.729004     133.880435      0.020083        7.698877       
380             104.974149      1032.837830     133.805205      0.020089        7.718966       
381             108.942936      1035.025513     133.740693      0.020081        7.739047       
382             132.630639      1037.687012     133.737823      0.020067        7.759114       
383             135.452255      1040.405945     133.742246      0.020073        7.779187       
384             137.384599      1043.163391     133.751620      0.020071        7.799258       
385             129.254139      1045.757263     133.740077      0.020068        7.819326       
386             99.003170       1047.753662     133.650726      0.020165        7.839491       
387             223.650772      1052.247253     133.880799      0.020092        7.859583       
388             123.658441      1054.732788     133.854723      0.020100        7.879683       
389             115.283565      1057.048950     133.807492      0.020091        7.899774       
390             112.551459      1059.304932     133.753696      0.020044        7.919818       
391             73.121085       1060.771667     133.600516      0.020059        7.939877       
392             90.807664       1062.966125     133.470666      0.024166        7.964043       
393             110.913021      1065.192261     133.413959      0.020071        7.984114       
394             107.810529      1067.356018     133.349760      0.020070        8.004184       
395             110.728869      1069.578125     133.293187      0.020068        8.024252       
396             130.392874      1072.194458     133.285953      0.020065        8.044317       
397             117.599652      1074.554565     133.246916      0.020069        8.064386       
398             108.533628      1076.733704     133.185540      0.020078        8.084464       
399             106.843461      1078.877625     133.120320      0.020066        8.104530       
400             129.401223      1081.474060     133.111135      0.020065        8.124595       
401             266.234262      1086.814453     133.438996      0.020059        8.144654       
402             278.183266      1092.394531     133.794603      0.020059        8.164713       
403             170.616306      1095.819824     133.884920      0.020076        8.184789       
404             104.416187      1098.248962     133.801398      0.023264        8.208053       
405             104.923454      1100.356140     133.730913      0.020083        8.228136       
406             129.879821      1102.963867     133.721539      0.020078        8.248214       
407             134.299235      1105.659790     133.722941      0.020074        8.268288       
408             131.908906      1108.307861     133.718547      0.020075        8.288363       
409             132.308742      1110.962769     133.715143      0.020066        8.308429       
410             118.788852      1113.348999     133.679141      0.020088        8.328517       
411             147.314616      1116.309875     133.711968      0.020099        8.348616       
412             179.173682      1119.917358     133.821342      0.020134        8.368750       
413             112.919592      1122.188171     133.771236      0.020110        8.388860       
414             120.067316      1124.599243     133.738510      0.020081        8.408941       
415             76.185943       1126.127686     133.601529      0.020062        8.429003       
416             92.079053       1128.332703     133.483896      0.023947        8.452950       
417             106.232307      1130.465210     133.419333      0.020074        8.473024       
418             107.265781      1132.612671     133.357683      0.020020        8.493044       
419             114.870202      1134.917542     133.314109      0.020065        8.513109       
420             119.831160      1137.321594     133.282410      0.020062        8.533171       
421             125.138644      1139.833252     133.263300      0.020071        8.553242       
422             110.358983      1142.048157     133.209681      0.020070        8.573312       
423             104.570021      1144.147400     133.142776      0.020075        8.593387       
424             102.183136      1146.199646     133.070587      0.020084        8.613471       
425             236.422278      1150.944641     133.310844      0.020070        8.633541       
426             268.444533      1156.329102     133.624068      0.020058        8.653599       
427             204.895914      1160.438904     133.788886      0.020058        8.673657       
428             134.369053      1163.139587     133.790227      0.020099        8.693756       
429             99.737857       1165.142822     133.711738      0.020085        8.713841       
430             106.696784      1167.285400     133.649625      0.020081        8.733922       
431             129.260756      1169.880310     133.639560      0.020075        8.753997       
432             133.603437      1172.559326     133.639478      0.020052        8.774049       
433             133.381002      1175.236816     133.638888      0.020074        8.794123       
434             136.025724      1177.966309     133.644322      0.020066        8.814189       
435             106.415596      1180.103027     133.582435      0.020079        8.834268       
436             190.282858      1183.925049     133.711059      0.020086        8.854354       
437             144.221318      1186.825195     133.734874      0.020109        8.874463       
438             112.844386      1189.091675     133.687701      0.020085        8.894548       
439             119.068135      1191.480896     133.654794      0.020066        8.914614       
440             73.207522       1192.950317     133.518997      0.020072        8.934686       
441             97.160029       1195.220947     133.424143      0.023370        8.958056       
442             110.876835      1197.447021     133.373723      0.020077        8.978133       
443             104.441042      1199.543884     133.309168      0.020077        8.998210       
444             112.608040      1201.805054     133.263075      0.020080        9.018290       
445             130.760950      1204.429688     133.257518      0.020072        9.038362       
446             114.890766      1206.764038     133.216323      0.020318        9.058680       
447             108.034629      1208.932617     133.160646      0.020073        9.078753       
448             110.194763      1211.144226     133.109989      0.020070        9.098823       
449             121.026950      1213.572632     133.083401      0.020065        9.118888       
450             269.123107      1218.970703     133.381979      0.020058        9.138946       
451             276.015351      1224.507019     133.694343      0.020058        9.159004       
452             173.386883      1227.980652     133.780975      0.020034        9.179038       
453             107.220390      1230.133423     133.723004      0.020078        9.199116       
454             106.662642      1232.276062     133.664041      0.020088        9.219204       
455             120.005396      1234.684570     133.634371      0.020070        9.239274       
456             133.654071      1237.367676     133.634414      0.020075        9.259349       
457             134.922540      1240.076111     133.637200      0.020074        9.279423       
458             137.398290      1242.833557     133.645317      0.020069        9.299492       
459             108.824139      1245.018311     133.591848      0.020076        9.319568       
460             151.175223      1248.052246     133.629631      0.020069        9.339637       
461             189.570441      1251.867920     133.749931      0.020128        9.359765       
462             112.012141      1254.119812     133.703340      0.020104        9.379869       
463             120.601747      1256.540771     133.675361      0.020074        9.399943       
464             98.464687       1258.527100     133.599958      0.020173        9.420116       
465             82.960839       1260.346680     133.482328      0.021933        9.442049       
466             108.371831      1262.522461     133.429048      0.020077        9.462126       
467             106.274874      1264.655823     133.371562      0.020074        9.482200       
468             112.098440      1266.906311     133.326617      0.020076        9.502276       
469             117.580734      1269.265686     133.293436      0.020066        9.522342       
470             134.864425      1271.971741     133.296740      0.020065        9.542407       
471             106.246945      1274.108154     133.239859      0.020108        9.562515       
472             106.674741      1276.250183     133.184193      0.020080        9.582595       
473             108.550482      1278.431396     133.132646      0.020094        9.602689       
474             190.896026      1282.263062     133.253134      0.020072        9.622761       
475             267.821414      1287.635559     133.533077      0.020060        9.642821       
476             242.740876      1292.504456     133.759768      0.020058        9.662879       
477             136.088290      1295.239014     133.764600      0.020094        9.682973       
478             100.362778      1297.254700     133.695463      0.020084        9.703057       
479             106.517340      1299.392822     133.639355      0.020073        9.723130       
480             133.152132      1302.065186     133.638351      0.020070        9.743200       
481             130.418170      1304.682678     133.631732      0.020070        9.763270       
482             132.670051      1307.345764     133.629759      0.020073        9.783343       
483             129.055146      1309.934998     133.620397      0.020063        9.803406       
484             122.580889      1312.396790     133.597828      0.020083        9.823489       
485             160.087729      1315.611511     133.651867      0.020081        9.843570       
486             170.331162      1319.038574     133.726686      0.020120        9.863690       
487             110.482588      1321.259827     133.679404      0.020105        9.883795       
488             130.024152      1323.870972     133.671992      0.020082        9.903877       
489             71.802312       1325.313049     133.546781      0.020084        9.923961       
490             87.301598       1327.242065     133.444044      0.022096        9.946057       
491             107.686928      1329.404419     133.392148      0.020080        9.966137       
492             109.996422      1331.613037     133.345107      0.020079        9.986216       
493             109.443188      1333.810547     133.297144      0.020079        10.006295      
494             126.141958      1336.342468     133.282820      0.020072        10.026367      
495             124.060491      1338.853577     133.264240      0.020241        10.046608      
496             107.646309      1341.014038     133.213165      0.020070        10.066678      
497             105.537994      1343.132080     133.158101      0.020069        10.086747      
498             107.506728      1345.291138     133.107130      0.020083        10.106830      
499             222.823479      1349.763428     133.284944      0.020071        10.126901      
500             269.188803      1355.163086     133.553605      0.020059        10.146960      
501             221.708121      1359.610107     133.727520      0.020058        10.167018      
502             131.441601      1362.245117     133.723022      0.020047        10.187065      
503             104.696361      1364.348572     133.665888      0.020091        10.207156      
504             108.860622      1366.534058     133.617196      0.020076        10.227232      
505             138.871100      1369.320923     133.627485      0.020068        10.247300      
506             134.076630      1372.011841     133.628363      0.020070        10.267370      
507             132.522621      1374.671570     133.626205      0.020070        10.287440      
508             125.190962      1377.183777     133.609783      0.020067        10.307507      
509             100.870963      1379.208862     133.546142      0.020076        10.327583      
510             224.883332      1383.722046     133.723288      0.020069        10.347652      
511             120.728880      1386.150024     133.698082      0.020111        10.367763      
512             110.207595      1388.365417     133.652624      0.020102        10.387865      
513             113.704208      1390.647461     133.614157      0.020070        10.407935      
514             72.422834       1392.101929     133.496310      0.020083        10.428018      
515             71.330536       1393.531250     133.377085      0.020038        10.448056      
