1               104.964321      2.253479        104.964321      0.021469        0.021469       
2               106.967860      4.404175        105.933248      0.020106        0.041575       
3               105.850819      6.529236        105.906406      0.020076        0.061651       
4               121.152445      8.962219        109.652395      0.020082        0.081733       
5               128.432511      11.541016       113.356143      0.020079        0.101812       
6               110.395898      14.850464       112.682782      0.029978        0.131790       
7               110.328108      17.066956       112.371317      0.020090        0.151880       
8               81.665825       19.172791       107.914798      0.025786        0.177666       
9               260.539982      24.425537       123.469178      0.020161        0.197827       
10              224.529287      29.730042       134.250499      0.023625        0.221452       
11              243.325281      34.611633       143.311085      0.020062        0.241514       
12              129.238402      37.206482       142.230962      0.020078        0.261592       
13              108.062006      39.481079       139.686313      0.021049        0.282641       
14              125.874746      42.007385       138.770594      0.020070        0.302711       
15              137.172515      44.760986       138.671209      0.020074        0.322785       
16              129.764331      47.365356       138.149820      0.020070        0.342855       
17              127.400323      49.922791       137.555253      0.020074        0.362929       
18              109.982487      52.130249       136.110311      0.020071        0.383000       
19              167.936430      56.070374       137.947394      0.023462        0.406462       
20              139.378336      58.871460       138.014811      0.020097        0.426559       
21              113.046167      61.144592       136.890776      0.020108        0.446667       
22              92.625499       63.004883       134.986069      0.020084        0.466751       
23              83.603545       64.680298       132.870776      0.020040        0.486791       
24              79.441185       66.274841       130.754940      0.020072        0.506863       
25              98.682116       68.605713       129.326883      0.023620        0.530483       
26              109.685795      70.808533       128.610435      0.020083        0.550566       
27              104.981198      72.916870       127.778845      0.020083        0.570649       
28              105.133999      75.028381       127.008956      0.020084        0.590733       
29              114.125735      77.318542       126.585695      0.020067        0.610800       
30              125.802049      80.170349       126.557652      0.022669        0.633469       
31              83.030308       82.720459       124.544867      0.030713        0.664182       
32              131.221465      85.732910       124.767929      0.022957        0.687139       
33              112.541925      87.993652       124.420663      0.020088        0.707227       
34              256.662527      93.147949       128.072043      0.020082        0.727309       
35              265.814247      98.484436       131.772027      0.020076        0.747385       
36              203.899435      102.578125      133.658898      0.020077        0.767462       
37              123.858333      105.072632      133.408285      0.020140        0.787602       
38              110.672181      107.369080      132.824660      0.020750        0.808352       
39              122.437702      109.830322      132.572626      0.020102        0.828454       
40              129.488296      112.433167      132.499563      0.020101        0.848555       
41              134.654505      115.139587      132.549424      0.020099        0.868654       
42              129.216632      117.737488      132.474032      0.020105        0.888759       
43              113.850403      120.051270      132.057691      0.020323        0.909082       
44              144.522261      123.089417      132.339412      0.021022        0.930104       
45              165.113931      126.422241      133.035573      0.020185        0.950289       
46              109.715581      128.634766      132.550984      0.020166        0.970455       
47              104.073195      130.724243      131.973771      0.020077        0.990532       
48              80.624512       132.343506      130.953306      0.020084        1.010616       
49              82.080081       133.987488      130.003530      0.020029        1.030645       
50              93.516737       136.216553      129.178764      0.023836        1.054481       
51              104.364438      138.313965      128.714681      0.020097        1.074578       
52              104.992084      140.432495      128.277438      0.020178        1.094756       
53              110.817240      142.658813      127.962798      0.020090        1.114846       
54              115.237316      144.973816      127.737550      0.020089        1.134935       
55              123.743882      147.460449      127.668069      0.020095        1.155030       
56              80.465580       149.946594      126.438300      0.030897        1.185927       
57              159.273210      153.174744      126.990034      0.020268        1.206195       
58              108.227350      155.353577      126.682016      0.020132        1.226327       
59              153.447755      158.436035      127.113389      0.020088        1.246415       
60              248.818780      163.425598      129.040448      0.020053        1.266468       
61              278.101407      169.008484      131.366370      0.020075        1.286543       
62              158.318358      172.199707      131.782128      0.020157        1.306700       
63              87.969075       174.291260      130.999176      0.023776        1.330476       
64              132.740986      176.958557      131.025091      0.020094        1.350570       
65              132.043913      179.612244      131.040029      0.020097        1.370667       
66              135.483831      182.334656      131.104234      0.020094        1.390761       
67              129.528883      184.937927      131.081793      0.020098        1.410859       
68              128.885758      187.526855      131.050966      0.020087        1.430946       
69              115.651638      189.849487      130.837831      0.020083        1.451029       
70              192.151416      193.722107      131.677777      0.020154        1.471183       
71              110.879625      195.955444      131.396875      0.020142        1.491325       
72              108.355640      198.131226      131.090757      0.020080        1.511405       
73              70.968848       199.554932      130.303207      0.020061        1.531466       
74              70.142451       201.027222      129.489803      0.020990        1.552456       
75              114.094564      203.653564      129.264866      0.023019        1.575475       
76              110.600007      205.874634      129.029946      0.020082        1.595557       
77              107.031872      208.024048      128.756515      0.020082        1.615639       
78              116.269312      210.358154      128.603261      0.020075        1.635714       
79              133.687515      213.041931      128.664903      0.020075        1.655789       
80              104.684670      215.144104      128.377562      0.020081        1.675870       
81              105.559956      217.265015      128.107242      0.020092        1.695962       
82              103.484396      219.352295      127.817846      0.020170        1.716132       
83              183.910321      223.048157      128.467089      0.020096        1.736228       
84              281.320759      228.693420      130.213558      0.020067        1.756295       
85              235.216591      233.411865      131.399335      0.020060        1.776355       
86              139.731265      236.217529      131.492462      0.020079        1.796434       
87              106.048099      238.553345      131.184268      0.022026        1.818460       
88              115.025105      240.862244      131.007844      0.020073        1.838533       
89              135.684701      243.585571      131.058349      0.020071        1.858604       
90              129.702368      246.189087      131.043861      0.020073        1.878677       
91              130.535087      248.809448      131.038482      0.020074        1.898751       
92              125.963652      251.339050      130.985370      0.020082        1.918833       
93              150.867306      254.368164      131.191253      0.020078        1.938911       
94              150.596294      257.395752      131.390394      0.020104        1.959015       
95              116.226036      259.729919      131.236513      0.020083        1.979098       
96              95.907608       261.654114      130.881962      0.020063        1.999161       
97              70.173541       263.061584      130.278942      0.020057        2.019218       
98              87.705104       265.012146      129.815135      0.022240        2.041458       
99              111.676821      267.253723      129.638532      0.020072        2.061530       
100             104.860649      269.358276      129.399633      0.020070        2.081600       
101             110.656443      271.579041      129.220653      0.020069        2.101669       
102             118.189658      273.950989      129.116313      0.020069        2.121738       
103             127.437076      276.509033      129.100576      0.020073        2.141811       
104             112.933877      278.777649      128.950357      0.020088        2.161899       
105             104.948139      280.885742      128.729397      0.020087        2.181986       
106             101.642232      282.928040      128.482239      0.020093        2.202079       
107             212.587599      287.194885      129.241899      0.020071        2.222150       
108             276.523335      292.741943      130.559557      0.020060        2.242210       
109             219.505037      297.144775      131.348176      0.020058        2.262268       
110             132.061530      299.797363      131.354454      0.020086        2.282354       
111             112.529010      302.056946      131.190273      0.020080        2.302434       
112             118.034628      304.420471      131.076847      0.020024        2.322458       
113             127.947209      306.987732      131.050040      0.020065        2.342523       
114             137.723706      309.751709      131.106729      0.020069        2.362592       
115             130.704465      312.374817      131.103341      0.020069        2.382661       
116             121.602144      314.816223      131.023950      0.020077        2.402738       
117             148.429648      317.797729      131.168256      0.020087        2.422825       
118             160.343203      321.023193      131.408492      0.020116        2.442941       
119             111.104078      323.257385      131.242722      0.020109        2.463050       
120             90.870106       325.081421      130.916359      0.020073        2.483123       
121             76.313689       326.614868      130.478048      0.020094        2.503217       
122             70.995901       328.265381      129.930706      0.023248        2.526465       
123             123.568760      330.746765      129.880538      0.020081        2.546546       
124             110.263920      332.960754      129.727075      0.020079        2.566625       
125             109.176974      335.153137      129.567542      0.020081        2.586706       
126             122.474680      337.611816      129.512919      0.020075        2.606781       
127             131.539818      340.253662      129.528416      0.020084        2.626865       
128             108.561660      342.433472      129.369368      0.020079        2.646944       
129             105.741971      344.556030      129.191539      0.020073        2.667017       
130             102.258534      346.619812      128.989261      0.020182        2.687199       
131             232.127626      351.278381      129.753826      0.020069        2.707268       
132             263.051513      356.554932      130.734207      0.020059        2.727327       
133             216.843831      360.904602      131.362904      0.020059        2.747386       
134             135.392213      363.623413      131.392141      0.020081        2.767467       
135             106.515908      365.762146      131.212954      0.020079        2.787546       
136             120.294479      368.176697      131.134897      0.020072        2.807618       
137             133.400720      370.853516      131.150976      0.020066        2.827684       
138             131.878882      373.500061      131.156105      0.020068        2.847752       
139             137.915422      376.267334      131.203398      0.020065        2.867817       
140             116.387037      378.603455      131.100418      0.020072        2.887889       
141             162.083296      381.856628      131.314264      0.020071        2.907960       
142             147.918924      384.829651      131.428243      0.020099        2.928059       
143             113.743469      387.114075      131.307767      0.020084        2.948143       
144             95.282677       389.031067      131.063588      0.020119        2.968262       
145             78.601639       390.606873      130.711631      0.020048        2.988310       
146             91.494889       392.634216      130.422983      0.022158        3.010468       
147             109.523386      394.833008      130.284532      0.020076        3.030544       
148             107.003056      396.981201      130.131318      0.020076        3.050620       
149             108.728182      399.164246      129.991372      0.020078        3.070698       
150             125.758816      401.688477      129.963885      0.020072        3.090770       
151             118.810801      404.384888      129.882587      0.022695        3.113465       
152             108.729228      406.567627      129.747068      0.020075        3.133540       
153             105.908583      408.693848      129.595311      0.020076        3.153616       
154             99.923253       410.699707      129.407632      0.020074        3.173690       
155             254.144344      415.799622      130.191377      0.020067        3.193757       
156             284.451396      421.505432      131.154189      0.020059        3.213816       
157             200.498876      425.527039      131.584298      0.020058        3.233874       
158             121.191474      427.959473      131.520192      0.020071        3.253945       
159             112.312226      430.214478      131.402399      0.020078        3.274023       
160             126.978426      432.763062      131.375444      0.020071        3.294094       
161             136.791611      435.508606      131.408245      0.020071        3.314165       
162             133.857775      438.195801      131.422993      0.020075        3.334240       
163             130.529336      440.815002      131.417647      0.020066        3.354306       
164             104.076041      442.903809      131.255026      0.020070        3.374376       
165             207.965789      447.079346      131.708765      0.020078        3.394454       
166             111.317863      449.547485      131.576440      0.022172        3.416626       
167             112.907297      451.817261      131.467235      0.020103        3.436729       
168             77.192147       453.365967      131.152226      0.020063        3.456792       
169             71.617178       454.803467      130.808529      0.020072        3.476864       
170             102.827205      457.231628      130.619769      0.023614        3.500478       
171             107.459686      459.389526      130.487666      0.020081        3.520559       
172             105.393314      461.517944      130.344538      0.020195        3.540754       
173             97.114139       463.820618      130.123488      0.023711        3.564465       
174             151.114859      466.857422      130.241171      0.020096        3.584561       
175             112.638408      469.117737      130.143176      0.020067        3.604628       
176             106.468621      471.254456      130.012096      0.020069        3.624697       
177             111.955064      473.501282      129.912670      0.020069        3.644766       
178             158.188814      476.674866      130.067459      0.020062        3.664828       
179             255.684363      481.803894      130.751299      0.020060        3.684888       
180             273.800096      487.295776      131.525743      0.020058        3.704946       
181             154.459911      490.397949      131.649396      0.020084        3.725030       
182             112.689642      492.660645      131.547745      0.020079        3.745109       
183             115.719517      494.982788      131.463387      0.020067        3.765176       
184             137.496379      497.742065      131.495371      0.020068        3.785244       
185             135.979674      500.471313      131.519024      0.020071        3.805315       
186             129.141255      503.063049      131.506549      0.020069        3.825384       
187             126.525322      505.602539      131.480550      0.020071        3.845455       
188             107.897526      507.767395      131.358142      0.020064        3.865519       
189             204.164844      511.872742      131.734915      0.020108        3.885627       
190             109.969456      514.085327      131.622793      0.020120        3.905747       
191             110.065493      516.291260      131.512738      0.020042        3.925789       
192             75.915842       517.813904      131.230135      0.020057        3.945846       
193             78.748778       519.596619      130.930758      0.022638        3.968484       
194             109.073042      521.785278      130.820794      0.020066        3.988550       
195             110.890320      524.010071      130.721043      0.020063        4.008613       
196             103.504590      526.084717      130.585631      0.020044        4.028657       
197             120.026277      528.493164      130.533298      0.020066        4.048723       
198             129.685641      531.095825      130.529117      0.020069        4.068792       
199             111.618004      533.335999      130.436292      0.020070        4.088862       
200             105.396449      535.452148      130.313937      0.020078        4.108940       
201             105.320748      537.567200      130.192380      0.020082        4.129022       
202             159.465712      540.767517      130.333974      0.020069        4.149091       
203             277.244439      546.329041      131.040838      0.020060        4.169151       
204             252.009651      551.383850      131.620039      0.020058        4.189209       
205             147.194927      554.339966      131.694348      0.020083        4.209292       
206             112.701801      556.602905      131.604181      0.020079        4.229371       
207             110.556883      558.822998      131.504721      0.020081        4.249452       
208             129.945228      561.431519      131.497388      0.020074        4.269526       
209             130.754436      564.056152      131.493912      0.020073        4.289599       
210             132.022887      566.706116      131.496375      0.020072        4.309671       
211             134.335139      569.401550      131.509531      0.020065        4.329736       
212             108.933587      571.588501      131.405335      0.020076        4.349812       
213             203.786502      575.685425      131.738327      0.020104        4.369916       
214             108.548463      577.866272      131.632198      0.020091        4.390007       
215             112.774867      580.144775      131.545809      0.020204        4.410211       
216             71.381441       581.573975      131.273902      0.020022        4.430233       
217             75.126511       583.081238      131.020777      0.020063        4.450296       
218             99.174687       585.216370      130.867458      0.021529        4.471825       
219             114.070746      587.569763      130.790321      0.020631        4.492456       
220             110.974117      589.796570      130.702204      0.020066        4.512522       
221             113.778997      592.079773      130.627280      0.020067        4.532589       
222             105.964603      594.239014      130.516901      0.020377        4.552966       
223             93.191156       596.570190      130.312946      0.025015        4.577981       
224             129.869469      599.179138      130.311008      0.020089        4.598070       
225             109.667365      601.379395      130.221324      0.020063        4.618133       
226             154.314669      604.474792      130.325522      0.020059        4.638192       
227             258.888987      609.667847      130.879132      0.020059        4.658251       
228             268.569294      615.054810      131.469471      0.020058        4.678309       
229             151.612082      618.098877      131.555548      0.020078        4.698387       
230             104.202657      620.191162      131.439150      0.020079        4.718466       
231             116.273372      622.524536      131.374922      0.020068        4.738534       
232             131.533316      625.164673      131.375590      0.020072        4.758606       
233             134.844900      627.870605      131.390159      0.020067        4.778673       
234             130.685788      630.493469      131.387213      0.020070        4.798743       
235             128.050930      633.062683      131.373322      0.020064        4.818807       
236             100.404337      635.077698      131.244880      0.020069        4.838876       
237             214.023198      639.386841      131.587883      0.020134        4.859010       
238             110.379371      641.606018      131.500491      0.020105        4.879115       
239             112.277098      643.861328      131.421674      0.020087        4.899202       
240             73.603446       645.343628      131.184975      0.020139        4.919341       
241             75.268279       646.854187      130.957784      0.020069        4.939410       
242             108.088946      649.130432      130.860697      0.021059        4.960469       
243             105.871293      651.255798      130.759973      0.020075        4.980544       
244             109.662668      653.457825      130.675257      0.020080        5.000624       
245             117.724767      655.822327      130.623449      0.020085        5.020709       
246             126.304896      658.358276      130.606248      0.020078        5.040787       
247             114.965250      660.882568      130.538413      0.021957        5.062744       
248             108.789121      663.068359      130.452440      0.020092        5.082836       
249             106.905977      665.209900      130.360005      0.020032        5.102868       
250             160.498555      668.836365      130.492868      0.022595        5.125463       
251             292.831216      674.710266      131.125718      0.020059        5.145522       
252             252.271343      679.770325      131.596128      0.020058        5.165580       
253             142.660486      682.635803      131.638984      0.020086        5.185666       
254             109.843227      684.842224      131.554882      0.020087        5.205753       
255             118.095577      687.212402      131.503191      0.020070        5.225823       
256             138.604595      689.994751      131.530366      0.020074        5.245897       
257             131.648867      692.637207      131.530817      0.020072        5.265969       
258             131.022055      695.281494      131.528875      0.020182        5.286151       
259             127.818195      697.848083      131.514833      0.020080        5.306231       
260             136.444039      700.588562      131.533420      0.020085        5.326316       
261             165.998876      703.927795      131.663097      0.020116        5.346432       
262             107.927576      706.096924      131.574206      0.020098        5.366530       
263             102.110503      708.151489      131.464149      0.020121        5.386651       
264             70.270559       709.561890      131.236984      0.020071        5.406722       
265             85.284843       711.417603      131.052794      0.021759        5.428481       
266             106.145058      713.548889      130.961004      0.020079        5.448560       
267             104.181956      715.639404      130.862744      0.020066        5.468626       
268             89.915668       717.781555      130.685132      0.023824        5.492450       
269             124.564133      720.537537      130.660574      0.022125        5.514575       
270             132.747655      723.568298      130.669179      0.022831        5.537406       
271             108.846789      725.751221      130.590430      0.020055        5.557461       
272             106.515074      727.889404      130.503781      0.020074        5.577535       
273             101.819479      729.934143      130.400873      0.020082        5.597617       
274             247.394779      734.899109      130.818830      0.020069        5.617686       
275             264.049545      740.195679      131.292862      0.020059        5.637745       
276             197.954224      744.888184      131.571980      0.023705        5.661450       
277             112.102596      747.137634      131.503217      0.020066        5.681516       
278             109.254085      749.331238      131.424868      0.020078        5.701594       
279             131.351792      751.967468      131.424611      0.020070        5.721664       
280             133.363322      754.644470      131.431389      0.020073        5.741737       
281             130.341730      757.260559      131.427593      0.020071        5.761808       
282             135.804363      759.985474      131.442782      0.020065        5.781873       
283             108.444439      762.162170      131.363219      0.020072        5.801945       
284             198.268501      766.143005      131.593950      0.020078        5.822023       
285             114.801763      768.448914      131.536216      0.020086        5.842109       
286             116.006633      770.777283      131.483046      0.020071        5.862180       
287             84.298818       772.467896      131.322175      0.020055        5.882235       
288             73.281141       773.937622      131.124952      0.020056        5.902291       
289             102.151069      776.109558      131.020953      0.021262        5.923553       
290             108.298980      778.281494      130.944284      0.020055        5.943608       
291             107.266170      780.434326      130.864598      0.020070        5.963678       
292             119.056719      782.823914      130.824992      0.020071        5.983749       
293             124.369853      785.319519      130.803417      0.020066        6.003815       
294             118.503441      787.698120      130.762433      0.020072        6.023887       
295             108.848591      790.031616      130.684722      0.021438        6.045325       
296             110.129444      792.243896      130.616645      0.020088        6.065413       
297             121.226705      794.673401      130.585721      0.020041        6.085454       
298             262.101269      799.931152      131.017823      0.020060        6.105514       
299             277.095350      805.489685      131.496197      0.020060        6.125574       
300             173.587618      808.977234      131.633799      0.020091        6.145665       
301             107.692642      811.138733      131.555865      0.020071        6.165736       
302             108.480596      813.316589      131.480974      0.020076        6.185812       
303             134.234768      816.010681      131.489880      0.020070        6.205882       
304             130.123583      818.622131      131.485476      0.020069        6.225951       
305             132.829237      821.288147      131.489794      0.020071        6.246022       
306             129.754463      823.891541      131.484238      0.020064        6.266086       
307             114.651473      826.193054      131.430484      0.020074        6.286160       
308             204.782186      830.313477      131.664522      0.020121        6.306281       
309             105.933675      832.443909      131.582727      0.020111        6.326392       
310             115.030018      834.751526      131.530404      0.020061        6.346453       
311             76.054326       836.277100      131.355615      0.020059        6.366512       
312             69.726640       837.675537      131.162079      0.020056        6.386568       
313             102.745301      839.737122      131.073080      0.020065        6.406633       
314             107.715824      841.979980      130.997414      0.020822        6.427455       
315             110.652264      844.200439      130.934092      0.020067        6.447522       
316             113.991906      846.487915      130.881526      0.020067        6.467589       
317             126.507740      849.026672      130.867996      0.020068        6.487657       
318             121.565513      851.466614      130.839306      0.020071        6.507728       
319             107.175606      853.618164      130.766533      0.020075        6.527803       
320             104.577863      855.718506      130.686205      0.020084        6.547887       
321             113.470042      857.995850      130.633597      0.020070        6.567957       
322             272.794685      863.468384      131.066488      0.020061        6.588018       
323             271.016175      868.904968      131.491330      0.020060        6.608078       
324             176.867455      872.452576      131.628647      0.020058        6.628136       
325             111.820760      874.697266      131.568838      0.020074        6.648210       
326             112.858032      876.962891      131.512509      0.020075        6.668285       
327             134.647014      879.666199      131.521918      0.020077        6.688362       
328             135.040473      882.377136      131.532447      0.020075        6.708437       
329             132.299226      885.026428      131.534729      0.020025        6.728462       
330             129.735829      887.629578      131.529381      0.020065        6.748527       
331             113.612132      889.909546      131.476258      0.020068        6.768595       
332             200.404788      893.936279      131.680272      0.020093        6.788688       
333             111.512026      896.177002      131.620751      0.020094        6.808782       
334             121.366342      898.607727      131.590676      0.020028        6.828810       
335             75.414976       900.121155      131.426075      0.020068        6.848878       
336             74.905399       901.622559      131.261144      0.020044        6.868922       
337             79.405590       903.492004      131.084018      0.023543        6.892465       
338             126.967839      906.041138      131.072063      0.020077        6.912542       
339             109.024793      908.229919      131.008216      0.020076        6.932618       
340             114.780627      910.534485      130.961354      0.020078        6.952696       
341             124.119105      913.026672      130.941651      0.020079        6.972775       
342             118.622720      915.805054      130.900410      0.023422        6.996197       
343             110.973287      918.038391      130.843253      0.020125        7.016322       
344             103.947982      920.124939      130.766527      0.020073        7.036395       
345             138.607261      922.904846      130.788812      0.020056        7.056451       
346             278.329319      928.487854      131.207029      0.020059        7.076510       
347             253.668049      933.575928      131.553157      0.020058        7.096568       
348             166.751231      936.925293      131.652500      0.020086        7.116654       
349             111.473213      939.163452      131.595729      0.020078        7.136732       
350             110.068830      941.372864      131.535352      0.020073        7.156805       
351             130.770072      943.997681      131.533212      0.020072        7.176877       
352             138.665405      946.781250      131.553105      0.020074        7.196951       
353             129.161130      949.373901      131.546452      0.020073        7.217024       
354             129.414123      951.970337      131.540541      0.020063        7.237087       
355             99.910820       953.975647      131.453063      0.020071        7.257158       
356             207.980288      958.163330      131.664800      0.020135        7.277293       
357             114.744515      960.470154      131.618186      0.020104        7.297397       
358             109.011248      962.667603      131.555909      0.020158        7.317555       
359             73.080332       964.139221      131.395433      0.020137        7.337692       
360             68.741278       965.519958      131.224394      0.020086        7.357778       
361             111.266572      967.904846      131.166423      0.021434        7.379212       
362             103.794436      970.006165      131.091533      0.020245        7.399457       
363             106.169529      972.135925      131.024152      0.020060        7.419517       
364             121.407218      974.572083      130.998214      0.020066        7.439583       
365             122.228474      977.024841      130.974622      0.020067        7.459650       
366             114.422673      979.321533      130.930205      0.020072        7.479722       
367             113.145160      981.593262      130.882592      0.020078        7.499800       
368             105.078952      983.703247      130.813689      0.020080        7.519880       
369             142.666788      986.566284      130.845237      0.020068        7.539948       
370             262.551579      991.833069      131.194712      0.020060        7.560008       
371             276.082012      997.371826      131.578181      0.020062        7.580070       
372             155.107217      1000.487000     131.640359      0.020084        7.600154       
373             105.463158      1002.945557     131.560311      0.023312        7.623466       
374             112.432223      1005.203308     131.510058      0.020081        7.643547       
375             131.315853      1007.840393     131.509549      0.020082        7.663629       
376             133.214039      1010.515198     131.514003      0.020079        7.683708       
377             132.078717      1013.167603     131.515475      0.020082        7.703790       
378             130.695804      1015.791321     131.513345      0.020075        7.723865       
379             106.336468      1017.926025     131.448078      0.020075        7.743940       
380             194.222912      1021.831848     131.610673      0.020110        7.764050       
381             113.105897      1024.105164     131.562893      0.020099        7.784149       
382             106.295269      1026.238403     131.497916      0.020069        7.804218       
383             73.614643       1027.714966     131.349529      0.020058        7.824276       
384             76.192465       1029.330322     131.200477      0.021201        7.845477       
385             108.110386      1031.500854     131.141539      0.020077        7.865554       
386             107.266659      1033.662170     131.080535      0.020149        7.885703       
387             108.045148      1035.831177     131.022042      0.020075        7.905778       
388             124.378288      1038.327698     131.005217      0.020072        7.925850       
389             128.022069      1040.896973     130.997682      0.020069        7.945919       
390             112.024975      1043.145874     130.949869      0.020075        7.965994       
391             105.593465      1045.266296     130.886111      0.020081        7.986075       
392             108.214849      1047.439575     130.829241      0.020083        8.006158       
393             154.450851      1050.538940     130.888299      0.020067        8.026225       
394             276.184158      1056.078918     131.250515      0.020059        8.046284       
395             251.884504      1061.131470     131.550502      0.020059        8.066343       
396             150.723063      1064.160400     131.598149      0.020096        8.086439       
397             106.722646      1066.304138     131.536510      0.020087        8.106526       
398             112.220539      1068.557190     131.488789      0.020077        8.126603       
399             139.961028      1071.367188     131.509669      0.020077        8.146680       
400             130.264073      1073.982239     131.506607      0.020075        8.166755       
401             129.494863      1076.581848     131.501674      0.020075        8.186830       
402             130.551640      1079.203064     131.499350      0.020078        8.206908       
403             114.676259      1081.504272     131.458315      0.020067        8.226975       
404             191.109084      1085.345947     131.603712      0.020102        8.247077       
405             109.646502      1087.550171     131.550320      0.020103        8.267180       
406             107.089841      1089.699036     131.491093      0.020066        8.287246       
407             76.732867       1091.238220     131.358873      0.020059        8.307305       
408             75.512008       1092.912170     131.210242      0.022168        8.329473       
409             106.594855      1095.051636     131.151071      0.020071        8.349544       
410             106.267001      1097.183777     131.091418      0.020064        8.369608       
411             113.017251      1099.451355     131.048193      0.020064        8.389672       
412             118.074488      1101.821228     131.017229      0.020071        8.409743       
413             125.345919      1104.336670     131.003728      0.020068        8.429811       
414             111.592631      1106.576111     130.957628      0.020068        8.449879       
415             109.581772      1108.776184     130.906959      0.020077        8.469956       
416             108.382002      1110.952820     130.853677      0.020083        8.490039       
417             161.799137      1114.199158     130.926636      0.020064        8.510103       
418             264.734171      1119.509460     131.241289      0.020059        8.530162       
419             259.371266      1124.711670     131.541855      0.020057        8.550219       
420             155.022125      1127.825134     131.596880      0.020084        8.570303       
421             105.030812      1129.933838     131.534791      0.020077        8.590380       
422             114.595627      1132.233887     131.495306      0.020071        8.610451       
423             129.518743      1134.833069     131.490710      0.020068        8.630519       
424             131.854063      1137.479248     131.491553      0.020069        8.650588       
425             130.472073      1140.098083     131.489193      0.020072        8.670660       
426             129.640022      1142.699829     131.484923      0.020069        8.690729       
427             125.571158      1145.219666     131.471299      0.020067        8.710796       
428             185.335477      1148.963257     131.595913      0.020199        8.730995       
429             112.841139      1151.232605     131.552812      0.020111        8.751106       
430             106.847269      1153.376282     131.496301      0.020063        8.771169       
431             78.959120       1154.960754     131.376379      0.020067        8.791236       
432             69.586280       1156.576965     131.213563      0.023226        8.814462       
433             126.039832      1159.107971     131.201803      0.020081        8.834543       
434             106.038359      1161.236267     131.144764      0.020071        8.854614       
435             107.682629      1163.397888     131.091695      0.020074        8.874688       
436             119.156780      1165.789246     131.064766      0.020069        8.894757       
437             135.661728      1168.511841     131.075115      0.020069        8.914826       
438             106.985415      1171.093506     131.010084      0.024131        8.938957       
439             106.887529      1173.239380     130.956028      0.020076        8.959033       
440             100.509905      1175.258423     130.887915      0.020088        8.979121       
441             226.259243      1179.798767     131.100580      0.020067        8.999188       
442             277.410399      1185.363342     131.425976      0.020059        9.019247       
443             208.900414      1189.553467     131.597890      0.020058        9.039305       
444             125.022058      1192.063660     131.583316      0.020078        9.059383       
445             105.772460      1194.194763     131.526041      0.020148        9.079531       
446             120.753641      1196.618530     131.502279      0.020072        9.099603       
447             132.488650      1199.277710     131.504450      0.020071        9.119674       
448             136.999141      1202.027283     131.516515      0.020070        9.139744       
449             130.296116      1204.642456     131.513841      0.020071        9.159815       
450             119.515027      1207.043274     131.487585      0.020088        9.179903       
451             167.551299      1210.410217     131.566357      0.020095        9.199998       
452             142.624763      1213.278687     131.590478      0.020112        9.220110       
453             110.602310      1215.502014     131.544819      0.020102        9.240212       
454             92.659369       1217.362244     131.460517      0.020076        9.260288       
455             74.839460       1218.864197     131.338072      0.020069        9.280357       
456             86.881293       1220.698608     131.237157      0.021114        9.301471       
457             105.918508      1222.825134     131.182625      0.020077        9.321548       
458             109.551449      1225.025146     131.136124      0.020082        9.341630       
459             109.359341      1227.221191     131.089412      0.020081        9.361711       
460             121.367920      1229.657410     131.068612      0.020073        9.381784       
461             125.506429      1232.176575     131.056738      0.020072        9.401856       
462             113.360122      1234.453186     131.019017      0.020083        9.421939       
463             104.541816      1236.552490     130.962706      0.020081        9.442020       
464             100.277686      1238.566467     130.897575      0.020084        9.462104       
465             232.838156      1243.238831     131.113311      0.020067        9.482171       
466             257.936597      1248.412781     131.381032      0.020059        9.502230       
467             223.037883      1252.886475     131.574100      0.020058        9.522288       
468             130.879040      1255.515442     131.572637      0.020087        9.542375       
469             107.800618      1257.680725     131.522704      0.020086        9.562461       
470             119.148821      1260.072876     131.496778      0.020077        9.582538       
471             133.510625      1262.768188     131.501012      0.020188        9.602726       
472             139.985515      1265.577698     131.518708      0.020070        9.622796       
473             129.721374      1268.181335     131.514967      0.020071        9.642867       
474             114.627149      1270.482361     131.479884      0.020074        9.662941       
475             174.669839      1273.988159     131.569408      0.020071        9.683012       
476             135.192035      1276.703491     131.576907      0.020085        9.703097       
477             119.235919      1279.099060     131.551407      0.020091        9.723188       
478             86.634173       1280.838501     131.458846      0.020078        9.743266       
479             74.266596       1282.327026     131.341436      0.020043        9.763309       
480             85.381742       1284.134216     131.242015      0.021166        9.784475       
481             112.495097      1286.393005     131.203623      0.020079        9.804554       
482             105.775020      1288.516968     131.151651      0.020080        9.824634       
483             108.933164      1290.704346     131.106332      0.020080        9.844714       
484             121.656762      1293.146240     131.087105      0.020072        9.864786       
485             127.460865      1295.705017     131.079741      0.020075        9.884861       
486             114.756308      1298.009094     131.046652      0.020078        9.904939       
487             104.525252      1300.106812     130.993024      0.020069        9.925008       
488             99.235705       1302.099365     130.928906      0.020079        9.945087       
489             211.044804      1306.333557     131.090205      0.020063        9.965150       
490             267.971691      1311.708801     131.365182      0.020059        9.985209       
491             227.197572      1316.265930     131.557302      0.020058        10.005267      
492             131.741986      1318.912231     131.557672      0.020087        10.025354      
493             107.638294      1321.073608     131.509859      0.020080        10.045434      
494             124.556941      1323.568359     131.496024      0.020029        10.065463      
495             133.727039      1326.252930     131.500464      0.020075        10.085538      
496             132.419170      1328.911377     131.502289      0.020076        10.105614      
497             129.147910      1331.504150     131.497621      0.020076        10.125690      
498             122.273976      1333.959290     131.479367      0.020079        10.145769      
499             155.579810      1337.085510     131.527005      0.020094        10.165863      
500             150.681774      1340.117981     131.564850      0.020125        10.185988      
501             118.492327      1342.501099     131.539089      0.020112        10.206100      
502             89.400912       1344.296448     131.456339      0.020082        10.226182      
503             73.683749       1345.777344     131.343019      0.020098        10.246280      
504             69.435969       1347.170715     131.222013      0.020067        10.266347      
505             60.031339       1348.375244     131.083146      0.020065        10.286412      
