#timestep       power           acc-energy      avg-power       dt              acc-time       
1               10.542000       0.222531        10.542000       0.021109        0.021109       
2               10.542000       0.436924        10.542000       0.020337        0.041446       
3               10.542000       0.649725        10.542000       0.020186        0.061632       
4               10.542000       0.862662        10.542000       0.020199        0.081831       
5               10.542000       1.075484        10.542000       0.020188        0.102019       
6               10.542000       1.288317        10.542000       0.020189        0.122208       
7               10.542000       1.501160        10.542000       0.020190        0.142398       
8               10.542000       1.740569        10.542000       0.022710        0.165108       
9               10.542000       1.953053        10.542000       0.020156        0.185264       
10              10.542000       2.165601        10.542000       0.020162        0.205426       
11              10.542000       2.652199        10.542000       0.046158        0.251584       
12              10.542000       2.932679        10.542000       0.026606        0.278190       
13              10.542000       3.164919        10.542000       0.022030        0.300220       
14              10.542000       3.406205        10.542000       0.022888        0.323108       
15              10.542000       3.618489        10.542000       0.020137        0.343245       
16              10.542000       3.830583        10.542000       0.020119        0.363364       
17              10.542000       4.042667        10.542000       0.020118        0.383482       
18              10.542000       4.254783        10.542000       0.020121        0.403603       
19              10.542000       4.481489        10.542000       0.021505        0.425108       
20              10.542000       4.693562        10.542000       0.020117        0.445225       
21              10.542000       4.944693        10.542000       0.023822        0.469047       
22              10.542000       5.230835        10.542000       0.027143        0.496190       
23              10.542000       5.446113        10.542000       0.020421        0.516611       
24              10.542000       5.683340        10.542000       0.022503        0.539114       
25              10.542000       5.897648        10.542000       0.020329        0.559443       
26              10.542000       6.111872        10.542000       0.020321        0.579764       
27              10.542000       6.326022        10.542000       0.020314        0.600078       
28              10.542000       6.540468        10.542000       0.020342        0.620420       
29              10.542000       6.754576        10.542000       0.020310        0.640730       
30              10.542000       6.967050        10.542000       0.020155        0.660885       
31              10.542000       7.181000        10.542000       0.020295        0.681180       
32              10.542000       7.393516        10.542000       0.020159        0.701339       
33              10.542000       7.606538        10.542000       0.020207        0.721546       
34              10.542000       7.865639        10.542000       0.024578        0.746124       
35              10.542000       8.081466        10.542000       0.020473        0.766597       
36              10.542000       8.296944        10.542000       0.020440        0.787037       
37              10.542000       8.509155        10.542000       0.020130        0.807167       
38              10.542000       8.721934        10.542000       0.020184        0.827351       
39              10.542000       8.933565        10.542000       0.020075        0.847426       
40              10.542000       9.146060        10.542000       0.020157        0.867583       
41              10.542000       9.358534        10.542000       0.020155        0.887738       
42              10.542000       9.583817        10.542000       0.021370        0.909108       
43              10.542000       9.796480        10.542000       0.020173        0.929281       
44              10.542000       10.008564       10.542000       0.020118        0.949399       
45              10.542000       10.220511       10.542000       0.020105        0.969504       
46              10.645000       10.434593       10.544093       0.020111        0.989615       
47              10.645000       10.648621       10.546102       0.020106        1.009721       
48              10.645000       10.862735       10.548034       0.020114        1.029835       
49              10.645000       11.076784       10.549891       0.020108        1.049943       
50              10.645000       11.290728       10.551677       0.020098        1.070041       
51              10.645000       11.520010       10.553519       0.021539        1.091580       
52              10.645000       11.924893       10.556599       0.038035        1.129615       
53              10.645000       12.206964       10.558625       0.026498        1.156113       
54              10.645000       12.488013       10.560554       0.026402        1.182515       
55              10.645000       12.720681       10.562086       0.021857        1.204372       
56              10.645000       12.934656       10.563447       0.020101        1.224473       
57              10.645000       13.148589       10.564764       0.020097        1.244570       
58              10.645000       13.362532       10.566039       0.020098        1.264668       
59              10.645000       13.576443       10.567274       0.020095        1.284763       
60              10.645000       13.790344       10.568471       0.020094        1.304857       
61              10.645000       14.004330       10.569632       0.020102        1.324959       
62              10.645000       14.240148       10.570872       0.022153        1.347112       
63              10.645000       14.484994       10.572116       0.023001        1.370113       
64              10.645000       14.701971       10.573185       0.020383        1.390496       
65              10.645000       14.921407       10.574234       0.020614        1.411110       
66              10.645000       15.136223       10.575232       0.020180        1.431290       
67              10.645000       15.351029       10.576201       0.020179        1.451469       
68              10.645000       15.602687       10.577304       0.023641        1.475110       
69              10.645000       15.817631       10.578218       0.020192        1.495302       
70              10.645000       16.032447       10.579107       0.020180        1.515482       
71              10.645000       16.247316       10.579974       0.020185        1.535667       
72              10.645000       16.461728       10.580815       0.020142        1.555809       
73              10.645000       16.675799       10.581634       0.020110        1.575919       
74              10.645000       16.890157       10.582434       0.020137        1.596056       
75              10.645000       17.104920       10.583215       0.020175        1.616231       
76              10.645000       17.322078       10.583985       0.020400        1.636631       
77              10.645000       17.537693       10.584731       0.020255        1.656886       
78              10.645000       17.752956       10.585458       0.020222        1.677108       
79              10.645000       17.966654       10.586162       0.020075        1.697183       
80              10.645000       18.180235       10.586849       0.020064        1.717247       
81              10.645000       18.394455       10.587523       0.020124        1.737371       
82              10.645000       18.608122       10.588179       0.020072        1.757443       
83              10.645000       18.822363       10.588823       0.020126        1.777569       
84              10.645000       19.072946       10.589557       0.023540        1.801109       
85              10.645000       19.287134       10.590170       0.020121        1.821230       
86              10.645000       19.501716       10.590770       0.020158        1.841388       
87              10.645000       19.715819       10.591356       0.020113        1.861501       
88              10.645000       19.930050       10.591929       0.020125        1.881626       
89              10.645000       20.144089       10.592491       0.020107        1.901733       
90              10.645000       20.358234       10.593040       0.020117        1.921850       
91              10.645000       20.572316       10.593578       0.020111        1.941961       
92              10.645000       20.786238       10.594105       0.020096        1.962057       
93              10.684000       21.008818       10.595049       0.020833        1.982890       
94              10.684000       21.389563       10.596620       0.035637        2.018527       
95              10.684000       21.641545       10.597629       0.023585        2.042112       
96              10.684000       21.930697       10.598759       0.027064        2.069176       
97              10.684000       22.147038       10.599585       0.020249        2.089425       
98              10.684000       22.389372       10.600491       0.022682        2.112107       
99              10.684000       22.604120       10.601279       0.020100        2.132207       
100             10.684000       22.818869       10.602051       0.020100        2.152307       
101             10.684000       23.033639       10.602809       0.020102        2.172409       
102             10.706000       23.265948       10.603830       0.021699        2.194108       
103             10.706000       23.481438       10.604759       0.020128        2.214236       
104             10.706000       23.758520       10.605928       0.025881        2.240117       
105             10.706000       24.026181       10.607033       0.025001        2.265118       
106             10.708000       24.245245       10.607937       0.020458        2.285576       
107             10.708000       24.463110       10.608820       0.020346        2.305922       
108             10.708000       24.680911       10.609687       0.020340        2.326262       
109             10.708000       24.898701       10.610539       0.020339        2.346601       
110             10.708000       25.116470       10.611376       0.020337        2.366938       
111             10.713000       25.334415       10.612242       0.020344        2.387282       
112             10.713000       25.552210       10.613093       0.020330        2.407612       
113             10.713000       25.769963       10.613929       0.020326        2.427938       
114             10.713000       25.987597       10.614752       0.020315        2.448253       
115             10.713000       26.205018       10.615559       0.020295        2.468548       
116             10.715000       26.421525       10.616367       0.020206        2.488754       
117             10.715000       26.650472       10.617206       0.021367        2.510121       
118             10.715000       26.870441       10.618000       0.020529        2.530650       
119             10.715000       27.089209       10.618776       0.020417        2.551067       
120             10.715000       27.307505       10.619538       0.020373        2.571440       
121             10.721000       27.523212       10.620326       0.020120        2.591560       
122             10.721000       27.739122       10.621102       0.020139        2.611699       
123             10.721000       27.954818       10.621866       0.020119        2.631818       
124             10.721000       28.170578       10.622618       0.020125        2.651943       
125             10.721000       28.397563       10.623397       0.021172        2.673115       
126             10.711000       28.613422       10.624053       0.020153        2.693268       
127             10.711000       28.828927       10.624698       0.020120        2.713388       
128             10.711000       29.044582       10.625333       0.020134        2.733522       
129             10.711000       29.260688       10.625961       0.020176        2.753698       
130             10.711000       29.476214       10.626578       0.020122        2.773820       
131             10.718000       29.691850       10.627236       0.020119        2.793939       
132             10.718000       29.907496       10.627885       0.020120        2.814059       
133             10.718000       30.123099       10.628525       0.020116        2.834175       
134             10.718000       30.338435       10.629155       0.020091        2.854266       
135             10.719000       30.595616       10.629904       0.023993        2.878259       
136             10.719000       30.984930       10.631014       0.036320        2.914579       
137             10.719000       31.308054       10.631915       0.030145        2.944724       
138             10.719000       31.580927       10.632661       0.025457        2.970181       
139             10.723000       31.848209       10.633413       0.024926        2.995107       
140             10.723000       32.063773       10.634010       0.020103        3.015210       
141             10.723000       32.279295       10.634599       0.020099        3.035309       
142             10.723000       32.494838       10.635181       0.020101        3.055410       
143             10.723000       32.710370       10.635755       0.020100        3.075510       
144             10.750000       32.926359       10.636496       0.020092        3.095602       
145             10.750000       33.142477       10.637229       0.020104        3.115706       
146             10.750000       33.368980       10.637986       0.021070        3.136776       
147             10.750000       33.685460       10.639028       0.029440        3.166216       
148             10.747000       33.908320       10.639730       0.020737        3.186953       
149             10.747000       34.127538       10.640413       0.020398        3.207351       
150             10.747000       34.346787       10.641086       0.020401        3.227752       
151             10.747000       34.565682       10.641750       0.020368        3.248120       
152             10.747000       34.784813       10.642407       0.020390        3.268510       
153             10.747000       35.003891       10.643055       0.020385        3.288895       
154             10.747000       35.222743       10.643695       0.020364        3.309259       
155             10.747000       35.479166       10.644434       0.023860        3.333119       
156             10.747000       35.698470       10.645058       0.020406        3.353525       
157             10.747000       35.915462       10.645669       0.020191        3.373716       
158             10.747000       36.133121       10.646273       0.020253        3.393969       
159             10.747000       36.356885       10.646887       0.020821        3.414790       
160             10.747000       36.576908       10.647484       0.020473        3.435263       
161             10.747000       36.797254       10.648074       0.020503        3.455766       
162             10.747000       37.017309       10.648657       0.020476        3.476242       
163             10.747000       37.233474       10.649223       0.020114        3.496356       
164             10.747000       37.449306       10.649781       0.020083        3.516439       
165             10.747000       37.666493       10.650337       0.020209        3.536648       
166             10.747000       37.882679       10.650884       0.020116        3.556764       
167             10.747000       38.112085       10.651457       0.021346        3.578110       
168             10.747000       38.328314       10.651991       0.020120        3.598230       
169             10.747000       38.544383       10.652519       0.020105        3.618335       
170             10.747000       38.760419       10.653041       0.020102        3.638437       
171             10.747000       38.977035       10.653559       0.020156        3.658593       
172             10.747000       39.193050       10.654069       0.020100        3.678693       
173             10.747000       39.409162       10.654575       0.020109        3.698802       
174             10.747000       39.625209       10.655074       0.020103        3.718905       
175             10.747000       39.841170       10.655568       0.020095        3.739000       
176             10.747000       40.070038       10.656086       0.021296        3.760296       
177             10.747000       40.474512       10.656987       0.037636        3.797932       
178             10.747000       40.781134       10.657658       0.028531        3.826463       
179             10.747000       41.078977       10.658301       0.027714        3.854177       
180             10.747000       41.307501       10.658787       0.021264        3.875441       
181             10.747000       41.561861       10.659323       0.023668        3.899109       
182             10.747000       41.778177       10.659773       0.020128        3.919237       
183             10.747000       41.994449       10.660219       0.020124        3.939361       
184             10.747000       42.210679       10.660660       0.020120        3.959481       
185             10.747000       42.426779       10.661096       0.020108        3.979589       
186             10.747000       42.643235       10.661528       0.020141        3.999730       
187             10.747000       42.863688       10.661964       0.020513        4.020243       
188             10.747000       43.091815       10.662411       0.021227        4.041470       
189             10.747000       43.319866       10.662853       0.021220        4.062690       
190             10.747000       43.538428       10.663272       0.020337        4.083027       
191             10.747000       43.775786       10.663723       0.022086        4.105113       
192             10.747000       43.994477       10.664133       0.020349        4.125462       
193             10.747000       44.213253       10.664540       0.020357        4.145819       
194             10.747000       44.431353       10.664942       0.020294        4.166113       
195             10.714000       44.649351       10.665180       0.020347        4.186460       
196             10.714000       44.867263       10.665416       0.020339        4.206799       
197             10.714000       45.106356       10.665673       0.022316        4.229115       
198             10.714000       45.324097       10.665904       0.020323        4.249438       
199             10.714000       45.540680       10.666132       0.020215        4.269653       
200             10.714000       45.759268       10.666359       0.020402        4.290055       
201             10.714000       45.980008       10.666587       0.020603        4.310658       
202             10.714000       46.198702       10.666810       0.020412        4.331070       
203             10.714000       46.416839       10.667031       0.020360        4.351430       
204             10.714000       46.632512       10.667247       0.020130        4.371560       
205             10.714000       46.847510       10.667461       0.020067        4.391627       
206             10.714000       47.062990       10.667673       0.020112        4.411739       
207             10.714000       47.278116       10.667883       0.020079        4.431818       
208             10.714000       47.516974       10.668114       0.022294        4.454112       
209             10.714000       47.732861       10.668321       0.020150        4.474262       
210             10.714000       47.948481       10.668525       0.020125        4.494387       
211             10.714000       48.164089       10.668728       0.020124        4.514511       
212             10.714000       48.379698       10.668929       0.020124        4.534635       
213             10.714000       48.595349       10.669128       0.020128        4.554763       
214             10.714000       48.811622       10.669326       0.020186        4.574949       
215             10.714000       49.027220       10.669522       0.020123        4.595072       
216             10.714000       49.242721       10.669715       0.020114        4.615186       
217             10.714000       49.458083       10.669907       0.020101        4.635287       
218             10.714000       49.678363       10.670102       0.020560        4.655847       
219             10.714000       50.074877       10.670448       0.037009        4.692856       
220             10.714000       50.356206       10.670691       0.026258        4.719114       
221             10.714000       50.663108       10.670952       0.028645        4.747759       
222             10.714000       50.913269       10.671163       0.023349        4.771108       
223             10.714000       51.128642       10.671342       0.020102        4.791210       
224             10.714000       51.344004       10.671521       0.020101        4.811311       
225             10.714000       51.559356       10.671697       0.020100        4.831411       
226             10.714000       51.774718       10.671873       0.020101        4.851512       
227             10.714000       51.990026       10.672046       0.020096        4.871608       
228             10.714000       52.205528       10.672219       0.020114        4.891722       
229             10.714000       52.423065       10.672392       0.020304        4.912026       
230             10.714000       52.713296       10.672620       0.027089        4.939115       
231             10.714000       52.939512       10.672796       0.021114        4.960229       
232             10.714000       53.155935       10.672963       0.020200        4.980429       
233             10.714000       53.372239       10.673129       0.020189        5.000618       
234             10.714000       53.588694       10.673293       0.020203        5.020821       
235             10.714000       53.805021       10.673456       0.020191        5.041012       
236             10.714000       54.021444       10.673618       0.020200        5.061212       
237             10.714000       54.237845       10.673779       0.020198        5.081410       
238             10.714000       54.454171       10.673938       0.020191        5.101601       
239             10.714000       54.706047       10.674121       0.023509        5.125110       
240             10.714000       54.922137       10.674278       0.020169        5.145279       
241             10.714000       55.137692       10.674433       0.020119        5.165398       
242             10.682000       55.352593       10.674462       0.020118        5.185516       
243             10.682000       55.569470       10.674491       0.020303        5.205819       
244             10.682000       55.785673       10.674520       0.020240        5.226059       
245             10.682000       56.001215       10.674549       0.020178        5.246237       
246             10.682000       56.216382       10.674578       0.020143        5.266380       
247             10.682000       56.431902       10.674606       0.020176        5.286556       
248             10.682000       56.646984       10.674634       0.020135        5.306691       
249             10.682000       56.862643       10.674662       0.020189        5.326880       
250             10.682000       57.077512       10.674690       0.020115        5.346995       
251             10.682000       57.324469       10.674721       0.023119        5.370114       
252             10.682000       57.540192       10.674748       0.020195        5.390309       
253             10.682000       57.755915       10.674775       0.020195        5.410504       
254             10.682000       57.971563       10.674802       0.020188        5.430692       
255             10.682000       58.187275       10.674829       0.020194        5.450886       
256             10.682000       58.402934       10.674855       0.020189        5.471075       
257             10.682000       58.619886       10.674882       0.020310        5.491385       
258             10.682000       58.835544       10.674908       0.020189        5.511574       
259             10.682000       59.050862       10.674934       0.020157        5.531731       
260             10.682000       59.308426       10.674964       0.024112        5.555843       
261             10.682000       59.727961       10.675014       0.039275        5.595118       
262             10.682000       60.017166       10.675047       0.027074        5.622192       
263             10.682000       60.253388       10.675075       0.022114        5.644306       
264             10.682000       60.518323       10.675105       0.024802        5.669108       
265             10.682000       60.733234       10.675129       0.020119        5.689227       
266             10.682000       60.948145       10.675154       0.020119        5.709346       
267             10.682000       61.163024       10.675178       0.020116        5.729462       
268             10.682000       61.377882       10.675201       0.020114        5.749576       
269             10.682000       61.592675       10.675225       0.020108        5.769684       
270             10.682000       61.807822       10.675249       0.020141        5.789825       
271             10.682000       62.067330       10.675277       0.024294        5.814119       
272             10.682000       62.302398       10.675302       0.022006        5.836125       
273             10.682000       62.521358       10.675326       0.020498        5.856623       
274             10.682000       62.738117       10.675349       0.020292        5.876915       
275             10.682000       62.985950       10.675375       0.023201        5.900116       
276             10.682000       63.202741       10.675398       0.020295        5.920411       
277             10.682000       63.419639       10.675420       0.020305        5.940716       
278             10.682000       63.636516       10.675443       0.020303        5.961019       
279             10.682000       63.853318       10.675465       0.020296        5.981315       
280             10.682000       64.068517       10.675487       0.020146        6.001461       
281             10.682000       64.285479       10.675509       0.020311        6.021772       
282             10.682000       64.504386       10.675531       0.020493        6.042265       
283             10.682000       64.720194       10.675552       0.020203        6.062468       
284             10.682000       64.941087       10.675574       0.020679        6.083147       
285             10.682000       65.175888       10.675597       0.021981        6.105128       
286             10.682000       65.394912       10.675619       0.020504        6.125632       
287             10.682000       65.614384       10.675640       0.020546        6.146178       
288             10.682000       65.829926       10.675661       0.020178        6.166356       
289             10.598000       66.042681       10.675409       0.020075        6.186431       
290             10.598000       66.256485       10.675157       0.020174        6.206605       
291             10.598000       66.469335       10.674908       0.020084        6.226689       
292             10.598000       66.706995       10.674632       0.022425        6.249114       
293             10.598000       66.921711       10.674385       0.020260        6.269374       
294             10.598000       67.135631       10.674140       0.020185        6.289559       
295             10.598000       67.349562       10.673896       0.020186        6.309745       
296             10.598000       67.563515       10.673654       0.020188        6.329933       
297             10.598000       67.777340       10.673414       0.020176        6.350109       
298             10.598000       67.991081       10.673175       0.020168        6.370277       
299             10.598000       68.205860       10.672936       0.020266        6.390543       
300             10.598000       68.419377       10.672701       0.020147        6.410690       
301             10.598000       68.646482       10.672452       0.021429        6.432119       
302             10.598000       69.013258       10.672054       0.034608        6.466727       
303             10.598000       69.271722       10.671775       0.024388        6.491115       
304             10.598000       69.497745       10.671534       0.021327        6.512442       
305             10.598000       69.759261       10.671256       0.024676        6.537118       
306             10.598000       69.985486       10.671018       0.021346        6.558464       
307             10.598000       70.198803       10.670794       0.020128        6.578592       
308             10.598000       70.411971       10.670573       0.020114        6.598706       
309             10.598000       70.625129       10.670352       0.020113        6.618819       
310             10.598000       70.838233       10.670133       0.020108        6.638927       
311             10.598000       71.051295       10.669915       0.020104        6.659031       
312             10.598000       71.264305       10.669699       0.020099        6.679130       
313             10.598000       71.480599       10.669480       0.020409        6.699539       
314             10.598000       71.772881       10.669187       0.027579        6.727118       
315             10.598000       72.003187       10.668958       0.021731        6.748849       
316             10.598000       72.239151       10.668725       0.022265        6.771114       
317             10.598000       72.454301       10.668513       0.020301        6.791415       
318             10.598000       72.669578       10.668303       0.020313        6.811728       
319             10.598000       72.884771       10.668094       0.020305        6.832033       
320             10.598000       73.099984       10.667886       0.020307        6.852340       
321             10.598000       73.314996       10.667680       0.020288        6.872628       
322             10.598000       73.528525       10.667476       0.020148        6.892776       
323             10.598000       73.743368       10.667273       0.020272        6.913048       
324             10.598000       73.958337       10.667070       0.020284        6.933332       
325             10.598000       74.210686       10.666834       0.023811        6.957143       
326             10.598000       74.430669       10.666629       0.020757        6.977900       
327             10.598000       74.676786       10.666401       0.023223        7.001123       
328             10.598000       74.893261       10.666202       0.020426        7.021549       
329             10.598000       75.106048       10.666008       0.020078        7.041627       
330             10.598000       75.319470       10.665814       0.020138        7.061765       
331             10.598000       75.532511       10.665621       0.020102        7.081867       
332             10.598000       75.745393       10.665430       0.020087        7.101954       
333             10.598000       75.959028       10.665239       0.020158        7.122112       
334             10.598000       76.213348       10.665013       0.023997        7.146109       
335             10.598000       76.426622       10.664825       0.020124        7.166233       
336             10.558000       76.639039       10.664526       0.020119        7.186352       
337             10.558000       76.851381       10.664229       0.020112        7.206464       
338             10.558000       77.063776       10.663933       0.020117        7.226581       
339             10.558000       77.276087       10.663639       0.020109        7.246690       
340             10.558000       77.488493       10.663347       0.020118        7.266808       
341             10.558000       77.723936       10.663024       0.022300        7.289108       
342             10.558000       77.936575       10.662735       0.020140        7.309248       
343             10.558000       78.152243       10.662443       0.020427        7.329675       
344             10.558000       78.500456       10.661975       0.032981        7.362656       
345             10.558000       78.748094       10.661645       0.023455        7.386111       
346             10.558000       79.043718       10.661254       0.028000        7.414111       
347             10.558000       79.262121       10.660966       0.020686        7.434797       
348             10.558000       79.492454       10.660665       0.021816        7.456613       
349             10.558000       79.704649       10.660389       0.020098        7.476711       
350             10.558000       79.916791       10.660115       0.020093        7.496804       
351             10.558000       80.128943       10.659842       0.020094        7.516898       
352             10.558000       80.341096       10.659570       0.020094        7.536992       
353             10.558000       80.553396       10.659300       0.020108        7.557100       
354             10.558000       80.767755       10.659029       0.020303        7.577403       
355             10.558000       80.992229       10.658746       0.021261        7.598664       
356             10.558000       81.239814       10.658436       0.023450        7.622114       
357             10.558000       81.473399       10.658145       0.022124        7.644238       
358             10.558000       81.704376       10.657859       0.021877        7.666115       
359             10.558000       81.919591       10.657595       0.020384        7.686499       
360             10.558000       82.134784       10.657331       0.020382        7.706881       
361             10.558000       82.349808       10.657069       0.020366        7.727247       
362             10.558000       82.564959       10.656809       0.020378        7.747625       
363             10.558000       82.781134       10.656548       0.020475        7.768100       
364             10.558000       83.024137       10.656257       0.023016        7.791116       
365             10.558000       83.238876       10.656001       0.020339        7.811455       
366             10.558000       83.452232       10.655749       0.020208        7.831663       
367             10.558000       83.666306       10.655496       0.020276        7.851939       
368             10.558000       83.886134       10.655238       0.020821        7.872760       
369             10.558000       84.102320       10.654986       0.020476        7.893236       
370             10.558000       84.318410       10.654735       0.020467        7.913703       
371             10.558000       84.532442       10.654488       0.020272        7.933975       
372             10.558000       84.746727       10.654242       0.020296        7.954271       
373             10.558000       84.959450       10.653999       0.020148        7.974419       
374             10.558000       85.172204       10.653757       0.020151        7.994570       
375             10.558000       85.384589       10.653516       0.020116        8.014686       
376             10.558000       85.631942       10.653238       0.023428        8.038114       
377             10.558000       85.845636       10.652999       0.020240        8.058354       
378             10.558000       86.059023       10.652761       0.020211        8.078565       
379             10.558000       86.272432       10.652525       0.020213        8.098778       
380             10.558000       86.497677       10.652276       0.021334        8.120112       
381             10.558000       86.711138       10.652042       0.020218        8.140330       
382             10.558000       86.924695       10.651809       0.020227        8.160557       
383             10.558000       87.138051       10.651577       0.020208        8.180765       
384             10.578000       87.351219       10.651397       0.020152        8.200917       
385             10.578000       87.565783       10.651215       0.020284        8.221201       
386             10.578000       87.900852       10.650934       0.031676        8.252877       
387             10.578000       88.166698       10.650713       0.025132        8.278009       
388             10.578000       88.468150       10.650464       0.028498        8.306507       
389             10.578000       88.689622       10.650281       0.020937        8.327444       
390             10.578000       88.918804       10.650094       0.021666        8.349110       
391             10.578000       89.131655       10.649920       0.020122        8.369232       
392             10.578000       89.344431       10.649748       0.020115        8.389347       
393             10.578000       89.557219       10.649576       0.020116        8.409463       
394             10.578000       89.770016       10.649406       0.020117        8.429580       
395             10.578000       89.983046       10.649235       0.020139        8.449719       
396             10.578000       90.199769       10.649063       0.020488        8.470207       
397             10.578000       90.431585       10.648880       0.021915        8.492122       
398             10.578000       90.646636       10.648710       0.020330        8.512452       
399             10.578000       90.870615       10.648535       0.021174        8.533626       
400             10.578000       91.097925       10.648358       0.021489        8.555115       
401             10.578000       91.312870       10.648191       0.020320        8.575435       
402             10.578000       91.527921       10.648025       0.020330        8.595765       
403             10.578000       91.742866       10.647860       0.020320        8.616085       
404             10.578000       91.997066       10.647666       0.024031        8.640116       
405             10.578000       92.211947       10.647502       0.020314        8.660430       
406             10.578000       92.425263       10.647341       0.020166        8.680596       
407             10.578000       92.639997       10.647179       0.020300        8.700896       
408             10.578000       92.853408       10.647019       0.020175        8.721071       
409             10.578000       93.067210       10.646859       0.020212        8.741283       
410             10.578000       93.287931       10.646695       0.020866        8.762149       
411             10.578000       93.530961       10.646516       0.022975        8.785124       
412             10.578000       93.747238       10.646357       0.020446        8.805570       
413             10.578000       93.960110       10.646201       0.020124        8.825694       
414             10.578000       94.172876       10.646046       0.020114        8.845808       
415             10.578000       94.386044       10.645891       0.020152        8.865960       
416             10.578000       94.598905       10.645737       0.020123        8.886083       
417             10.578000       94.842527       10.645562       0.023031        8.909114       
418             10.578000       95.056393       10.645409       0.020218        8.929332       
419             10.578000       95.269614       10.645257       0.020157        8.949489       
420             10.578000       95.482803       10.645106       0.020154        8.969643       
421             10.578000       95.695981       10.644956       0.020153        8.989796       
422             10.578000       95.909181       10.644806       0.020155        9.009951       
423             10.578000       96.122401       10.644657       0.020157        9.030108       
424             10.578000       96.335559       10.644508       0.020151        9.050259       
425             10.578000       96.548674       10.644361       0.020147        9.070406       
426             10.578000       96.761524       10.644214       0.020122        9.090528       
427             10.578000       96.975200       10.644067       0.020200        9.110728       
428             10.578000       97.408411       10.643771       0.040954        9.151682       
429             10.578000       97.651885       10.643606       0.023017        9.174699       
430             10.549000       97.941856       10.643324       0.027488        9.202187       
431             10.549000       98.183660       10.643089       0.022922        9.225109       
432             10.549000       98.436836       10.642845       0.024000        9.249109       
433             10.549000       98.648955       10.642642       0.020108        9.269217       
434             10.549000       98.861053       10.642439       0.020106        9.289323       
435             10.549000       99.074365       10.642236       0.020221        9.309544       
436             10.549000       99.312392       10.642011       0.022564        9.332108       
437             10.549000       99.524733       10.641810       0.020129        9.352237       
438             10.520000       99.740372       10.641544       0.020498        9.372735       
439             10.519000       99.966278       10.641264       0.021476        9.394211       
440             10.519000       100.181792      10.640998       0.020488        9.414699       
441             10.519000       100.407140      10.640721       0.021423        9.436122       
442             10.519000       100.620392      10.640460       0.020273        9.456395       
443             10.519000       100.833675      10.640200       0.020276        9.476671       
444             10.526000       101.047079      10.639956       0.020274        9.496945       
445             10.526000       101.260546      10.639713       0.020280        9.517225       
446             10.526000       101.512044      10.639429       0.023893        9.541118       
447             10.526000       101.725385      10.639188       0.020268        9.561386       
448             10.526000       101.938473      10.638949       0.020244        9.581630       
449             10.532000       102.151736      10.638724       0.020249        9.601879       
450             10.532000       102.364598      10.638499       0.020211        9.622090       
451             10.532000       102.580378      10.638273       0.020488        9.642578       
452             10.532000       102.797506      10.638046       0.020616        9.663194       
453             10.529000       103.012802      10.637816       0.020448        9.683642       
454             10.529000       103.227341      10.637588       0.020376        9.704018       
455             10.529000       103.439417      10.637363       0.020142        9.724160       
456             10.529000       103.651544      10.637139       0.020147        9.744307       
457             10.529000       103.863293      10.636916       0.020111        9.764418       
458             10.517000       104.074453      10.636670       0.020078        9.784496       
459             10.517000       104.291282      10.636418       0.020617        9.805113       
460             10.517000       104.503273      10.636173       0.020157        9.825270       
461             10.517000       104.714802      10.635930       0.020113        9.845383       
462             10.517000       104.926383      10.635687       0.020118        9.865501       
463             10.514000       105.137840      10.635440       0.020112        9.885613       
464             10.514000       105.349319      10.635193       0.020114        9.905727       
465             10.514000       105.560819      10.634947       0.020116        9.925843       
466             10.514000       105.772360      10.634703       0.020120        9.945963       
467             10.514000       106.015696      10.634423       0.023144        9.969107       
468             10.515000       106.227037      10.634182       0.020099        9.989206       
469             10.515000       106.509933      10.633862       0.026904        10.016110      
470             10.515000       106.821009      10.633512       0.029584        10.045694      
471             10.515000       107.105397      10.633194       0.027046        10.072740      
472             10.521000       107.394188      10.632889       0.027449        10.100189      
473             10.521000       107.666882      10.632603       0.025919        10.126108      
474             10.521000       107.878480      10.632381       0.020112        10.146220      
475             10.521000       108.090047      10.632161       0.020109        10.166329      
476             10.529000       108.301764      10.631957       0.020108        10.186437      
477             10.529000       108.513471      10.631755       0.020107        10.206544      
478             10.529000       108.725325      10.631552       0.020121        10.226665      
479             10.529000       108.940148      10.631348       0.020403        10.247068      
480             10.529000       109.155129      10.631145       0.020418        10.267486      
481             10.547000       109.425502      10.630935       0.025635        10.293121      
482             10.547000       109.668009      10.630748       0.022993        10.316114      
483             10.547000       109.882693      10.630583       0.020355        10.336469      
484             10.547000       110.096639      10.630419       0.020285        10.356754      
485             10.547000       110.310406      10.630256       0.020268        10.377022      
486             10.547000       110.524351      10.630094       0.020285        10.397307      
487             10.547000       110.738276      10.629932       0.020283        10.417590      
488             10.547000       110.952096      10.629771       0.020273        10.437863      
489             10.547000       111.164480      10.629612       0.020137        10.458000      
490             10.547000       111.408433      10.629430       0.023130        10.481130      
491             10.547000       111.622336      10.629270       0.020281        10.501411      
492             10.547000       111.835544      10.629112       0.020215        10.521626      
493             10.547000       112.053487      10.628951       0.020664        10.542290      
494             10.547000       112.269964      10.628792       0.020525        10.562815      
495             10.547000       112.485334      10.628634       0.020420        10.583235      
496             10.547000       112.700482      10.628477       0.020399        10.603634      
497             10.547000       112.912677      10.628323       0.020119        10.623753      
498             10.547000       113.124872      10.628169       0.020119        10.643872      
499             10.547000       113.336635      10.628016       0.020078        10.663950      
500             10.547000       113.549220      10.627864       0.020156        10.684106      
501             10.547000       113.761173      10.627712       0.020096        10.704202      
502             10.547000       114.002826      10.627539       0.022912        10.727114      
503             10.547000       114.216244      10.627388       0.020235        10.747349      
504             10.547000       114.429600      10.627237       0.020229        10.767578      
505             10.547000       114.642871      10.627086       0.020221        10.787799      
506             10.547000       114.856247      10.626936       0.020231        10.808030      
507             10.547000       115.069665      10.626787       0.020235        10.828265      
508             10.547000       115.282968      10.626638       0.020224        10.848489      
509             10.547000       115.495754      10.626490       0.020175        10.868664      
510             10.547000       115.708571      10.626343       0.020178        10.888842      
511             10.547000       116.042341      10.626113       0.031646        10.920488      
512             10.547000       116.334535      10.625913       0.027704        10.948192      
513             10.547000       116.621024      10.625718       0.027163        10.975355      
514             10.547000       116.844968      10.625566       0.021233        10.996588      
515             10.547000       117.103591      10.625391       0.024521        11.021109      
516             10.547000       117.315860      10.625248       0.020126        11.041235      
517             10.547000       117.528055      10.625106       0.020119        11.061354      
518             10.547000       117.740282      10.624964       0.020122        11.081476      
519             10.547000       117.952477      10.624823       0.020119        11.101595      
520             10.547000       118.164830      10.624682       0.020134        11.121729      
521             10.547000       118.381339      10.624539       0.020528        11.142257      
522             10.547000       118.611865      10.624387       0.021857        11.164114      
523             10.547000       118.824914      10.624247       0.020200        11.184314      
524             10.547000       119.047540      10.624101       0.021108        11.205422      
525             10.547000       119.276305      10.623953       0.021690        11.227112      
526             10.547000       119.490894      10.623813       0.020346        11.247458      
527             10.547000       119.705346      10.623675       0.020333        11.267791      
528             10.473000       119.918189      10.623403       0.020323        11.288114      
529             10.473000       120.131032      10.623133       0.020323        11.308437      
530             10.473000       120.357992      10.622846       0.021671        11.330108      
531             10.473000       120.569086      10.622580       0.020156        11.350264      
532             10.473000       120.782065      10.622312       0.020336        11.370600      
533             10.473000       120.996489      10.622044       0.020474        11.391074      
534             10.473000       121.209070      10.621779       0.020298        11.411372      
535             10.473000       121.429338      10.621505       0.021032        11.432404      
536             10.473000       121.641835      10.621242       0.020290        11.452694      
537             10.473000       121.876629      10.620952       0.022419        11.475113      
538             10.473000       122.088823      10.620692       0.020261        11.495374      
539             10.473000       122.299718      10.620433       0.020137        11.515511      
540             10.473000       122.510319      10.620176       0.020109        11.535620      
541             10.473000       122.720502      10.619921       0.020069        11.555689      
542             10.473000       122.931313      10.619665       0.020129        11.575818      
543             10.473000       123.175281      10.619371       0.023295        11.599113      
544             10.473000       123.386344      10.619117       0.020153        11.619266      
545             10.473000       123.625620      10.618830       0.022847        11.642113      
546             10.473000       123.836913      10.618578       0.020175        11.662288      
547             10.473000       124.048457      10.618326       0.020199        11.682487      
548             10.473000       124.259939      10.618075       0.020193        11.702680      
549             10.473000       124.494869      10.617798       0.022432        11.725112      
550             10.473000       124.706361      10.617549       0.020194        11.745306      
551             10.473000       124.917455      10.617301       0.020156        11.765462      
552             10.473000       125.164534      10.617012       0.023592        11.789054      
553             10.473000       125.560560      10.616552       0.037814        11.826868      
554             10.473000       125.780503      10.616298       0.021001        11.847869      
555             10.473000       126.067505      10.615967       0.027404        11.875273      
556             10.473000       126.306677      10.615692       0.022837        11.898110      
557             10.473000       126.517540      10.615451       0.020134        11.918244      
558             10.473000       126.728226      10.615211       0.020117        11.938361      
559             10.473000       126.938890      10.614972       0.020115        11.958476      
560             10.473000       127.149534      10.614734       0.020113        11.978589      
561             10.473000       127.360083      10.614496       0.020104        11.998693      
562             10.473000       127.570978      10.614259       0.020137        12.018830      
563             10.473000       127.785936      10.614018       0.020525        12.039355      
564             10.473000       128.034890      10.613741       0.023771        12.063126      
565             10.473000       128.247188      10.613504       0.020271        12.083397      
566             10.473000       128.459318      10.613269       0.020255        12.103652      
567             10.473000       128.671826      10.613035       0.020291        12.123943      
568             10.473000       128.884449      10.612800       0.020302        12.144245      
569             10.473000       129.097009      10.612567       0.020296        12.164541      
570             10.473000       129.309600      10.612335       0.020299        12.184840      
571             10.473000       129.521972      10.612103       0.020278        12.205118      
572             10.473000       129.735192      10.611872       0.020359        12.225477      
573             10.473000       129.951354      10.611637       0.020640        12.246117      
574             10.473000       130.163600      10.611408       0.020266        12.266383      
575             10.498000       130.375471      10.611222       0.020182        12.286565      
576             10.498000       130.612432      10.611015       0.022572        12.309137      
577             10.498000       130.827903      10.610826       0.020525        12.329662      
578             10.498000       131.041915      10.610640       0.020386        12.350048      
579             10.498000       131.255854      10.610455       0.020379        12.370427      
580             10.498000       131.466664      10.610272       0.020081        12.390508      
581             10.498000       131.677244      10.610091       0.020059        12.410567      
582             10.498000       131.888443      10.609909       0.020118        12.430685      
583             10.498000       132.099242      10.609729       0.020080        12.450765      
584             10.498000       132.310368      10.609549       0.020111        12.470876      
585             10.498000       132.521314      10.609369       0.020094        12.490970      
586             10.498000       132.732566      10.609190       0.020123        12.511093      
587             10.498000       132.974177      10.608986       0.023015        12.534108      
588             10.498000       133.185334      10.608808       0.020114        12.554222      
589             10.498000       133.396522      10.608631       0.020117        12.574339      
590             10.498000       133.608550      10.608454       0.020197        12.594536      
591             10.498000       133.821103      10.608276       0.020247        12.614783      
592             10.498000       134.065980      10.608073       0.023326        12.638109      
593             10.498000       134.277367      10.607898       0.020136        12.658245      
594             10.498000       134.527997      10.607691       0.023874        12.682119      
595             10.498000       134.908476      10.607378       0.036243        12.718362      
596             10.498000       135.169110      10.607165       0.024827        12.743189      
597             10.498000       135.473562      10.606917       0.029001        12.772190      
598             10.498000       135.735162      10.606705       0.024919        12.797109      
599             10.498000       135.946329      10.606535       0.020115        12.817224      
600             10.498000       136.157423      10.606365       0.020108        12.837332      
601             10.498000       136.368527      10.606195       0.020109        12.857441      
602             10.498000       136.579610      10.606026       0.020107        12.877548      
603             10.498000       136.790662      10.605858       0.020104        12.897652      
604             10.498000       137.001934      10.605690       0.020125        12.917777      
605             10.498000       137.216167      10.605520       0.020407        12.938184      
606             10.498000       137.477945      10.605313       0.024936        12.963120      
607             10.498000       137.690698      10.605146       0.020266        12.983386      
608             10.498000       137.903639      10.604978       0.020284        13.003670      
609             10.498000       138.116706      10.604812       0.020296        13.023966      
610             10.498000       138.359746      10.604622       0.023151        13.047117      
611             10.498000       138.572719      10.604457       0.020287        13.067404      
612             10.498000       138.785723      10.604292       0.020290        13.087694      
613             10.498000       138.998727      10.604127       0.020290        13.107984      
614             10.498000       139.210115      10.603964       0.020136        13.128120      
615             10.498000       139.423088      10.603801       0.020287        13.148407      
616             10.498000       139.636848      10.603637       0.020362        13.168769      
617             10.498000       139.848960      10.603475       0.020205        13.188974      
618             10.498000       140.062689      10.603313       0.020359        13.209333      
619             10.498000       140.278675      10.603149       0.020574        13.229907      
620             10.498000       140.493485      10.602987       0.020462        13.250369      
621             10.498000       140.707623      10.602825       0.020398        13.270767      
622             10.537000       140.920292      10.602725       0.020183        13.290950      
623             10.537000       141.131906      10.602626       0.020083        13.311033      
624             10.537000       141.343437      10.602527       0.020075        13.331108      
625             10.537000       141.554988      10.602429       0.020077        13.351185      
626             10.537000       141.768415      10.602330       0.020255        13.371440      
627             10.537000       141.981757      10.602231       0.020247        13.391687      
628             10.537000       142.218008      10.602122       0.022421        13.414108      
629             10.537000       142.430402      10.602024       0.020157        13.434265      
630             10.537000       142.642585      10.601927       0.020137        13.454402      
631             10.537000       142.854779      10.601830       0.020138        13.474540      
632             10.537000       143.066931      10.601733       0.020134        13.494674      
633             10.537000       143.279147      10.601637       0.020140        13.514814      
634             10.537000       143.491341      10.601540       0.020138        13.534952      
635             10.537000       143.704346      10.601444       0.020215        13.555167      
636             10.537000       143.946107      10.601335       0.022944        13.578111      
637             10.537000       144.295114      10.601179       0.033122        13.611233      
638             10.537000       144.536211      10.601071       0.022881        13.634114      
639             10.537000       144.832026      10.600939       0.028074        13.662188      
640             10.537000       145.105146      10.600818       0.025920        13.688108      
641             10.537000       145.318235      10.600724       0.020223        13.708331      
642             10.537000       145.530145      10.600631       0.020111        13.728442      
643             10.537000       145.741991      10.600538       0.020105        13.748547      
644             10.537000       145.953848      10.600445       0.020106        13.768653      
645             10.537000       146.165842      10.600352       0.020119        13.788772      
646             10.537000       146.378426      10.600260       0.020175        13.808947      
647             10.537000       146.593275      10.600167       0.020390        13.829337      
648             10.537000       146.897437      10.600035       0.028866        13.858203      
649             10.537000       147.122496      10.599938       0.021359        13.879562      
650             10.537000       147.336545      10.599846       0.020314        13.899876      
651             10.537000       147.549835      10.599755       0.020242        13.920118      
652             10.537000       147.763346      10.599663       0.020263        13.940381      
653             10.537000       147.976973      10.599572       0.020274        13.960655      
654             10.537000       148.213624      10.599472       0.022459        13.983114      
655             10.537000       148.427040      10.599382       0.020254        14.003368      
656             10.537000       148.639403      10.599292       0.020154        14.023522      
657             10.537000       148.853019      10.599202       0.020273        14.043795      
658             10.537000       149.068016      10.599112       0.020404        14.064199      
659             10.537000       149.281327      10.599022       0.020244        14.084443      
660             10.537000       149.500623      10.598931       0.020812        14.105255      
661             10.537000       149.717159      10.598841       0.020550        14.125805      
662             10.537000       149.962049      10.598739       0.023241        14.149046      
663             10.537000       150.174159      10.598652       0.020130        14.169176      
664             10.537000       150.386121      10.598564       0.020116        14.189292      
665             10.537000       150.598368      10.598477       0.020143        14.209435      
666             10.537000       150.810394      10.598390       0.020122        14.229557      
667             10.537000       151.022525      10.598303       0.020132        14.249689      
668             10.537000       151.248217      10.598211       0.021419        14.271108      
669             10.586000       151.461027      10.598194       0.020103        14.291211      
670             10.586000       151.673774      10.598177       0.020097        14.311308      
671             10.586000       151.886521      10.598160       0.020097        14.331405      
672             10.586000       152.099331      10.598143       0.020103        14.351508      
673             10.586000       152.312088      10.598126       0.020098        14.371606      
674             10.586000       152.524930      10.598109       0.020106        14.391712      
675             10.586000       152.737720      10.598092       0.020101        14.411813      
676             10.586000       152.950414      10.598075       0.020092        14.431905      
677             10.586000       153.172772      10.598058       0.021005        14.452910      
678             10.586000       153.525858      10.598030       0.033354        14.486264      
679             10.586000       153.747825      10.598012       0.020968        14.507232      
680             10.586000       154.029752      10.597990       0.026632        14.533864      
681             10.586000       154.307655      10.597969       0.026252        14.560116      
682             10.586000       154.547238      10.597950       0.022632        14.582748      
683             10.586000       154.773344      10.597933       0.021359        14.604107      
684             10.586000       154.986133      10.597916       0.020101        14.624208      
685             10.586000       155.198922      10.597900       0.020101        14.644309      
686             10.586000       155.411669      10.597884       0.020097        14.664406      
687             10.586000       155.624501      10.597867       0.020105        14.684511      
688             10.586000       155.839576      10.597851       0.020317        14.704828      
689             10.586000       156.057902      10.597834       0.020624        14.725452      
690             10.586000       156.308399      10.597815       0.023663        14.749115      
691             10.586000       156.527931      10.597799       0.020738        14.769853      
692             10.586000       156.742075      10.597783       0.020229        14.790082      
693             10.586000       156.956029      10.597767       0.020211        14.810293      
694             10.586000       157.169887      10.597751       0.020202        14.830495      
695             10.586000       157.383830      10.597735       0.020210        14.850705      
696             10.586000       157.597625      10.597719       0.020196        14.870901      
697             10.586000       157.811462      10.597703       0.020200        14.891101      
698             10.586000       158.024305      10.597687       0.020106        14.911207      
699             10.586000       158.237739      10.597671       0.020162        14.931369      
700             10.586000       158.451566      10.597655       0.020199        14.951568      
701             10.586000       158.665234      10.597640       0.020184        14.971752      
702             10.586000       158.895119      10.597623       0.021716        14.993468      
703             10.586000       159.134839      10.597605       0.022645        15.016113      
704             10.586000       159.349481      10.597590       0.020276        15.036389      
705             10.586000       159.563699      10.597574       0.020236        15.056625      
706             10.586000       159.776182      10.597559       0.020072        15.076697      
707             10.586000       159.988622      10.597543       0.020068        15.096765      
708             10.586000       160.201569      10.597528       0.020116        15.116881      
709             10.586000       160.414073      10.597513       0.020074        15.136955      
710             10.586000       160.659223      10.597495       0.023158        15.160113      
711             10.586000       160.873145      10.597480       0.020208        15.180321      
712             10.586000       161.086728      10.597465       0.020176        15.200497      
713             10.586000       161.300269      10.597449       0.020172        15.220669      
714             10.586000       161.513831      10.597434       0.020174        15.240843      
715             10.586000       161.727404      10.597419       0.020175        15.261018      
716             10.561000       161.940546      10.597371       0.020182        15.281200      
717             10.561000       162.153540      10.597323       0.020168        15.301368      
718             10.561000       162.366281      10.597275       0.020144        15.321512      
719             10.561000       162.594779      10.597224       0.021636        15.343148      
720             10.561000       162.891078      10.597158       0.028056        15.371204      
721             10.561000       163.124614      10.597106       0.022113        15.393317      
722             10.561000       163.397816      10.597046       0.025869        15.419186      
723             10.561000       163.638871      10.596992       0.022825        15.442011      
724             10.561000       163.872237      10.596941       0.022097        15.464108      
725             10.561000       164.084735      10.596894       0.020121        15.484229      
726             10.561000       164.297613      10.596847       0.020157        15.504386      
727             10.561000       164.510016      10.596801       0.020112        15.524498      
728             10.561000       164.722398      10.596755       0.020110        15.544608      
729             10.561000       164.934885      10.596708       0.020120        15.564728      
730             10.561000       165.147446      10.596662       0.020127        15.584855      
731             10.561000       165.370305      10.596614       0.021102        15.605957      
732             10.561000       165.646623      10.596555       0.026164        15.632121      
733             10.561000       165.899992      10.596500       0.023991        15.656112      
734             10.561000       166.114369      10.596454       0.020299        15.676411      
735             10.561000       166.328694      10.596408       0.020294        15.696705      
736             10.561000       166.542935      10.596363       0.020286        15.716991      
737             10.561000       166.757291      10.596317       0.020297        15.737288      
738             10.561000       166.971584      10.596271       0.020291        15.757579      
739             10.561000       167.185878      10.596226       0.020291        15.777870      
740             10.561000       167.398619      10.596181       0.020144        15.798014      
741             10.561000       167.613186      10.596136       0.020317        15.818331      
742             10.561000       167.828557      10.596091       0.020393        15.838724      
743             10.561000       168.042111      10.596046       0.020221        15.858945      
744             10.561000       168.260702      10.596000       0.020698        15.879643      
745             10.561000       168.498124      10.595951       0.022481        15.902124      
746             10.561000       168.714276      10.595906       0.020467        15.922591      
747             10.561000       168.930133      10.595861       0.020439        15.943030      
748             10.561000       169.142979      10.595817       0.020154        15.963184      
749             10.561000       169.354801      10.595773       0.020057        15.983241      
750             10.561000       169.567383      10.595730       0.020129        16.003370      
751             10.561000       169.779944      10.595686       0.020127        16.023497      
752             10.561000       170.018750      10.595637       0.022612        16.046109      
753             10.561000       170.231216      10.595594       0.020118        16.066227      
754             10.561000       170.443587      10.595551       0.020109        16.086336      
755             10.561000       170.655948      10.595507       0.020108        16.106444      
756             10.561000       170.868308      10.595464       0.020108        16.126552      
757             10.561000       171.080690      10.595422       0.020110        16.146662      
758             10.561000       171.293188      10.595379       0.020121        16.166783      
759             10.561000       171.539513      10.595329       0.023324        16.190107      
760             10.561000       171.751768      10.595287       0.020098        16.210205      
761             10.561000       171.972281      10.595242       0.020880        16.231085      
762             10.561000       172.221236      10.595193       0.023573        16.254658      
763             10.521000       172.542431      10.595054       0.030529        16.285187      
764             10.521000       172.817745      10.594935       0.026168        16.311355      
765             10.521000       173.068629      10.594827       0.023846        16.335201      
766             10.521000       173.362228      10.594701       0.027906        16.363107      
767             10.521000       173.573731      10.594611       0.020103        16.383210      
768             10.521000       173.785182      10.594520       0.020098        16.403308      
769             10.521000       173.997033      10.594430       0.020136        16.423444      
770             10.521000       174.208495      10.594341       0.020099        16.443543      
771             10.521000       174.425280      10.594249       0.020605        16.464148      
772             10.521000       174.642318      10.594157       0.020629        16.484777      
773             10.521000       174.908888      10.594045       0.025337        16.510114      
774             10.556000       175.128221      10.593997       0.020778        16.530892      
775             10.556000       175.344999      10.593950       0.020536        16.551428      
776             10.556000       175.558156      10.593904       0.020193        16.571621      
777             10.563000       175.771455      10.593866       0.020193        16.591814      
778             10.563000       175.984701      10.593829       0.020188        16.612002      
779             10.563000       176.197915      10.593791       0.020185        16.632187      
780             10.563000       176.411150      10.593754       0.020187        16.652374      
781             10.563000       176.624333      10.593717       0.020182        16.672556      
782             10.574000       176.836997      10.593693       0.020112        16.692668      
783             10.574000       177.050761      10.593669       0.020216        16.712884      
784             10.574000       177.265286      10.593645       0.020288        16.733172      
785             10.574000       177.478310      10.593622       0.020146        16.753318      
786             10.574000       177.694580      10.593598       0.020453        16.773771      
787             10.579000       177.909588      10.593580       0.020324        16.794095      
788             10.579000       178.123897      10.593562       0.020258        16.814353      
789             10.579000       178.337783      10.593545       0.020218        16.834571      
790             10.579000       178.550665      10.593528       0.020123        16.854694      
791             10.579000       178.763673      10.593510       0.020135        16.874829      
792             10.575000       178.975754      10.593488       0.020055        16.894884      
793             10.575000       179.187963      10.593466       0.020067        16.914951      
794             10.575000       179.443413      10.593440       0.024156        16.939107      
795             10.575000       179.656382      10.593418       0.020139        16.959246      
796             10.575000       179.869056      10.593396       0.020111        16.979357      
797             10.564000       180.081467      10.593361       0.020107        16.999464      
798             10.564000       180.310114      10.593324       0.021644        17.021108      
799             10.564000       180.522566      10.593290       0.020111        17.041219      
800             10.564000       180.734966      10.593255       0.020106        17.061325      
801             10.572000       180.947495      10.593230       0.020103        17.081428      
802             10.572000       181.159950      10.593205       0.020096        17.101524      
803             10.572000       181.372426      10.593180       0.020098        17.121622      
804             10.572000       181.702643      10.593142       0.031235        17.152857      
805             10.576000       182.000410      10.593113       0.028155        17.181012      
806             10.576000       182.265857      10.593089       0.025099        17.206111      
807             10.576000       182.507191      10.593066       0.022819        17.228930      
808             10.576000       182.752332      10.593043       0.023179        17.252109      
809             10.576000       182.965290      10.593023       0.020136        17.272245      
810             10.580000       183.178202      10.593008       0.020124        17.292369      
811             10.580000       183.391410      10.592993       0.020152        17.312521      
812             10.580000       183.604428      10.592978       0.020134        17.332655      
813             10.580000       183.817509      10.592963       0.020140        17.352795      
814             10.580000       184.035055      10.592947       0.020562        17.373357      
815             10.606000       184.252807      10.592963       0.020531        17.393888      
816             10.606000       184.509811      10.592981       0.024232        17.418120      
817             10.606000       184.731646      10.592996       0.020916        17.439036      
818             10.606000       184.948115      10.593012       0.020410        17.459446      
819             10.605000       185.164128      10.593026       0.020369        17.479815      
820             10.605000       185.380078      10.593040       0.020363        17.500178      
821             10.605000       185.596049      10.593053       0.020365        17.520543      
822             10.605000       185.824788      10.593068       0.021569        17.542112      
823             10.605000       186.040695      10.593082       0.020359        17.562471      
824             10.605000       186.254651      10.593096       0.020175        17.582646      
825             10.605000       186.472923      10.593110       0.020582        17.603228      
826             10.605000       186.715618      10.593125       0.022885        17.626113      
827             10.605000       186.930465      10.593139       0.020259        17.646372      
828             10.605000       187.152385      10.593153       0.020926        17.667298      
829             10.605000       187.383914      10.593167       0.021832        17.689130      
830             10.605000       187.600998      10.593181       0.020470        17.709600      
831             10.605000       187.815993      10.593195       0.020273        17.729873      
832             10.605000       188.029196      10.593208       0.020104        17.749977      
833             10.605000       188.242802      10.593221       0.020142        17.770119      
834             10.605000       188.456228      10.593235       0.020125        17.790244      
835             10.605000       188.670152      10.593248       0.020172        17.810416      
836             10.605000       188.910864      10.593263       0.022698        17.833114      
837             10.605000       189.125138      10.593276       0.020205        17.853319      
838             10.605000       189.339635      10.593289       0.020226        17.873545      
839             10.605000       189.579000      10.593304       0.022571        17.896116      
840             10.605000       189.793423      10.593317       0.020219        17.916335      
841             10.605000       190.007612      10.593331       0.020197        17.936532      
842             10.605000       190.221791      10.593344       0.020196        17.956728      
843             10.605000       190.435821      10.593357       0.020182        17.976910      
844             10.605000       190.649480      10.593370       0.020147        17.997057      
845             10.605000       190.863181      10.593383       0.020151        18.017208      
846             10.605000       191.263180      10.593407       0.037718        18.054926      
847             10.605000       191.531116      10.593423       0.025265        18.080191      
848             10.605000       191.817461      10.593441       0.027001        18.107192      
849             10.605000       192.124126      10.593459       0.028917        18.136109      
850             10.605000       192.337488      10.593472       0.020119        18.156228      
851             10.605000       192.550829      10.593484       0.020117        18.176345      
852             10.605000       192.764148      10.593497       0.020115        18.196460      
853             10.605000       192.977447      10.593510       0.020113        18.216573      
854             10.605000       193.190978      10.593523       0.020135        18.236708      
855             10.605000       193.404521      10.593535       0.020136        18.256844      
856             10.605000       193.621573      10.593548       0.020467        18.277311      
857             10.605000       193.863537      10.593562       0.022816        18.300127      
858             10.605000       194.096783      10.593576       0.021994        18.322121      
859             10.605000       194.312394      10.593589       0.020331        18.342452      
860             10.605000       194.527898      10.593601       0.020321        18.362773      
861             10.605000       194.743413      10.593614       0.020322        18.383095      
862             10.605000       194.958938      10.593627       0.020323        18.403418      
863             10.605000       195.174326      10.593639       0.020310        18.423728      
864             10.605000       195.398770      10.593652       0.021164        18.444892      
865             10.605000       195.634519      10.593666       0.022230        18.467122      
866             10.592000       195.848901      10.593664       0.020240        18.487362      
867             10.592000       196.062192      10.593662       0.020137        18.507499      
868             10.592000       196.275864      10.593660       0.020173        18.527672      
869             10.592000       196.489399      10.593659       0.020160        18.547832      
870             10.592000       196.705296      10.593657       0.020383        18.568215      
871             10.592000       196.919869      10.593655       0.020258        18.588473      
872             10.592000       197.134028      10.593653       0.020219        18.608692      
873             10.592000       197.347245      10.593651       0.020130        18.628822      
874             10.592000       197.559827      10.593650       0.020070        18.648892      
875             10.592000       197.772249      10.593648       0.020055        18.668947      
876             10.592000       197.984788      10.593646       0.020066        18.689013      
877             10.592000       198.198260      10.593644       0.020154        18.709167      
