#timestep       power           acc-energy      avg-power       dt              acc-time       
1               190.637000      3.847627        190.637000      0.020183        0.020183       
2               190.637000      7.758926        190.637000      0.020517        0.040700       
3               190.637000      11.649827       190.637000      0.020410        0.061110       
4               222.702000      16.142840       198.595558      0.020175        0.081285       
5               222.702000      20.639639       203.392283      0.020192        0.101477       
6               222.702000      25.133765       206.595305      0.020180        0.121657       
7               222.702000      29.625442       208.885830      0.020169        0.141826       
8               222.702000      34.114891       210.605249      0.020159        0.161985       
9               257.050000      39.305759       215.753512      0.020194        0.182179       
