#timestep       power           acc-energy      avg-power       dt              acc-time       
1               218.649000      4.412993        218.649000      0.020183        0.020183       
2               218.649000      8.896609        218.649000      0.020506        0.040689       
3               218.649000      13.337589       218.649000      0.020311        0.061000       
4               218.649000      17.784472       218.649000      0.020338        0.081338       
5               218.649000      22.224140       218.649000      0.020305        0.101643       
6               280.323000      27.915818       228.917632      0.020304        0.121947       
7               280.323000      33.607497       236.254906      0.020304        0.142251       
8               280.323000      39.299175       241.759250      0.020304        0.162555       
9               280.323000      45.020287       246.060903      0.020409        0.182964       
