#timestep       power           acc-energy      avg-power       dt              acc-time       
1               13.951000       0.281573        13.951000       0.020183        0.020183       
2               19.040000       0.672483        16.517249       0.020531        0.040714       
3               19.040000       1.059110        17.356760       0.020306        0.061020       
4               19.040000       1.445717        17.777027       0.020305        0.081325       
5               19.040000       1.832362        18.029380       0.020307        0.101632       
6               19.040000       2.219407        18.197828       0.020328        0.121960       
7               33.275000       2.895222        20.350196       0.020310        0.142270       
8               33.275000       3.571703        21.966194       0.020330        0.162600       
9               33.275000       4.249249        23.224761       0.020362        0.182962       
