#timestep       power           acc-energy      avg-power       dt              acc-time       
1               330.662000      6.676727        330.662000      0.020192        0.020192       
2               330.662000      13.461581       330.662000      0.020519        0.040711       
3               323.181000      20.023125       328.172625      0.020303        0.061014       
4               323.181000      26.585961       326.926146      0.020307        0.081321       
5               323.181000      33.152353       326.177478      0.020318        0.101639       
6               323.181000      39.714866       325.678511      0.020306        0.121945       
7               323.181000      46.278349       325.321952      0.020309        0.142254       
8               307.900000      52.529643       323.145990      0.020303        0.162557       
9               307.900000      58.793868       321.450111      0.020345        0.182902       
