#timestep       power           acc-energy      avg-power       dt              acc-time       
1               250.462000      5.056577        250.462000      0.020189        0.020189       
2               250.462000      10.195557       250.462000      0.020518        0.040707       
3               250.462000      15.252885       250.462000      0.020192        0.060899       
4               250.462000      20.307459       250.462000      0.020181        0.081080       
5               250.462000      25.367292       250.462000      0.020202        0.101282       
6               233.485000      30.075284       247.643264      0.020164        0.121446       
7               233.485000      34.784910       245.626653      0.020171        0.141617       
8               233.485000      39.497804       244.111967      0.020185        0.161802       
9               233.485000      44.232180       242.928508      0.020277        0.182079       
