#timestep       power           acc-energy      avg-power       dt              acc-time       
1               251.807000      5.081969        251.807000      0.020182        0.020182       
2               251.807000      10.224875       251.807000      0.020424        0.040606       
3               242.575000      15.149875       248.729667      0.020303        0.060909       
4               242.575000      20.080455       247.189693      0.020326        0.081235       
5               242.575000      25.012004       246.265982      0.020330        0.101565       
6               242.575000      29.937490       245.651020      0.020305        0.121870       
7               242.575000      34.863218       245.211694      0.020306        0.142176       
8               225.257000      39.437512       242.717772      0.020307        0.162483       
9               225.257000      44.025321       240.772879      0.020367        0.182850       
