#timestep       power           acc-energy      avg-power       dt              acc-time       
1               112.194000      2.264972        112.194000      0.020188        0.020188       
2               112.194000      4.554852        112.194000      0.020410        0.040598       
3               112.194000      6.832727        112.194000      0.020303        0.060901       
4               107.971000      9.025726        111.137834      0.020311        0.081212       
5               107.971000      11.221964       110.503519      0.020341        0.101553       
6               107.971000      13.416582       110.081166      0.020326        0.121879       
7               107.971000      15.610229       109.779665      0.020317        0.142196       
8               107.971000      17.805280       109.553423      0.020330        0.162526       
9               104.409000      19.932091       108.980464      0.020370        0.182896       
