#timestep       power           acc-energy      avg-power       dt              acc-time       
1               18.299000       0.367316        18.299000       0.020073        0.020073       
2               18.299000       0.742866        18.299000       0.020523        0.040596       
3               18.299000       1.114537        18.299000       0.020311        0.060907       
4               18.299000       1.486355        18.299000       0.020319        0.081226       
5               37.100000       2.240115        22.060755       0.020317        0.101543       
6               37.100000       2.993728        24.567749       0.020313        0.121856       
7               37.100000       3.747340        26.358347       0.020313        0.142169       
8               37.100000       4.500952        27.701236       0.020313        0.162482       
9               37.100000       5.255863        28.747268       0.020348        0.182830       
