#timestep       power           acc-energy      avg-power       dt              acc-time       
1               266.786000      5.400015        266.786000      0.020241        0.020241       
2               266.786000      10.840316       266.786000      0.020392        0.040633       
3               266.786000      16.263808       266.786000      0.020329        0.060962       
4               252.050000      21.387228       263.101139      0.020327        0.081289       
5               252.050000      26.505608       260.892238      0.020307        0.101596       
6               252.050000      31.624491       259.419148      0.020309        0.121905       
7               252.050000      36.743375       258.366790      0.020309        0.142214       
8               252.050000      41.862510       257.577405      0.020310        0.162524       
9               235.191000      46.643708       255.088558      0.020329        0.182853       
