#timestep       power           acc-energy      avg-power       dt              acc-time       
1               251.308000      5.043752        251.308000      0.020070        0.020070       
2               251.308000      10.131482       251.308000      0.020245        0.040315       
3               251.308000      15.216197       251.308000      0.020233        0.060548       
4               251.308000      20.322021       251.308000      0.020317        0.080865       
5               243.331000      25.266264       249.706120      0.020319        0.101184       
6               243.331000      30.215373       248.639132      0.020339        0.121523       
7               243.331000      35.156939       247.879090      0.020308        0.141831       
8               243.331000      40.106778       247.308605      0.020342        0.162173       
9               249.048000      45.177396       247.502620      0.020360        0.182533       
