#timestep       power           acc-energy      avg-power       dt              acc-time       
1               60.690000       1.226241        60.690000       0.020205        0.020205       
2               60.690000       2.475302        60.690000       0.020581        0.040786       
3               60.690000       3.707916        60.690000       0.020310        0.061096       
4               60.690000       4.941198        60.690000       0.020321        0.081417       
5               71.608000       6.401285        62.876667       0.020390        0.101807       
6               71.608000       7.847194        64.321786       0.020192        0.121999       
7               71.608000       9.299619        65.360472       0.020283        0.142282       
8               71.608000       10.743379       66.135894       0.020162        0.162444       
9               71.608000       12.192582       66.742108       0.020238        0.182682       
