#timestep       power           acc-energy      avg-power       dt              acc-time       
1               318.953000      6.437747        318.953000      0.020184        0.020184       
2               321.149000      13.025477       320.059876      0.020513        0.040697       
3               321.149000      19.545444       320.422364      0.020302        0.060999       
4               321.149000      26.066053       320.603829      0.020304        0.081303       
5               321.149000      32.591801       320.712838      0.020320        0.101623       
6               321.149000      39.113374       320.785479      0.020307        0.121930       
7               305.059000      45.309732       318.539756      0.020312        0.142242       
8               305.059000      51.503345       316.855916      0.020303        0.162545       
9               305.059000      57.707940       315.543950      0.020339        0.182884       
