#timestep       power           acc-energy      avg-power       dt              acc-time       
1               171.901000      3.469478        171.901000      0.020183        0.020183       
2               218.804000      7.952991        195.530084      0.020491        0.040674       
3               218.804000      12.398650       203.283223      0.020318        0.060992       
4               218.804000      16.845185       207.162176      0.020322        0.081314       
5               218.804000      21.291720       209.489945      0.020322        0.101636       
6               218.804000      25.749195       211.045138      0.020372        0.122008       
7               256.344000      30.929907       217.482368      0.020210        0.142218       
8               256.344000      36.099341       222.308482      0.020166        0.162384       
9               256.344000      41.280053       226.075626      0.020210        0.182594       
