1               101.464568      2.050903        101.464568      0.020213        0.020213       
2               117.302612      4.717896        109.848786      0.022736        0.042949       
3               111.753831      6.976440        110.458374      0.020210        0.063159       
4               117.557131      9.653687        112.339689      0.022774        0.085933       
5               247.085891      14.610229       137.841456      0.020060        0.105993       
6               166.971381      17.960510       142.478147      0.020065        0.126058       
7               107.071487      20.109863       137.614371      0.020074        0.146132       
8               151.225879      23.145874       139.258483      0.020076        0.166208       
9               120.373249      26.003174       136.898438      0.023737        0.189945       
10              157.518028      29.164246       138.868763      0.020068        0.210013       
11              185.700253      32.894592       142.957190      0.020088        0.230101       
12              118.059848      35.413635       140.844404      0.021337        0.251438       
13              145.061447      38.326904       141.156317      0.020083        0.271521       
14              153.959023      41.417786       142.037763      0.020076        0.291597       
15              128.215138      43.994141       141.146650      0.020094        0.311691       
16              107.657587      46.155151       139.120433      0.020073        0.331764       
17              123.232192      48.628052       138.214233      0.020067        0.351831       
18              106.742445      50.773682       136.513346      0.020101        0.371932       
19              119.115380      53.165161       135.622297      0.020077        0.392009       
20              238.770919      57.955383       140.644169      0.020062        0.412071       
21              161.175141      61.190491       141.597783      0.020072        0.432143       
22              97.545006       63.149292       139.641620      0.020081        0.452224       
23              140.011281      65.960999       139.657338      0.020082        0.472306       
24              145.813478      68.884705       139.908044      0.020051        0.492357       
25              118.576563      71.561096       138.973014      0.022571        0.514928       
26              208.773949      75.756409       141.594677      0.020095        0.535023       
27              121.132058      78.191284       140.853727      0.020101        0.555124       
28              124.109782      80.683533       140.269178      0.020081        0.575205       
29              150.604733      83.714905       140.618620      0.020128        0.595333       
30              135.399376      86.438599       140.448028      0.020116        0.615449       
31              113.679004      88.723206       139.601548      0.020097        0.635546       
32              108.440749      90.900696       138.647180      0.020080        0.655626       
33              111.535910      93.142456       137.840773      0.020099        0.675725       
34              99.779687       95.148926       136.740840      0.020109        0.695834       
35              187.039690      98.903748       138.151284      0.020075        0.715909       
36              226.365260      103.434448      140.550448      0.020015        0.735924       
37              111.408146      105.681885      139.772919      0.020173        0.756097       
38              134.366435      108.885315      139.607655      0.023841        0.779938       
39              137.228775      111.640320      139.547958      0.020076        0.800014       
40              107.100285      113.790894      138.753476      0.020080        0.820094       
41              229.402549      118.395691      140.919235      0.020073        0.840167       
42              119.468675      120.794861      140.418484      0.020082        0.860249       
43              131.343207      123.432495      140.211460      0.020082        0.880331       
44              139.223057      126.247864      140.189266      0.020222        0.900553       
45              152.497001      129.320068      140.458574      0.020146        0.920699       
46              112.923545      131.588928      139.870522      0.020092        0.940791       
47              120.848515      134.015808      139.472967      0.020082        0.960873       
48              120.020012      136.427490      139.074495      0.020094        0.980967       
49              101.013973      138.458679      138.309996      0.020108        1.001075       
50              188.961487      142.251892      139.305716      0.020074        1.021149       
51              225.793567      146.781311      140.971996      0.020060        1.041209       
52              121.462877      149.222229      140.602587      0.020096        1.061305       
53              128.444535      151.802551      140.376728      0.020089        1.081394       
54              143.501948      154.682922      140.433679      0.020072        1.101466       
55              131.684065      157.324768      140.277165      0.020062        1.121528       
56              117.138271      159.677490      139.870070      0.020085        1.141613       
57              196.349548      163.622742      140.846946      0.020093        1.161706       
58              121.396260      166.063049      140.516098      0.020102        1.181808       
59              124.037423      168.553101      140.240856      0.020075        1.201883       
60              151.389067      171.593750      140.424095      0.020085        1.221968       
61              137.031339      174.346436      140.369223      0.020088        1.242056       
62              109.828017      176.551453      139.883398      0.020077        1.262133       
63              125.253090      179.066284      139.654304      0.020078        1.282211       
64              103.088208      181.308350      139.044411      0.021749        1.303960       
65              142.844162      184.175232      139.102008      0.020070        1.324030       
66              236.253735      188.914246      140.551887      0.020059        1.344089       
67              155.723394      192.041016      140.775195      0.020079        1.364168       
68              113.077834      194.311279      140.373474      0.020077        1.384245       
69              141.742198      197.155762      140.393033      0.020068        1.404313       
70              122.253761      199.677612      140.130442      0.020628        1.424941       
71              153.139880      202.750977      140.311123      0.020069        1.445010       
72              188.022806      206.527039      140.965139      0.020083        1.465093       
73              127.532839      209.090576      140.783343      0.020101        1.485194       
74              130.721921      211.717041      140.649047      0.020092        1.505286       
75              132.399900      214.375366      140.540465      0.020078        1.525364       
76              140.026658      217.186401      140.533791      0.020075        1.545439       
77              109.034560      219.529663      140.101768      0.021491        1.566930       
78              123.125579      222.000793      139.887078      0.020070        1.587000       
79              106.225348      224.135498      139.466154      0.020096        1.607096       
80              126.344841      226.671997      139.304264      0.020076        1.627172       
81              269.165009      232.071716      140.885786      0.020061        1.647233       
82              146.571174      235.019409      140.954362      0.020111        1.667344       
83              107.897207      237.187927      140.560640      0.020098        1.687442       
84              145.156810      240.102966      140.614695      0.020082        1.707524       
85              125.465087      242.915894      140.418357      0.022420        1.729944       
86              162.606387      246.180542      140.672907      0.020077        1.750021       
87              175.611413      249.714722      141.070127      0.020125        1.770146       
88              114.768933      252.021118      140.774889      0.020096        1.790242       
89              133.751042      254.707642      140.696957      0.020086        1.810328       
90              145.167479      257.633057      140.746174      0.020152        1.830480       
91              144.639056      260.541748      140.788477      0.020110        1.850590       
92              109.745935      262.745117      140.455312      0.020077        1.870667       
93              124.862055      265.251099      140.289791      0.020070        1.890737       
94              109.669509      267.455017      139.967761      0.020096        1.910833       
95              107.310952      269.609070      139.628273      0.020073        1.930906       
96              260.926817      274.832825      140.873013      0.020020        1.950926       
97              169.687447      278.245239      141.167000      0.020110        1.971036       
98              110.272450      280.896851      140.794639      0.024046        1.995082       
99              144.562075      283.795898      140.832132      0.020054        2.015136       
100             123.090399      286.270508      140.656880      0.020104        2.035240       
101             161.611563      289.515991      140.861622      0.020082        2.055322       
102             175.424845      293.042908      141.196442      0.020105        2.075427       
103             128.605782      295.628784      141.075632      0.020107        2.095534       
104             126.128178      298.161438      140.933761      0.020080        2.115614       
105             142.428541      301.020264      140.947810      0.020072        2.135686       
106             143.925032      303.910278      140.975541      0.020080        2.155766       
107             108.701112      306.093323      140.677649      0.020083        2.175849       
108             125.503559      308.612305      140.538956      0.020071        2.195920       
109             104.512379      310.712585      140.212248      0.020096        2.216016       
110             104.361606      312.808167      139.890312      0.020080        2.236096       
111             255.484895      317.933960      140.918242      0.020063        2.256159       
112             180.795373      321.564331      141.270021      0.020080        2.276239       
113             98.306562       323.538818      140.894237      0.020085        2.296324       
114             143.852523      326.428528      140.919892      0.020088        2.316412       
115             133.637300      329.112366      140.857295      0.020083        2.336495       
116             119.932835      331.519897      140.679054      0.020074        2.356569       
117             214.692960      335.837158      141.305283      0.020109        2.376678       
118             134.466040      338.542480      141.247874      0.020119        2.396797       
119             129.743702      341.152405      141.152125      0.020116        2.416913       
120             133.010948      343.828186      141.084921      0.020117        2.437030       
121             138.764285      346.618042      141.065933      0.020105        2.457135       
122             116.212299      348.952515      140.864393      0.020088        2.477223       
123             110.743637      351.176025      140.622226      0.020078        2.497301       
124             117.116919      353.529724      140.434577      0.020097        2.517398       
125             101.769806      355.574890      140.128367      0.020096        2.537494       
126             206.059797      359.710510      140.645751      0.020070        2.557564       
127             212.224889      363.967529      141.202778      0.020059        2.577623       
128             111.765636      366.213013      140.975108      0.020091        2.597714       
129             132.699262      368.877747      140.911625      0.020081        2.617795       
130             147.234433      371.851440      140.960033      0.020197        2.637992       
131             103.786506      373.936096      140.679128      0.020086        2.658078       
132             228.627434      378.529907      141.338961      0.020093        2.678171       
133             120.846329      380.958435      141.186337      0.020096        2.698267       
134             131.807994      383.607117      141.117010      0.020095        2.718362       
135             143.289768      386.487671      141.132960      0.020103        2.738465       
136             153.813447      389.582397      141.225446      0.020120        2.758585       
137             107.608143      391.744568      140.982355      0.020093        2.778678       
138             111.615568      393.985474      140.771691      0.020077        2.798755       
139             126.509509      396.530212      140.669918      0.020115        2.818870       
140             100.548508      398.550232      140.385998      0.020090        2.838960       
141             187.031351      402.304138      140.713458      0.020071        2.859031       
142             222.765084      406.772583      141.285122      0.020059        2.879090       
143             121.614395      409.214722      141.148874      0.020081        2.899171       
144             127.995967      411.784241      141.058424      0.020075        2.919246       
145             143.267004      414.659180      141.073502      0.020067        2.939313       
146             114.710968      416.963379      140.894566      0.020087        2.959400       
147             210.190693      421.186951      141.361906      0.020094        2.979494       
148             140.916682      424.020081      141.358922      0.020105        2.999599       
149             108.423624      426.199829      141.139652      0.020104        3.019703       
150             145.178298      429.122559      141.166398      0.020132        3.039835       
151             140.924311      431.958801      141.164806      0.020126        3.059961       
152             121.593380      434.401855      141.037137      0.020092        3.080053       
153             107.503827      436.560425      140.819947      0.020079        3.100132       
154             121.556953      439.002869      140.695901      0.020093        3.120225       
155             103.139460      441.077209      140.455375      0.020112        3.140337       
156             163.207394      444.353271      140.599881      0.020073        3.160410       
157             241.600156      449.200012      141.236946      0.020061        3.180471       
158             122.058161      451.652405      141.116549      0.020092        3.200563       
159             114.134709      453.944458      140.948306      0.020082        3.220645       
160             142.756847      456.810730      140.959511      0.020078        3.240723       
161             123.094658      459.282471      140.849500      0.020080        3.260803       
162             166.834900      462.631348      141.008483      0.020073        3.280876       
163             170.539943      466.057495      141.188214      0.020090        3.300966       
164             121.377594      468.495850      141.068380      0.020089        3.321055       
165             132.288649      471.169006      141.015283      0.020207        3.341262       
166             140.498492      474.507812      141.011633      0.023764        3.365026       
167             134.510696      477.216858      140.972956      0.020140        3.385166       
168             109.818342      479.424316      140.789053      0.020101        3.405267       
169             132.324949      482.080078      140.739460      0.020070        3.425337       
170             96.385089       484.257996      140.448784      0.022596        3.447933       
171             158.172747      487.433472      140.551386      0.020076        3.468009       
172             249.053211      492.436951      141.176311      0.020090        3.488099       
173             131.346487      495.069397      141.120154      0.020042        3.508141       
174             124.830956      497.575378      141.027471      0.020075        3.528216       
175             143.729419      500.461609      141.042762      0.020081        3.548297       
176             115.494912      502.781555      140.898949      0.020087        3.568384       
177             175.454026      506.302917      141.092213      0.020070        3.588454       
178             172.871775      509.781616      141.269430      0.020123        3.608577       
179             124.112403      512.278137      141.174323      0.020115        3.628692       
180             147.214394      515.239502      141.207622      0.020116        3.648808       
181             129.750433      517.854492      141.144687      0.020154        3.668962       
182             132.925192      520.525757      141.099911      0.020096        3.689058       
183             104.659497      522.626587      140.902704      0.020073        3.709131       
184             118.545837      525.005920      140.782377      0.020071        3.729202       
185             99.568173       527.007141      140.561438      0.020099        3.749301       
186             138.300538      530.274353      140.547282      0.023624        3.772925       
187             242.458135      535.138306      141.086285      0.020061        3.792986       
188             146.491058      538.081604      141.114765      0.020092        3.813078       
189             109.802489      540.286438      140.950735      0.020080        3.833158       
190             149.364631      543.284485      140.994564      0.020072        3.853230       
191             122.118953      545.736267      140.896724      0.020077        3.873307       
192             165.194564      549.051392      141.021965      0.020068        3.893375       
193             172.666243      552.522156      141.184501      0.020101        3.913476       
194             124.311528      555.020569      141.098291      0.020098        3.933574       
195             138.551984      557.814331      141.085305      0.020164        3.953738       
196             144.308726      560.720276      141.101639      0.020137        3.973875       
197             135.917603      563.447327      141.075596      0.020064        3.993939       
198             112.516085      565.705750      140.932785      0.020072        4.014011       
199             120.698497      568.127686      140.832137      0.020066        4.034077       
200             107.137374      570.279968      140.665175      0.020089        4.054166       
201             117.069974      572.629211      140.548960      0.020067        4.074233       
202             242.281393      577.488892      141.047349      0.020058        4.094291       
203             175.698525      581.020081      141.216613      0.020098        4.114389       
204             103.106165      583.092102      141.031374      0.020096        4.134485       
205             141.943284      585.942749      141.035783      0.020083        4.154568       
206             135.595873      588.666870      141.009604      0.020090        4.174658       
207             135.735671      591.392578      140.984356      0.020081        4.194739       
208             203.497063      595.484497      141.282589      0.020108        4.214847       
209             116.319898      597.822876      141.164093      0.020103        4.234950       
210             139.359097      600.620789      141.155576      0.020077        4.255027       
211             142.409293      603.484070      141.161473      0.020106        4.275133       
212             148.751751      606.474426      141.196997      0.020103        4.295236       
213             107.804762      608.639038      141.041625      0.020079        4.315315       
214             120.826311      611.063660      140.948055      0.020067        4.335382       
215             111.105024      613.300537      140.810108      0.020133        4.355515       
216             106.531441      615.442139      140.652621      0.020103        4.375618       
217             237.207576      620.203369      141.093519      0.020072        4.395690       
218             192.086052      624.062378      141.325514      0.020090        4.415780       
219             100.157686      626.074646      141.139056      0.020091        4.435871       
220             146.752060      629.019226      141.164331      0.020065        4.455936       
221             134.037156      631.710022      141.132366      0.020075        4.476011       
222             107.206088      633.861755      140.980915      0.020071        4.496082       
223             224.754309      638.378418      141.353688      0.020096        4.516178       
224             120.946332      640.808472      141.263300      0.020092        4.536270       
225             131.769333      643.455322      141.221446      0.020087        4.556357       
226             140.342912      646.276917      141.217586      0.020105        4.576462       
227             145.051750      649.196228      141.234374      0.020126        4.596588       
228             116.161529      651.530029      141.125261      0.020091        4.616679       
229             118.270813      653.904907      141.026287      0.020080        4.636759       
230             117.328598      656.263916      140.923973      0.020106        4.656865       
231             102.848172      658.330444      140.760393      0.020093        4.676958       
232             181.433356      661.972900      140.934236      0.020076        4.697034       
233             234.675003      666.680481      141.332880      0.020060        4.717094       
234             117.704804      669.046936      141.232601      0.020105        4.737199       
235             126.661318      671.591309      141.171073      0.020088        4.757287       
236             147.584261      674.552734      141.198010      0.020066        4.777353       
237             107.237976      676.705322      141.055917      0.020073        4.797426       
238             220.650361      681.134216      141.387545      0.020072        4.817498       
239             127.444611      683.697510      141.329576      0.020113        4.837611       
240             127.885932      686.267761      141.273955      0.020098        4.857709       
241             140.367504      689.090271      141.270218      0.020108        4.877817       
242             138.418472      691.870544      141.258523      0.020086        4.897903       
243             127.517595      694.425232      141.202547      0.020034        4.917937       
244             105.300542      696.539246      141.056584      0.020076        4.938013       
245             117.642105      698.903381      140.961681      0.020096        4.958109       
246             102.564451      700.964722      140.806664      0.020098        4.978207       
247             164.058972      704.257385      140.900031      0.020070        4.998277       
248             234.588857      708.962769      141.274500      0.020058        5.018335       
249             125.856145      711.490967      141.213028      0.020088        5.038423       
250             120.034186      713.901733      141.128940      0.020084        5.058507       
251             143.130755      716.775513      141.136855      0.020078        5.078585       
252             122.310393      719.231995      141.062696      0.020084        5.098669       
253             183.798808      722.921021      141.230268      0.020071        5.118740       
254             160.509307      726.145813      141.305642      0.020091        5.138831       
255             122.565323      728.609131      141.232634      0.020098        5.158929       
256             115.836159      730.936279      141.134118      0.020090        5.179019       
257             153.386113      734.020874      141.181508      0.020110        5.199129       
258             131.717549      737.160889      141.138312      0.023839        5.222968       
259             104.062329      739.251709      140.996233      0.020092        5.243060       
260             121.702173      741.693176      140.922691      0.020061        5.263121       
261             102.922326      743.759033      140.778320      0.020072        5.283193       
262             125.278848      746.273254      140.719665      0.020069        5.303262       
263             254.811128      751.384766      141.149599      0.020060        5.323322       
264             155.159614      754.503784      141.202305      0.020102        5.343424       
265             107.458958      756.661560      141.075976      0.020080        5.363504       
266             143.148994      759.535706      141.083707      0.020078        5.383582       
267             132.665175      762.200684      141.052411      0.020088        5.403670       
268             140.883101      765.029053      141.051785      0.020076        5.423746       
269             194.581256      768.939941      141.249419      0.020099        5.443845       
270             120.510289      771.363403      141.173089      0.020110        5.463955       
271             125.298031      773.882019      141.114901      0.020101        5.484056       
272             158.225804      777.063782      141.177414      0.020109        5.504165       
273             129.748244      779.674316      141.135788      0.020120        5.524285       
274             110.891012      781.902893      141.026158      0.020097        5.544382       
275             106.616142      784.042786      140.902041      0.020071        5.564453       
276             113.648983      786.713196      140.787444      0.023497        5.587950       
277             95.981799       788.642334      140.626862      0.020099        5.608049       
278             224.010489      793.138000      140.924195      0.020069        5.628118       
279             195.459162      797.058716      141.117871      0.020059        5.648177       
280             111.471884      799.297852      141.012813      0.020087        5.668264       
281             135.708282      802.024231      140.994079      0.020090        5.688354       
282             145.403617      804.942627      141.009583      0.020071        5.708425       
283             102.555836      807.002563      140.874751      0.020086        5.728511       
284             229.400346      811.606628      141.183821      0.020070        5.748581       
285             116.240379      813.943176      141.096905      0.020101        5.768682       
286             120.325063      816.362793      141.024748      0.020109        5.788791       
287             145.876606      819.292725      141.041524      0.020085        5.808876       
288             140.576201      822.121399      141.039918      0.020122        5.828998       
289             113.758793      824.407837      140.946173      0.020099        5.849097       
290             106.045392      826.536804      140.826792      0.020076        5.869173       
291             116.360131      828.875061      140.743308      0.020095        5.889268       
292             101.302270      830.911743      140.609121      0.020105        5.909373       
293             179.080438      834.507141      140.739384      0.020077        5.929450       
294             227.876957      839.078125      141.033172      0.020059        5.949509       
295             125.476841      841.600586      140.980785      0.020103        5.969612       
296             129.495314      844.201111      140.942277      0.020082        5.989694       
297             148.759891      847.187317      140.968390      0.020074        6.009768       
298             108.472168      849.366089      140.860142      0.020086        6.029854       
299             205.096121      853.484009      141.073323      0.020078        6.049932       
300             144.113312      856.385010      141.083404      0.020130        6.070062       
301             139.775927      859.297241      141.078932      0.020835        6.090897       
302             106.566808      861.968445      140.937485      0.025066        6.115963       
303             160.171836      865.194946      141.000629      0.020144        6.136107       
304             124.137911      867.690491      140.945564      0.020103        6.156210       
305             112.829192      869.956665      140.854131      0.020085        6.176295       
306             116.306049      872.300232      140.774304      0.020150        6.196445       
307             102.116104      874.357361      140.649031      0.020145        6.216590       
308             209.171807      878.559204      140.869739      0.020088        6.236678       
309             217.217644      882.918762      141.114643      0.020070        6.256748       
310             111.940439      885.161377      141.021526      0.020034        6.276782       
311             133.028987      888.244324      140.992125      0.023175        6.299957       
312             145.959453      891.173584      141.007898      0.020069        6.320026       
313             102.097988      893.224426      140.884622      0.020087        6.340113       
314             226.221072      897.772827      141.154389      0.020106        6.360219       
315             114.508139      900.073181      141.070491      0.020089        6.380308       
316             137.798579      902.841003      141.060223      0.020086        6.400394       
317             138.182719      905.617371      141.051218      0.020092        6.420486       
318             139.598389      908.420227      141.046689      0.020078        6.440564       
319             104.946409      910.534058      140.934142      0.020142        6.460706       
