1               87.578250       2.067810        87.578250       0.023611        0.023611       
2               115.953257      4.733459        101.576384      0.022989        0.046600       
3               116.068700      7.062378        105.938317      0.020065        0.066665       
4               105.767312      9.488892        105.894535      0.022942        0.089607       
5               122.757741      11.952148       108.979862      0.020066        0.109673       
6               128.442399      14.529602       111.990150      0.020067        0.129740       
7               118.935948      17.007751       112.951277      0.020836        0.150576       
8               104.713059      19.106201       111.983643      0.020040        0.170616       
9               108.991986      21.350891       111.661417      0.020595        0.191211       
10              104.765813      23.462341       111.003909      0.020154        0.211365       
11              110.587247      25.681274       110.967785      0.020065        0.231430       
12              245.437195      31.123108       122.724221      0.022172        0.253602       
13              267.247096      36.484619       133.319030      0.020062        0.273664       
14              243.486460      41.368958       140.842960      0.020060        0.293724       
15              155.763763      44.494202       141.797015      0.020064        0.313788       
16              127.901160      47.182556       140.924641      0.021019        0.334807       
17              108.616249      49.473816       139.009660      0.021095        0.355902       
18              121.398692      52.353271       137.909313      0.023719        0.379621       
19              135.805501      55.081604       137.803573      0.020090        0.399711       
20              136.131976      57.816223       137.723585      0.020088        0.419799       
21              134.381277      60.515137       137.570983      0.020084        0.439883       
22              106.002557      63.356323       135.757926      0.026803        0.466686       
23              167.166081      66.714355       137.054065      0.020088        0.486774       
24              97.271174       68.669312       135.476632      0.020098        0.506872       
25              142.609734      71.535339       135.748667      0.020097        0.526969       
26              157.039606      74.688538       136.530136      0.020079        0.547048       
27              244.939841      79.608154       140.369462      0.020085        0.567133       
28              135.128841      82.318298       140.190464      0.020056        0.587189       
29              113.659695      84.613770       139.308296      0.020196        0.607385       
30              118.838437      87.021912       138.647415      0.020264        0.627649       
31              121.897245      89.472290       138.127598      0.020102        0.647751       
32              125.573631      92.224487       137.716730      0.021917        0.669668       
33              105.985782      94.359253       136.790207      0.020142        0.689810       
34              83.013168       96.024414       135.270612      0.020059        0.709869       
35              92.061275       98.212158       133.870966      0.023764        0.733633       
36              106.660371      100.354858      133.145720      0.020089        0.753722       
37              106.112555      102.486023      132.444079      0.020084        0.773806       
38              106.333808      104.622375      131.783311      0.020091        0.793897       
39              111.981832      106.872314      131.294544      0.020092        0.813989       
40              118.204905      109.246460      130.979338      0.020085        0.834074       
41              120.876463      111.675110      130.741694      0.020092        0.854166       
42              108.388229      114.288025      130.128132      0.024107        0.878273       
43              123.093384      116.762817      129.970700      0.020105        0.898378       
44              109.294176      118.968811      129.516365      0.020184        0.918562       
45              103.298579      121.068665      128.948721      0.020328        0.938890       
46              104.192398      123.167725      128.428677      0.020146        0.959036       
47              236.725394      127.924011      130.650958      0.020092        0.979128       
48              252.905973      133.001099      133.107185      0.020075        0.999203       
49              268.359477      138.387878      135.770761      0.020073        1.019276       
50              155.824350      141.516052      136.158095      0.020075        1.039351       
51              135.334345      144.241821      136.142436      0.020141        1.059492       
52              90.548217       146.426025      135.127477      0.024122        1.083614       
53              120.838410      148.862732      134.866429      0.020165        1.103779       
54              123.626372      151.350342      134.665190      0.020122        1.123901       
55              135.320867      154.069885      134.676709      0.020097        1.143998       
56              140.987748      156.902893      134.785647      0.020094        1.164092       
57              136.648638      159.648438      134.817256      0.020092        1.184184       
58              134.848998      162.358093      134.817786      0.020094        1.204278       
59              129.005919      164.949951      134.722417      0.020091        1.224369       
60              95.787449       166.875183      134.093591      0.020099        1.244468       
61              119.793879      169.280884      133.866501      0.020082        1.264550       
62              273.692409      174.772522      136.050507      0.020065        1.284615       
63              182.114136      178.439026      136.761295      0.020133        1.304748       
64              91.630752       180.625427      135.950778      0.023861        1.328609       
65              145.844965      183.560120      136.098391      0.020122        1.348731       
66              125.269907      186.078796      135.939339      0.020106        1.368837       
67              114.520636      188.380432      135.629408      0.020098        1.388935       
68              138.450714      191.160522      135.669615      0.020080        1.409015       
69              77.256074       192.711670      134.848936      0.020078        1.429093       
70              88.939290       194.561340      134.190415      0.020797        1.449890       
71              110.615782      196.784607      133.868081      0.020099        1.469989       
72              115.507817      199.104004      133.620660      0.020080        1.490069       
73              110.634009      201.325867      133.314969      0.020083        1.510152       
74              96.404020       203.587891      132.750239      0.023464        1.533616       
75              141.593905      206.431946      132.864568      0.020086        1.553702       
76              129.788553      209.039917      132.825294      0.020094        1.573796       
77              107.600470      211.202148      132.507272      0.020095        1.593891       
78              104.620417      213.304810      132.160014      0.020098        1.613989       
79              111.918544      215.553589      131.911121      0.020093        1.634082       
80              97.839298       217.517517      131.497663      0.020073        1.654155       
81              258.565014      222.704590      133.020225      0.020061        1.674216       
82              267.699015      228.074097      134.614647      0.020058        1.694274       
83              263.217725      233.353455      136.119253      0.020057        1.714331       
84              156.963629      236.501831      136.360315      0.020058        1.734389       
85              113.024915      238.771484      136.093227      0.020081        1.754470       
86              101.495367      240.810425      135.701560      0.020089        1.774559       
87              95.847201       242.759094      135.250124      0.020331        1.794890       
88              143.984579      245.648865      135.346710      0.020070        1.814960       
89              137.168691      248.401978      135.366638      0.020071        1.835031       
90              136.723250      251.146423      135.381317      0.020073        1.855104       
91              143.426840      254.025574      135.467446      0.020074        1.875178       
92              131.218133      256.658203      135.422462      0.020063        1.895241       
93              105.578352      258.777161      135.109734      0.020070        1.915311       
94              100.991850      260.805481      134.755686      0.020084        1.935395       
95              218.564075      265.191406      135.615730      0.020067        1.955462       
96              242.093955      270.050232      136.697473      0.020070        1.975532       
97              120.712761      272.476196      136.536499      0.020097        1.995629       
98              110.291972      274.690308      136.275122      0.020075        2.015704       
99              127.823988      277.257141      136.191759      0.020081        2.035785       
100             125.697277      279.780640      136.089278      0.020076        2.055861       
101             139.097665      282.579285      136.118435      0.020120        2.075981       
102             93.851129       284.463440      135.713599      0.020076        2.096057       
103             73.606140       285.939758      135.124931      0.020057        2.116114       
104             107.487310      288.097351      134.865230      0.020073        2.136187       
105             111.652940      290.337891      134.649207      0.020067        2.156254       
106             115.142310      292.648682      134.469324      0.020069        2.176323       
107             104.080331      294.737366      134.191665      0.020068        2.196391       
108             116.318993      297.071655      134.029845      0.020068        2.216459       
109             131.399268      299.708313      134.006243      0.020066        2.236525       
110             119.725263      302.110840      133.879248      0.020067        2.256592       
111             107.145946      304.261902      133.643510      0.020076        2.276668       
112             107.649902      306.422974      133.416309      0.020075        2.296743       
113             104.676418      308.525085      133.167195      0.020082        2.316825       
114             150.674649      311.548523      133.317524      0.020066        2.336891       
115             264.534364      316.854553      134.434200      0.020058        2.356949       
116             272.707683      322.324524      135.600999      0.020058        2.377007       
117             204.941400      326.500000      136.190284      0.020374        2.397381       
118             156.859347      329.834045      136.371924      0.021255        2.418636       
119             104.039615      331.923889      136.105613      0.020087        2.438723       
120             103.417220      334.000610      135.838648      0.020081        2.458804       
121             117.029150      336.349854      135.686328      0.020074        2.478878       
122             137.231021      339.103943      135.698733      0.020069        2.498947       
123             137.938845      341.872375      135.716581      0.020070        2.519017       
124             142.435641      344.730774      135.769686      0.020068        2.539085       
125             136.654042      347.473694      135.776622      0.020072        2.559157       
126             129.294758      350.067993      135.726197      0.020065        2.579222       
127             101.598535      352.106873      135.462712      0.020068        2.599290       
128             134.487024      354.808044      135.455231      0.020085        2.619375       
129             216.322439      359.148987      136.070043      0.020067        2.639442       
130             190.532273      362.980591      136.481855      0.020110        2.659552       
131             131.606486      365.622986      136.445325      0.020078        2.679630       
132             110.856113      367.848755      136.255015      0.020078        2.699708       
133             121.969991      370.297546      136.149566      0.020077        2.719785       
134             123.016287      372.765991      136.053381      0.020066        2.739851       
135             140.111158      375.581665      136.082927      0.020096        2.759947       
136             80.336301       377.194336      135.680391      0.020074        2.780021       
137             72.009203       378.640137      135.223839      0.020078        2.800099       
138             108.424192      380.817078      135.033041      0.020078        2.820177       
139             113.312354      383.092163      134.879496      0.020078        2.840255       
140             107.285890      385.245605      134.685861      0.020072        2.860327       
141             108.925542      387.432068      134.506342      0.020073        2.880400       
142             118.935861      389.819824      134.398569      0.020076        2.900476       
143             133.895342      392.506836      134.395111      0.020068        2.920544       
144             117.422101      394.862793      134.279303      0.020064        2.940608       
145             105.820614      396.987671      134.086290      0.020080        2.960688       
146             105.670857      399.109436      133.894879      0.020079        2.980767       
147             107.485588      401.267639      133.718171      0.020079        3.000846       
148             153.737661      404.352539      133.851148      0.020066        3.020912       
149             262.735990      409.622498      134.701262      0.020058        3.040970       
150             269.952541      415.037476      135.587567      0.020059        3.061029       
151             209.262523      419.234863      136.067194      0.020058        3.081087       
152             147.664818      422.198792      136.142259      0.020072        3.101159       
153             104.283584      424.293640      135.937220      0.020088        3.121247       
154             102.780054      426.357361      135.725283      0.020079        3.141326       
155             111.194416      428.589478      135.569519      0.020074        3.161400       
156             134.735921      431.293762      135.564260      0.020071        3.181471       
157             136.808285      434.039368      135.572058      0.020069        3.201540       
158             142.976055      436.908325      135.618175      0.020066        3.221606       
159             135.615092      439.629578      135.618156      0.020066        3.241672       
160             135.284454      442.343384      135.616103      0.020060        3.261732       
161             93.857669       444.227295      135.360703      0.020072        3.281804       
162             112.977059      446.495422      135.224606      0.020076        3.301880       
163             248.402712      451.479126      135.908150      0.020063        3.321943       
164             204.285647      455.579956      136.318863      0.020074        3.342017       
165             112.288648      457.836060      136.175258      0.020092        3.362109       
166             114.872369      460.143616      136.048733      0.020088        3.382197       
167             125.132551      462.657654      135.984271      0.020091        3.402288       
168             125.911939      465.422302      135.919685      0.021957        3.424245       
169             131.086428      468.098694      135.891038      0.020417        3.444662       
170             77.149769       469.654419      135.549169      0.020165        3.464827       
171             81.195360       471.343445      135.224789      0.020802        3.485629       
172             108.004423      473.515198      135.068660      0.020108        3.505737       
173             107.204723      475.753418      134.903702      0.020878        3.526615       
174             105.105968      477.863525      134.735032      0.020076        3.546691       
175             115.769537      480.188293      134.628256      0.020081        3.566772       
176             123.567007      483.257080      134.551770      0.024835        3.591607       
177             126.636845      485.797668      134.507805      0.020062        3.611669       
178             104.375834      487.892700      134.341271      0.020072        3.631741       
179             107.906215      490.058594      134.195972      0.020072        3.651813       
180             104.297658      492.152161      134.032527      0.020073        3.671886       
181             100.471995      494.169739      133.849988      0.020081        3.691967       
182             240.402537      498.993896      134.426004      0.020067        3.712034       
183             278.685325      504.584045      135.201359      0.020059        3.732093       
184             261.735743      509.833679      135.877745      0.020057        3.752150       
185             150.730087      512.856873      135.956715      0.020057        3.772207       
186             130.150373      515.470032      135.925974      0.020078        3.792285       
187             101.586452      517.509888      135.745105      0.020080        3.812365       
188             103.381677      519.585999      135.575521      0.020082        3.832447       
189             136.601769      522.328552      135.580869      0.020077        3.852524       
190             136.710358      525.072876      135.586724      0.020074        3.872598       
191             137.340506      527.829163      135.595766      0.020069        3.892667       
192             137.214305      530.583191      135.604068      0.020071        3.912738       
193             137.621136      533.344421      135.614359      0.020064        3.932802       
194             111.140867      535.574463      135.490130      0.020065        3.952867       
195             96.105736       537.503113      135.291192      0.020068        3.972935       
196             186.907808      541.253418      135.550568      0.020065        3.993000       
197             256.659799      546.402527      136.156014      0.020062        4.013062       
198             129.876393      549.010315      136.124751      0.020079        4.033141       
199             106.230634      551.145020      135.976543      0.020095        4.053236       
200             113.777046      553.429321      135.867124      0.020077        4.073313       
201             123.867611      555.915344      135.808290      0.020070        4.093383       
202             136.205410      558.648987      135.810227      0.020070        4.113453       
203             115.583411      560.973022      135.711837      0.020107        4.133560       
204             74.297845       562.462769      135.415370      0.020051        4.153611       
205             90.932533       564.288330      135.201401      0.020076        4.173687       
206             114.918325      566.594971      135.104323      0.020072        4.193759       
207             111.055398      568.823853      134.989781      0.020070        4.213829       
208             111.128385      571.054199      134.876670      0.020070        4.233899       
209             112.914887      573.320740      134.773040      0.020073        4.253972       
210             123.797923      575.804993      134.721511      0.020067        4.274039       
211             128.033343      578.374878      134.690249      0.020072        4.294111       
212             107.582707      580.535461      134.564060      0.020083        4.314194       
213             105.049258      582.645691      134.427269      0.020088        4.334282       
214             110.414610      584.863037      134.316524      0.020082        4.354364       
215             98.510125       586.851562      134.151298      0.020186        4.374550       
216             227.078179      591.404480      134.575270      0.020050        4.394600       
217             265.578090      596.731445      135.170481      0.020058        4.414658       
218             283.113633      602.400513      135.838491      0.020024        4.434682       
219             153.816650      606.083191      135.935031      0.023942        4.458624       
220             122.000367      608.531738      135.872587      0.020070        4.478694       
221             100.865010      610.843262      135.694368      0.022917        4.501611       
222             107.453262      612.999634      135.569030      0.020068        4.521679       
223             138.232582      615.773132      135.580796      0.020064        4.541743       
224             137.551125      618.533508      135.589464      0.020068        4.561811       
225             137.203624      621.286499      135.596533      0.020065        4.581876       
226             137.262190      624.041077      135.603796      0.020068        4.601944       
227             137.431785      626.798096      135.611730      0.020061        4.622005       
228             99.733848       628.799255      135.456651      0.020065        4.642070       
229             97.627071       630.759705      135.293710      0.020081        4.662151       
230             239.439063      635.565247      135.740121      0.020070        4.682221       
231             235.290239      640.291992      136.165415      0.020089        4.702310       
232             113.719762      642.580261      136.069775      0.020122        4.722432       
233             106.522102      644.719971      135.944626      0.020087        4.742519       
234             127.466491      647.280518      135.908866      0.020088        4.762607       
235             123.909362      649.768494      135.858489      0.020079        4.782686       
236             144.485691      652.673523      135.894605      0.020106        4.802792       
237             88.075008       654.440308      135.695706      0.020060        4.822852       
238             70.336940       655.851196      135.424995      0.020059        4.842911       
239             104.206982      658.112488      135.285738      0.021700        4.864611       
240             112.995176      660.380188      135.194156      0.020069        4.884680       
241             108.132456      662.549866      135.083448      0.020065        4.904745       
242             107.721441      664.712158      134.971923      0.020073        4.924818       
243             126.302700      667.247559      134.936730      0.020074        4.944892       
244             125.820567      669.772400      134.899885      0.020067        4.964959       
245             118.189078      672.143982      134.832620      0.020066        4.985025       
246             109.183397      674.431702      134.725263      0.020953        5.005978       
247             108.977454      676.619751      134.622406      0.020078        5.026056       
248             105.291191      678.734314      134.505671      0.020083        5.046139       
249             159.282717      681.930481      134.603807      0.020066        5.066205       
250             264.835614      687.242554      135.117385      0.020058        5.086263       
251             269.547342      692.648865      135.645409      0.020057        5.106320       
252             207.681423      696.814331      135.927251      0.020057        5.126377       
253             144.675926      699.716675      135.961353      0.020061        5.146438       
254             106.724903      701.859924      135.847713      0.020082        5.166520       
255             99.776252       703.863831      135.708034      0.020084        5.186604       
256             107.538277      706.022339      135.599438      0.020072        5.206676       
257             142.071667      708.873291      135.624287      0.020067        5.226743       
258             132.801932      711.591614      135.613277      0.020469        5.247212       
259             143.148273      714.464600      135.641988      0.020070        5.267282       
260             135.633681      717.186768      135.641956      0.020070        5.287352       
261             127.907259      719.904541      135.610997      0.021248        5.308600       
262             97.867293       721.868835      135.468832      0.020071        5.328671       
263             99.621892       723.870239      135.334190      0.020090        5.348761       
264             253.572999      728.958435      135.776108      0.020066        5.368827       
265             215.280901      733.281921      136.072401      0.020083        5.388910       
266             118.229045      735.658325      136.006094      0.020100        5.409010       
267             110.174505      737.870850      135.910544      0.020082        5.429092       
268             126.671289      740.413269      135.876513      0.020071        5.449163       
269             125.965591      742.941650      135.840140      0.020072        5.469235       
270             137.997148      745.715393      135.848039      0.020100        5.489335       
271             88.923457       747.497864      135.677311      0.020045        5.509380       
272             76.458885       749.032776      135.462315      0.020075        5.529455       
273             111.020268      751.261841      135.373885      0.020078        5.549533       
274             111.439108      753.498535      135.287632      0.020071        5.569604       
275             109.934436      755.705139      135.196591      0.020072        5.589676       
276             110.141806      757.916016      135.106939      0.020073        5.609749       
277             119.808062      760.320923      135.052391      0.020073        5.629822       
278             130.133913      762.932190      135.034923      0.020066        5.649888       
279             119.211523      765.324646      134.978915      0.020069        5.669957       
280             107.120818      767.475525      134.880610      0.020079        5.690036       
281             104.112359      769.566101      134.772411      0.020080        5.710116       
282             108.957279      771.754944      134.681908      0.020089        5.730205       
283             153.085237      774.826599      134.746125      0.020065        5.750270       
284             264.086058      780.123901      135.195740      0.020059        5.770329       
285             281.112265      785.762451      135.701198      0.020058        5.790387       
286             210.540555      789.985474      135.959548      0.020058        5.810445       
287             147.093541      792.938965      135.997891      0.020079        5.830524       
288             105.433198      795.057434      135.892921      0.020093        5.850617       
289             100.811627      797.082336      135.772894      0.020086        5.870703       
290             121.671946      799.524414      135.724849      0.020071        5.890774       
291             138.051366      802.295105      135.732749      0.020070        5.910844       
292             137.466733      805.053650      135.738616      0.020067        5.930911       
293             137.605096      807.815247      135.744910      0.020069        5.950980       
294             142.637333      810.678406      135.768081      0.020073        5.971053       
295             119.643141      813.079285      135.714071      0.020067        5.991120       
296             95.664320       814.999268      135.580354      0.020070        6.011190       
297             105.421596      817.114868      135.480006      0.020068        6.031258       
298             276.604904      822.665222      135.947971      0.020066        6.051324       
299             194.342308      826.567810      136.141109      0.020081        6.071405       
300             113.239810      828.858765      136.065051      0.020231        6.091636       
301             112.694749      831.786011      135.965822      0.025975        6.117611       
302             128.140997      834.358826      135.940225      0.020078        6.137689       
303             117.235273      836.713379      135.879218      0.020084        6.157773       
304             135.578941      839.434448      135.878242      0.020070        6.177843       
305             72.683971       840.890381      135.674004      0.020031        6.197874       
306             94.372253       842.848511      135.536197      0.020749        6.218623       
307             110.814115      845.073547      135.456630      0.020079        6.238702       
308             111.005607      847.492249      135.371531      0.021789        6.260491       
309             107.104362      849.640869      135.281241      0.020061        6.280552       
310             117.079999      852.222717      135.217557      0.022052        6.302604       
311             130.646204      854.843872      135.203052      0.020063        6.322667       
312             124.867719      857.350342      135.170343      0.020073        6.342740       
313             106.488614      859.488953      135.079815      0.020083        6.362823       
314             112.136902      861.740662      135.007639      0.020080        6.382903       
315             104.701621      863.842651      134.912617      0.020076        6.402979       
316             94.891521       865.746460      134.787607      0.020063        6.423042       
317             243.422529      870.629272      135.125815      0.020059        6.443101       
318             281.803011      876.281677      135.581018      0.020058        6.463159       
319             261.796604      881.532532      135.971489      0.020057        6.483216       
320             156.524121      884.671936      136.034876      0.020057        6.503273       
321             117.737157      887.035156      135.978575      0.020072        6.523345       
322             105.082336      889.145630      135.883744      0.020084        6.543429       
323             109.249129      891.338806      135.802280      0.020075        6.563504       
324             136.589461      894.080566      135.804680      0.020073        6.583577       
325             139.316994      896.871643      135.815335      0.020034        6.603611       
326             138.090102      899.643250      135.822228      0.020071        6.623682       
327             136.287728      902.379089      135.823635      0.020074        6.643756       
328             136.199103      905.112061      135.824766      0.020066        6.663822       
329             105.002731      907.219360      135.732220      0.020069        6.683891       
330             91.963121       909.065796      135.601134      0.020078        6.703969       
331             198.288979      913.044861      135.788217      0.020067        6.724036       
332             269.105266      918.444458      136.184861      0.020065        6.744101       
333             113.162643      920.717896      136.116484      0.020090        6.764191       
334             105.434848      922.837769      136.025556      0.020106        6.784297       
335             126.010318      925.369568      135.995983      0.020092        6.804389       
336             126.755975      927.915588      135.968787      0.020086        6.824475       
337             136.171255      930.648682      135.969381      0.020071        6.844546       
338             107.812748      932.810974      135.887117      0.020056        6.864602       
339             76.432399       934.344055      135.713899      0.020058        6.884660       
340             96.382357       936.556030      135.583223      0.022950        6.907610       
341             113.265879      938.829956      135.518549      0.020076        6.927686       
342             108.341735      941.004700      135.440032      0.020073        6.947759       
343             111.701733      943.253479      135.371446      0.020132        6.967891       
344             119.345882      945.649109      135.325412      0.020073        6.987964       
345             123.445307      948.125916      135.291399      0.020064        7.008028       
346             129.224628      950.719971      135.274071      0.020074        7.028102       
347             107.836577      952.885437      135.195899      0.020081        7.048183       
348             104.684246      954.987183      135.109232      0.020077        7.068260       
349             110.024980      957.196594      135.038170      0.020081        7.088341       
350             109.562136      959.394958      134.966258      0.020065        7.108406       
351             261.429710      964.638977      135.322117      0.020059        7.128465       
352             281.432956      970.284241      135.732109      0.020059        7.148524       
353             242.768330      975.153931      136.031616      0.020059        7.168583       
354             156.176580      978.280273      136.087714      0.020018        7.188601       
355             111.535169      980.520569      136.019301      0.020086        7.208687       
356             103.450292      982.599609      135.928755      0.020097        7.228784       
357             103.619025      984.680176      135.839259      0.020079        7.248863       
358             135.078902      987.391479      135.837159      0.020072        7.268935       
359             142.637333      990.254639      135.855886      0.020073        7.289008       
360             135.484365      992.974487      135.854865      0.020075        7.309083       
361             142.480226      995.834778      135.873013      0.020075        7.329158       
362             133.574671      998.514954      135.866738      0.020065        7.349223       
363             103.764631      1000.597717     135.779300      0.020072        7.369295       
364             103.630550      1002.678101     135.691960      0.020075        7.389370       
365             226.978385      1007.232422     135.939167      0.020065        7.409435       
366             236.451970      1011.981323     136.210880      0.020084        7.429519       
367             113.794668      1014.269165     136.150384      0.020105        7.449624       
368             111.853723      1016.515747     136.085053      0.020085        7.469709       
369             125.836564      1019.042419     136.057579      0.020079        7.489788       
370             131.216012      1021.677368     136.044632      0.020081        7.509869       
371             141.591482      1024.523499     136.059440      0.020101        7.529970       
372             87.922368       1026.288452     135.931453      0.020074        7.550044       
373             74.130659       1027.773438     135.767915      0.020032        7.570076       
374             108.653057      1030.330261     135.683889      0.023532        7.593608       
375             109.970376      1032.536377     135.616137      0.020061        7.613669       
376             110.067736      1034.744446     135.548997      0.020061        7.633730       
377             111.518585      1036.982178     135.485996      0.020066        7.653796       
378             121.291787      1039.416504     135.448873      0.020070        7.673866       
379             129.936593      1042.023682     135.434498      0.020065        7.693931       
380             118.748946      1044.718689     135.385425      0.022695        7.716626       
381             105.246130      1046.832031     135.307201      0.020080        7.736706       
382             107.260557      1048.986145     135.234585      0.020083        7.756789       
383             101.829604      1051.031189     135.148320      0.020083        7.776872       
384             190.594184      1054.855652     135.291014      0.020066        7.796938       
385             265.832615      1060.187988     135.625994      0.020059        7.816997       
386             270.058457      1065.611572     135.970485      0.020083        7.837080       
387             190.928850      1069.441223     136.110785      0.020058        7.857138       
388             143.950209      1072.332031     136.130771      0.020082        7.877220       
389             102.562760      1074.392517     136.045377      0.020090        7.897310       
390             101.994678      1076.441284     135.958988      0.020087        7.917397       
391             126.749421      1078.985779     135.935696      0.020075        7.937472       
392             137.731269      1081.750183     135.940225      0.020071        7.957543       
393             136.817307      1084.495422     135.942431      0.020065        7.977608       
394             135.823900      1087.221680     135.942133      0.020072        7.997680       
395             144.377176      1090.118896     135.963245      0.020067        8.017747       
396             121.157887      1092.550293     135.926280      0.020068        8.037815       
397             94.168614       1094.439880     135.822294      0.020066        8.057881       
398             131.573593      1097.079773     135.811741      0.020064        8.077945       
399             276.990263      1102.636475     136.161479      0.020061        8.098006       
400             166.025109      1105.970093     136.235343      0.020079        8.118085       
401             105.800756      1108.094360     136.160256      0.020078        8.138163       
402             120.112128      1110.505371     136.120771      0.020073        8.158236       
403             129.202989      1113.099121     136.103790      0.020075        8.178311       
404             116.564775      1115.439392     136.055941      0.020077        8.198388       
405             136.310327      1118.173096     136.056562      0.020055        8.218443       
406             79.304017       1119.763855     135.918381      0.020059        8.238502       
407             86.226608       1121.584961     135.791318      0.021120        8.259622       
408             112.081801      1123.834106     135.733855      0.020067        8.279689       
409             109.773841      1126.036499     135.671102      0.020063        8.299752       
410             108.717161      1128.218018     135.606093      0.020066        8.319818       
411             116.799799      1130.562073     135.560838      0.020069        8.339887       
412             119.926434      1132.969116     135.523302      0.020071        8.359958       
413             127.447806      1135.526611     135.503965      0.020067        8.380025       
414             115.151402      1138.115906     135.449499      0.022486        8.402511       
415             105.539261      1140.236084     135.378159      0.020089        8.422600       
416             104.093226      1142.326172     135.303755      0.020079        8.442679       
417             99.095910       1144.316711     135.217813      0.020087        8.462766       
418             222.518305      1148.782654     135.424362      0.020070        8.482836       
419             265.157118      1154.101440     135.730412      0.020059        8.502895       
420             269.992098      1159.517212     136.046400      0.020059        8.522954       
421             177.734424      1163.082031     136.144274      0.020057        8.543011       
422             126.583668      1165.624084     136.121853      0.020082        8.563093       
423             102.296175      1167.676453     136.042786      0.020063        8.583156       
424             96.049167       1169.641907     135.947664      0.020463        8.603619       
425             127.773737      1172.207092     135.928635      0.020076        8.623695       
426             138.715988      1174.990845     135.935107      0.020068        8.643763       
427             144.353664      1177.887878     135.954607      0.020069        8.663832       
428             136.880759      1180.645752     135.956756      0.020148        8.683980       
429             134.941365      1183.563049     135.954235      0.021619        8.705599       
430             106.045732      1185.690857     135.885459      0.020065        8.725664       
431             94.592322       1187.588379     135.790745      0.020060        8.745724       
432             200.588420      1191.612183     135.939031      0.020060        8.765784       
433             258.249300      1196.792664     136.218292      0.020060        8.785844       
434             123.355999      1199.269775     136.188961      0.020081        8.805925       
435             107.271519      1201.426147     136.123099      0.020102        8.826027       
436             126.960784      1203.975647     136.102300      0.020081        8.846108       
437             125.447476      1206.494507     136.078171      0.020079        8.866187       
438             139.753111      1209.299072     136.086470      0.020068        8.886255       
439             107.494935      1211.454346     136.022104      0.020050        8.906305       
440             74.234743       1212.943420     135.883258      0.020059        8.926364       
441             97.583842       1215.016296     135.792333      0.021242        8.947606       
442             110.441093      1217.232849     135.735596      0.020070        8.967676       
443             111.042134      1219.461243     135.680460      0.020068        8.987744       
444             109.791518      1221.664978     135.622772      0.020072        9.007816       
445             120.136453      1224.076477     135.588339      0.020073        9.027889       
446             127.237937      1226.629761     135.569819      0.020067        9.047956       
447             122.029360      1229.357849     135.536446      0.022356        9.070312       
448             106.987499      1231.723450     135.467020      0.022111        9.092423       
449             106.244695      1233.857056     135.402620      0.020082        9.112505       
450             110.676474      1236.075012     135.348363      0.020040        9.132545       
451             127.505533      1238.632263     135.331177      0.020056        9.152601       
452             253.226824      1243.711487     135.588981      0.020058        9.172659       
453             267.344878      1249.074158     135.876479      0.020059        9.192718       
454             242.247826      1253.932922     136.108059      0.020057        9.212775       
455             157.162182      1257.086853     136.153821      0.020068        9.232843       
456             106.061041      1259.217407     136.088490      0.020088        9.252931       
457             103.532449      1261.296753     136.017978      0.020084        9.273015       
458             110.358983      1263.511658     135.962563      0.020070        9.293085       
459             140.919852      1266.339355     135.973244      0.020066        9.313151       
460             137.383858      1269.095825     135.976277      0.020064        9.333215       
461             137.127578      1271.847290     135.978746      0.020065        9.353280       
462             143.008559      1274.716614     135.993794      0.020064        9.373344       
463             131.350796      1277.351379     135.983879      0.020059        9.393403       
464             99.778074       1279.353027     135.906721      0.020061        9.413464       
465             95.905438       1281.278137     135.821605      0.020073        9.433537       
466             257.559659      1286.445557     136.079965      0.020063        9.453600       
467             216.863717      1290.803650     136.251327      0.020096        9.473696       
468             107.221216      1292.960083     136.189828      0.020112        9.493808       
469             117.606697      1295.322449     136.150593      0.020087        9.513895       
470             128.601761      1297.905029     136.134693      0.020082        9.533977       
471             124.948246      1300.427734     136.111053      0.020190        9.554167       
472             133.009966      1303.690735     136.103111      0.024532        9.578699       
473             79.429770       1305.288147     135.984372      0.020111        9.598810       
474             89.093300       1307.321167     135.873163      0.022819        9.621629       
475             91.657116       1309.518555     135.763265      0.023974        9.645603       
476             134.470026      1312.219116     135.760578      0.020083        9.665686       
477             110.483360      1314.437622     135.708174      0.020080        9.685766       
478             117.340931      1316.793945     135.670173      0.020081        9.705847       
479             122.641843      1319.256226     135.643279      0.020077        9.725924       
480             108.243445      1321.819214     135.576736      0.023678        9.749602       
481             129.241174      1324.485718     135.563357      0.020632        9.770234       
482             104.749730      1326.590454     135.500117      0.020093        9.790327       
483             105.606343      1328.712402     135.438891      0.020093        9.810420       
484             111.859281      1330.958313     135.390731      0.020078        9.830498       
485             274.749437      1336.472534     135.674667      0.020070        9.850568       
486             269.370195      1341.871521     135.946146      0.020043        9.870611       
487             238.082122      1346.649353     136.153378      0.020068        9.890679       
488             163.984080      1349.940186     136.209731      0.020068        9.910747       
489             108.718682      1352.126953     136.154051      0.020114        9.930861       
490             103.106933      1354.202393     136.087203      0.020129        9.950990       
491             105.819983      1356.329163     136.026195      0.020098        9.971088       
492             144.773580      1359.238098     136.043787      0.020093        9.991181       
493             136.823592      1361.984558     136.045350      0.020073        10.011254      
494             136.025289      1364.714722     136.045310      0.020071        10.031325      
495             142.987094      1367.584473     136.059171      0.020070        10.051395      
496             130.166968      1370.196533     136.047431      0.020067        10.071462      
497             99.387774       1372.191345     135.974519      0.020071        10.091533      
498             96.607365       1374.133057     135.896268      0.020099        10.111632      
499             245.463114      1379.060974     136.113375      0.020076        10.131708      
500             221.076887      1383.499756     136.281415      0.020078        10.151786      
501             118.349953      1385.878235     136.245987      0.020097        10.171883      
502             111.979296      1388.128235     136.198146      0.020093        10.191976      
503             125.186057      1390.641846     136.176494      0.020079        10.212055      
504             125.371482      1393.159180     136.155291      0.020079        10.232134      
505             134.801404      1395.868958     136.152636      0.020102        10.252236      
506             86.049913       1397.598389     136.054609      0.020098        10.272334      
507             76.033930       1399.124390     135.937570      0.020070        10.292404      
508             101.224742      1401.473816     135.859467      0.023210        10.315614      
509             108.284356      1403.647949     135.805900      0.020078        10.335692      
510             112.845588      1405.914001     135.761377      0.020081        10.355773      
511             108.639660      1408.095703     135.708884      0.020082        10.375855      
512             119.925103      1410.504639     135.678387      0.020087        10.395942      
513             119.957475      1412.913025     135.648084      0.020077        10.416019      
514             121.352252      1415.398926     135.620024      0.020485        10.436504      
515             107.480695      1417.558105     135.565964      0.020089        10.456593      
516             106.493331      1419.697876     135.510206      0.020093        10.476686      
517             108.918671      1421.886597     135.459299      0.020095        10.496781      
518             135.066287      1424.597107     135.458549      0.020068        10.516849      
519             257.736451      1429.766785     135.691317      0.020058        10.536907      
520             280.316820      1435.389099     135.966088      0.020057        10.556964      
521             220.850734      1439.818481     136.127045      0.020056        10.577020      
522             152.382646      1442.877258     136.157837      0.020073        10.597093      
523             105.323491      1444.991943     136.099526      0.020078        10.617171      
524             105.258288      1447.105530     136.041307      0.020080        10.637251      
525             107.836986      1449.270142     135.988184      0.020073        10.657324      
526             136.930015      1452.018738     135.989955      0.020073        10.677397      
527             137.434786      1454.776917     135.992666      0.020069        10.697466      
528             137.652204      1457.539734     135.995773      0.020071        10.717537      
529             139.831689      1460.346436     136.002944      0.020072        10.737609      
530             132.042562      1462.995605     135.995558      0.020063        10.757672      
531             96.599714       1464.934265     135.922200      0.020069        10.777741      
532             116.198214      1467.266479     135.885537      0.020071        10.797812      
533             238.662214      1472.055237     136.076167      0.020065        10.817877      
534             216.058138      1476.398438     136.224515      0.020102        10.837979      
535             112.772421      1479.064941     136.173462      0.023645        10.861624      
536             104.258768      1481.158875     136.114558      0.020084        10.881708      
537             125.803498      1483.684631     136.095569      0.020077        10.901785      
538             131.422670      1486.322021     136.086983      0.020068        10.921853      
539             137.248624      1489.080444     136.089116      0.020098        10.941951      
540             78.659096       1490.660706     135.983865      0.020090        10.962041      
541             78.845726       1492.283508     135.876785      0.020582        10.982623      
542             109.773930      1494.488098     135.829140      0.020083        11.002706      
543             115.661879      1496.810242     135.792408      0.020077        11.022783      
544             111.411354      1499.046936     135.748083      0.020076        11.042859      
545             108.499173      1501.224731     135.698644      0.020072        11.062931      
546             124.351489      1503.720093     135.678098      0.020067        11.082998      
547             121.860434      1506.165344     135.653126      0.020066        11.103064      
548             116.261206      1508.498474     135.618140      0.020068        11.123132      
549             107.985744      1510.666504     135.568354      0.020077        11.143209      
550             107.310018      1512.821289     135.517524      0.020080        11.163289      
551             105.005871      1514.930542     135.462721      0.020087        11.183376      
552             151.620816      1517.973572     135.491667      0.020070        11.203446      
553             277.472636      1523.539673     135.745432      0.020060        11.223506      
554             267.206059      1528.899292     135.979952      0.020058        11.243564      
555             209.390460      1533.094849     136.110543      0.020037        11.263601      
556             153.287786      1536.176086     136.141143      0.020101        11.283702      
557             105.284277      1538.290405     136.086323      0.020082        11.303784      
558             104.784111      1540.394470     136.030817      0.020080        11.323864      
559             114.216200      1542.686218     135.992231      0.020065        11.343929      
560             136.167049      1545.418274     135.992540      0.020064        11.363993      
561             138.827149      1548.203979     135.997537      0.020066        11.384059      
562             138.445302      1550.982300     136.001844      0.020068        11.404127      
563             143.101711      1553.854065     136.014316      0.020068        11.424195      
564             126.763921      1556.397583     135.998097      0.020065        11.444260      
565             90.607517       1558.512634     135.905702      0.023343        11.467603      
566             129.581864      1561.113342     135.894654      0.020070        11.487673      
567             279.493740      1566.720825     136.145009      0.020063        11.507736      
568             170.840132      1570.154541     136.205501      0.020099        11.527835      
569             111.259221      1572.391296     136.162072      0.020104        11.547939      
570             116.662788      1574.735168     136.128206      0.020091        11.568030      
571             125.754124      1577.260437     136.110229      0.020081        11.588111      
572             121.523239      1579.700867     136.084993      0.020082        11.608193      
573             134.688830      1582.401917     136.082585      0.020054        11.628247      
574             73.567749       1583.877686     135.974926      0.020060        11.648307      
575             87.406795       1585.632202     135.891375      0.020073        11.668380      
576             112.279877      1587.886108     135.850824      0.020074        11.688454      
577             115.195039      1590.198303     135.815414      0.020072        11.708526      
578             109.291058      1592.392212     135.770016      0.020074        11.728600      
579             117.810136      1594.756897     135.739333      0.020072        11.748672      
580             121.255132      1597.190002     135.714637      0.020066        11.768738      
581             124.908520      1599.696167     135.696245      0.020064        11.788802      
582             110.753542      1601.919434     135.653845      0.020074        11.808876      
583             109.112874      1604.111511     135.608768      0.020090        11.828966      
584             103.670745      1606.194153     135.554620      0.020089        11.849055      
585             104.870379      1608.301208     135.502678      0.020092        11.869147      
586             206.580295      1612.446655     135.622645      0.020067        11.889214      
587             268.665445      1617.835815     135.846732      0.020059        11.909273      
588             270.933653      1623.270203     136.073867      0.020058        11.929331      
589             182.323435      1626.927246     136.151501      0.020058        11.949389      
590             129.910136      1629.536621     136.141027      0.020086        11.969475      
591             107.665311      1631.699402     136.093317      0.020088        11.989563      
592             99.255167       1633.690063     136.031798      0.020056        12.009619      
593             125.697096      1636.213684     136.014550      0.020077        12.029696      
594             142.767155      1639.078735     136.025796      0.020068        12.049764      
595             137.977716      1641.847534     136.029041      0.020067        12.069831      
596             137.260663      1644.601807     136.031085      0.020066        12.089897      
597             138.598449      1647.382507     136.035338      0.020063        12.109960      
598             112.118796      1649.632507     135.995771      0.020068        12.130028      
599             96.260072       1651.575806     135.929749      0.020188        12.150216      
600             151.670949      1654.619690     135.955706      0.020069        12.170285      
601             294.007400      1660.518066     136.215816      0.020062        12.190347      
602             134.880460      1663.226196     136.213620      0.020078        12.210425      
603             111.005868      1665.456970     136.172202      0.020096        12.230521      
604             116.696829      1668.151733     136.135500      0.023092        12.253613      
605             124.693226      1670.655823     136.116778      0.020082        12.273695      
606             128.781717      1673.240601     136.104803      0.020071        12.293766      
607             116.412311      1675.573853     136.072750      0.020043        12.313809      
608             74.590076       1677.070801     135.972709      0.020069        12.333878      
609             96.460818       1679.265381     135.899960      0.022751        12.356629      
610             108.031072      1681.436157     135.854713      0.020094        12.376723      
611             111.974797      1683.684387     135.816037      0.020078        12.396801      
612             107.906485      1685.851257     135.770901      0.020081        12.416882      
613             115.903580      1688.178833     135.738821      0.020082        12.436964      
614             122.599255      1690.640381     135.717643      0.020078        12.457042      
615             130.113729      1693.253845     135.708622      0.020086        12.477128      
616             107.007345      1695.496826     135.660486      0.020961        12.498089      
617             105.359752      1697.614136     135.611843      0.020096        12.518185      
618             110.162497      1699.825317     135.571102      0.020072        12.538257      
619             108.222332      1701.996582     135.527410      0.020063        12.558320      
620             260.131240      1707.214294     135.726108      0.020058        12.578378      
621             273.279754      1712.695740     135.945108      0.020058        12.598436      
622             244.664036      1717.602966     136.117916      0.020057        12.618493      
623             161.464127      1720.841614     136.158141      0.020058        12.638551      
624             115.935774      1723.168213     136.126082      0.020068        12.658619      
625             102.438624      1725.224976     136.072735      0.020078        12.678697      
626             106.867773      1727.370239     136.026568      0.020074        12.698771      
627             136.251733      1730.104675     136.026923      0.020069        12.718840      
628             142.147747      1732.957581     136.036567      0.020070        12.738910      
629             136.254068      1735.692200     136.036909      0.020070        12.758980      
630             139.490250      1738.492188     136.042333      0.020073        12.779053      
631             128.126679      1741.063049     136.029924      0.020065        12.799118      
632             106.391808      1743.198120     135.983527      0.020068        12.819186      
633             101.855950      1745.243591     135.930147      0.020082        12.839268      
634             233.834803      1749.936890     136.082958      0.020071        12.859339      
635             233.197061      1754.616455     136.234268      0.020067        12.879406      
636             116.597588      1756.959717     136.203675      0.020097        12.899503      
637             105.876940      1759.085938     136.156536      0.020082        12.919585      
638             131.968564      1761.729004     136.150054      0.020028        12.939613      
639             125.503217      1764.248230     136.133563      0.020073        12.959686      
640             138.503672      1767.031738     136.137233      0.020097        12.979783      
641             90.034379       1768.839539     136.066024      0.020079        12.999862      
642             76.904723       1770.382324     135.974869      0.020061        13.019923      
643             103.814506      1772.465881     135.925371      0.020070        13.039993      
644             106.521814      1774.603455     135.880192      0.020067        13.060060      
645             109.277475      1776.796326     135.839379      0.020067        13.080127      
646             114.627223      1779.096436     135.806887      0.020066        13.100193      
647             118.923073      1781.483459     135.781058      0.020072        13.120265      
648             126.556850      1784.022949     135.766972      0.020066        13.140331      
649             121.976904      1786.653137     135.744380      0.021563        13.161894      
650             106.616188      1789.026733     135.695193      0.022263        13.184157      
651             109.462682      1791.224854     135.655299      0.020081        13.204238      
652             101.239673      1793.591736     135.594471      0.023379        13.227617      
653             182.484989      1797.253662     135.665499      0.020067        13.247684      
654             267.726401      1802.623718     135.865147      0.020058        13.267742      
655             272.421647      1808.087952     136.071280      0.020058        13.287800      
656             199.516008      1812.089844     136.166906      0.020058        13.307858      
657             131.849308      1814.738037     136.160399      0.020085        13.327943      
658             105.125218      1816.849792     136.113693      0.020088        13.348031      
659             109.683990      1819.052795     136.073983      0.020085        13.368116      
660             122.456515      1821.510620     136.053569      0.020071        13.388187      
661             135.253298      1824.225830     136.052371      0.020075        13.408262      
662             143.879008      1827.113770     136.064069      0.020072        13.428334      
663             136.426696      1829.851990     136.064611      0.020071        13.448405      
664             134.115524      1832.543152     136.061707      0.020066        13.468471      
665             125.225048      1835.055542     136.045588      0.020063        13.488534      
666             95.150014       1836.965393     135.984823      0.020072        13.508606      
667             131.487478      1839.603821     135.978152      0.020066        13.528672      
668             285.600476      1845.333252     136.199691      0.020061        13.548733      
669             157.661736      1848.497681     136.231438      0.020071        13.568804      
670             117.299804      1850.853882     136.203453      0.020087        13.588891      
671             114.979280      1853.162781     136.172136      0.020081        13.608972      
672             124.897844      1855.670105     136.155529      0.020075        13.629047      
673             122.094635      1858.121155     136.134848      0.020075        13.649122      
674             142.912920      1860.990417     136.144804      0.020077        13.669199      
675             72.356659       1862.442688     136.051279      0.020071        13.689270      
676             74.689443       1864.186462     135.946804      0.023347        13.712617      
677             128.339757      1866.764038     135.935679      0.020084        13.732701      
678             110.763790      1868.987732     135.898934      0.020076        13.752777      
679             111.360737      1871.223633     135.863162      0.020078        13.772855      
680             118.485732      1873.602234     135.837870      0.020075        13.792930      
681             120.950959      1876.029236     135.816244      0.020066        13.812996      
682             135.645509      1878.751099     135.815996      0.020066        13.833062      
683             106.841167      1880.895935     135.774008      0.020075        13.853137      
684             104.627369      1883.003967     135.728774      0.020148        13.873285      
685             110.302851      1885.218628     135.692030      0.020078        13.893363      
686             98.064888       1887.401062     135.631854      0.022255        13.915618      
687             246.838631      1892.354126     135.791980      0.020066        13.935684      
688             269.786953      1897.766052     135.984585      0.020060        13.955744      
689             264.729112      1903.075989     136.169358      0.020058        13.975802      
690             150.657053      1906.097717     136.190120      0.020057        13.995859      
691             124.985288      1908.607422     136.174067      0.020080        14.015939      
692             101.721210      1910.651001     136.124754      0.020090        14.036029      
693             107.293892      1912.806213     136.083553      0.020087        14.056116      
694             132.462251      1915.465393     136.078389      0.020075        14.076191      
695             137.315417      1918.221313     136.080150      0.020070        14.096261      
696             137.139821      1920.974121     136.081657      0.020073        14.116334      
697             142.829928      1923.841003     136.091239      0.020072        14.136406      
698             132.725989      1926.504150     136.086469      0.020065        14.156471      
699             110.140023      1928.714661     136.049736      0.020070        14.176541      
700             96.783233       1930.656616     135.994238      0.020065        14.196606      
701             190.177468      1934.472717     136.070715      0.020066        14.216672      
702             274.019315      1939.970093     136.265108      0.020062        14.236734      
703             121.188697      1942.403198     136.243877      0.020077        14.256811      
704             107.269401      1944.558777     136.203094      0.020095        14.276906      
705             124.453477      1947.057678     136.186593      0.020079        14.296985      
706             124.916228      1949.565247     136.170791      0.020074        14.317059      
707             130.457287      1952.183655     136.162792      0.020071        14.337130      
708             116.956671      1954.530273     136.135952      0.020064        14.357194      
709             73.435679       1956.003540     136.048460      0.020062        14.377256      
710             66.207833       1957.332397     135.951097      0.020071        14.397327      
