#timestep       power           acc-energy      avg-power       dt              acc-time       
1               10.187000       0.204372        10.187000       0.020062        0.020062       
2               10.187000       0.451182        10.187000       0.024228        0.044290       
3               10.187000       0.657011        10.187000       0.020205        0.064495       
4               10.187000       0.909638        10.187000       0.024799        0.089294       
5               10.187000       1.346935        10.187000       0.042927        0.132221       
6               10.187000       1.551989        10.187000       0.020129        0.152350       
7               10.187000       1.756952        10.187000       0.020120        0.172470       
8               10.187000       1.961812        10.187000       0.020110        0.192580       
9               10.187000       2.193200        10.187000       0.022714        0.215294       
10              10.187000       2.400556        10.187000       0.020355        0.235649       
11              10.187000       2.607536        10.187000       0.020318        0.255967       
12              10.187000       2.814648        10.187000       0.020331        0.276298       
13              10.187000       3.022422        10.187000       0.020396        0.296694       
14              10.187000       3.228352        10.187000       0.020215        0.316909       
15              10.187000       3.434272        10.187000       0.020214        0.337123       
16              10.187000       3.645805        10.187000       0.020765        0.357888       
17              10.187000       3.850818        10.187000       0.020125        0.378013       
18              10.187000       4.087992        10.187000       0.023282        0.401295       
19              10.187000       4.293586        10.187000       0.020182        0.421477       
20              10.187000       4.500871        10.187000       0.020348        0.441825       
21              10.187000       4.731729        10.187000       0.022662        0.464487       
22              10.187000       4.953795        10.187000       0.021799        0.486286       
23              10.187000       5.158941        10.187000       0.020138        0.506424       
24              10.187000       5.369873        10.187000       0.020706        0.527130       
25              10.187000       5.631384        10.187000       0.025671        0.552801       
26              10.187000       5.850272        10.187000       0.021487        0.574288       
27              10.187000       6.055112        10.187000       0.020108        0.594396       
28              10.187000       6.259942        10.187000       0.020107        0.614503       
29              10.341000       6.468075        10.191884       0.020127        0.634630       
30              10.341000       6.680386        10.196557       0.020531        0.655161       
31              10.341000       6.919615        10.201483       0.023134        0.678295       
32              10.341000       7.129031        10.205528       0.020251        0.698546       
33              10.341000       7.338405        10.209344       0.020247        0.718793       
34              10.341000       7.549289        10.212976       0.020393        0.739186       
35              10.341000       7.760121        10.216412       0.020388        0.759574       
36              10.341000       7.968451        10.219631       0.020146        0.779720       
37              10.341000       8.181414        10.222755       0.020594        0.800314       
38              10.341000       8.419122        10.226056       0.022987        0.823301       
39              10.341000       8.630223        10.228837       0.020414        0.843715       
40              10.341000       8.843062        10.231508       0.020582        0.864297       
41              10.341000       9.051836        10.234007       0.020189        0.884486       
42              10.341000       9.264003        10.236433       0.020517        0.905003       
43              10.341000       9.473067        10.238718       0.020217        0.925220       
44              10.341000       9.681314        10.240897       0.020138        0.945358       
45              10.341000       9.889437        10.242983       0.020126        0.965484       
46              10.341000       10.180794       10.245763       0.028175        0.993659       
47              10.341000       10.410116       10.247842       0.022176        1.015835       
48              10.341000       10.618063       10.249650       0.020109        1.035944       
49              10.341000       10.825918       10.251389       0.020100        1.056044       
50              10.341000       11.033430       10.253060       0.020067        1.076111       
51              10.341000       11.241067       10.254671       0.020079        1.096190       
52              10.341000       11.490254       10.256527       0.024097        1.120287       
53              10.341000       11.698439       10.258019       0.020132        1.140419       
54              10.341000       11.906707       10.259459       0.020140        1.160559       
55              10.341000       12.114954       10.260849       0.020138        1.180697       
56              10.341000       12.323667       10.262197       0.020183        1.200880       
57              10.341000       12.531924       10.263496       0.020139        1.221019       
58              10.341000       12.741298       10.264761       0.020247        1.241266       
59              10.341000       12.949887       10.265980       0.020171        1.261437       
60              10.341000       13.159530       10.267166       0.020273        1.281710       
61              10.341000       13.403567       10.268501       0.023599        1.305309       
62              10.341000       13.613438       10.269611       0.020295        1.325604       
63              10.341000       13.821374       10.270678       0.020108        1.345712       
64              10.341000       14.029549       10.271714       0.020131        1.365843       
65              10.341000       14.237631       10.272720       0.020122        1.385965       
66              10.341000       14.445723       10.273697       0.020123        1.406088       
67              10.341000       14.661860       10.274683       0.020901        1.426989       
68              10.341000       14.935555       10.275891       0.026467        1.453456       
69              10.341000       15.143492       10.276779       0.020108        1.473564       
70              10.341000       15.351325       10.277643       0.020098        1.493662       
71              10.341000       15.559231       10.278485       0.020105        1.513767       
72              10.341000       15.767592       10.279306       0.020149        1.533916       
73              10.341000       15.988838       10.280155       0.021395        1.555311       
74              10.341000       16.197188       10.280933       0.020148        1.575459       
75              10.341000       16.405652       10.281692       0.020159        1.595618       
76              10.341000       16.614272       10.282432       0.020174        1.615792       
77              10.530000       16.826356       10.285480       0.020141        1.635933       
78              10.530000       17.038336       10.288452       0.020131        1.656064       
79              10.530000       17.252727       10.291386       0.020360        1.676424       
80              10.530000       17.471329       10.294305       0.020760        1.697184       
81              10.530000       17.735790       10.297742       0.025115        1.722299       
82              10.530000       17.949676       10.300449       0.020312        1.742611       
83              10.530000       18.164414       10.303104       0.020393        1.763004       
84              10.530000       18.376193       10.305663       0.020112        1.783116       
85              10.530000       18.588499       10.308172       0.020162        1.803278       
86              10.533000       18.800960       10.310659       0.020171        1.823449       
87              10.533000       19.012916       10.313086       0.020123        1.843572       
88              10.533000       19.224735       10.315459       0.020110        1.863682       
89              10.533000       19.589987       10.319432       0.034677        1.898359       
90              10.533000       19.801743       10.321670       0.020104        1.918463       
91              10.548000       20.063586       10.324562       0.024824        1.943287       
92              10.548000       20.275591       10.326849       0.020099        1.963386       
93              10.548000       20.489177       10.329106       0.020249        1.983635       
94              10.548000       20.701867       10.331309       0.020164        2.003799       
95              10.548000       20.914694       10.333469       0.020177        2.023976       
96              10.549000       21.127509       10.335596       0.020174        2.044150       
97              10.549000       21.340821       10.337687       0.020221        2.064371       
98              10.549000       21.554987       10.339745       0.020302        2.084673       
99              10.549000       21.767190       10.341745       0.020116        2.104789       
100             10.549000       21.979320       10.343706       0.020109        2.124898       
101             10.561000       22.191670       10.345743       0.020107        2.145005       
102             10.561000       22.405720       10.347758       0.020268        2.165273       
103             10.561000       22.620447       10.349741       0.020332        2.185605       
104             10.561000       22.833652       10.351675       0.020188        2.205793       
105             10.561000       23.047819       10.353582       0.020279        2.226072       
106             10.565000       23.269504       10.355556       0.020983        2.247055       
107             10.565000       23.493968       10.357518       0.021246        2.268301       
108             10.565000       23.708068       10.359355       0.020265        2.288566       
109             10.565000       23.932056       10.361243       0.021201        2.309767       
110             10.574000       24.349951       10.364822       0.039521        2.349288       
111             10.574000       24.562605       10.366597       0.020111        2.369399       
112             10.574000       24.775143       10.368342       0.020100        2.389499       
113             10.574000       24.987733       10.370058       0.020105        2.409604       
114             10.581000       25.202654       10.371821       0.020312        2.429916       
115             10.581000       25.416295       10.373545       0.020191        2.450107       
116             10.581000       25.629925       10.375240       0.020190        2.470297       
117             10.581000       25.853756       10.376988       0.021154        2.491451       
118             10.581000       26.095468       10.378841       0.022844        2.514295       
119             10.589000       26.309250       10.380515       0.020189        2.534484       
120             10.589000       26.522523       10.382159       0.020141        2.554625       
121             10.589000       26.740413       10.383812       0.020577        2.575202       
122             10.589000       26.956386       10.385424       0.020396        2.595598       
123             10.589000       27.175515       10.387034       0.020694        2.616292       
124             10.597000       27.390400       10.388649       0.020278        2.636570       
125             10.597000       27.609207       10.390268       0.020648        2.657218       
126             10.597000       27.848806       10.392012       0.022610        2.679828       
127             10.597000       28.086804       10.393716       0.022459        2.702287       
128             10.597000       28.300079       10.395219       0.020126        2.722413       
129             10.656000       28.515394       10.397140       0.020206        2.742619       
130             10.656000       28.765863       10.399340       0.023505        2.766124       
131             10.656000       29.057220       10.401852       0.027342        2.793466       
132             10.656000       29.271501       10.403668       0.020109        2.813575       
133             10.656000       29.485665       10.405458       0.020098        2.833673       
134             10.656000       29.699915       10.407223       0.020106        2.853779       
135             10.656000       29.916029       10.408979       0.020281        2.874060       
136             10.656000       30.130961       10.410700       0.020170        2.894230       
137             10.656000       30.346009       10.412399       0.020181        2.914411       
138             10.656000       30.560866       10.414072       0.020163        2.934574       
139             10.656000       30.775947       10.415725       0.020184        2.954758       
140             10.656000       30.991433       10.417358       0.020222        2.974980       
141             10.656000       31.205895       10.418962       0.020126        2.995106       
142             10.656000       31.422255       10.420558       0.020304        3.015410       
143             10.656000       31.666096       10.422331       0.022883        3.038293       
144             10.656000       31.881560       10.423876       0.020220        3.058513       
145             10.656000       32.096918       10.425400       0.020210        3.078723       
146             10.656000       32.313693       10.426914       0.020343        3.099066       
147             10.656000       32.529552       10.428401       0.020257        3.119323       
148             10.656000       32.763675       10.429993       0.021971        3.141294       
149             10.656000       32.979150       10.431439       0.020221        3.161515       
150             10.656000       33.194635       10.432866       0.020222        3.181737       
151             10.656000       33.441332       10.434478       0.023151        3.204888       
152             10.656000       33.735992       10.436373       0.027652        3.232540       
153             10.656000       33.950380       10.437731       0.020119        3.252659       
154             10.656000       34.180859       10.439173       0.021629        3.274288       
155             10.656000       34.395364       10.440498       0.020130        3.294418       
156             10.656000       34.613215       10.441827       0.020444        3.314862       
157             10.656000       34.829745       10.443132       0.020320        3.335182       
158             10.656000       35.046190       10.444420       0.020312        3.355494       
159             10.656000       35.262667       10.445694       0.020315        3.375809       
160             10.656000       35.477939       10.446945       0.020202        3.396011       
161             10.656000       35.726309       10.448370       0.023308        3.419319       
162             10.656000       35.946483       10.449617       0.020662        3.439981       
163             10.656000       36.164558       10.450837       0.020465        3.460446       
164             10.656000       36.408293       10.452185       0.022873        3.483319       
165             10.656000       36.627402       10.453381       0.020562        3.503881       
166             10.656000       36.846532       10.454563       0.020564        3.524445       
167             10.656000       37.065598       10.455731       0.020558        3.545003       
168             10.656000       37.313776       10.457038       0.023290        3.568293       
169             10.656000       37.529688       10.458162       0.020262        3.588555       
170             10.656000       37.745237       10.459270       0.020228        3.608783       
171             10.656000       37.960723       10.460367       0.020222        3.629005       
172             10.656000       38.221507       10.461677       0.024473        3.653478       
173             10.634000       38.454530       10.462705       0.021913        3.675391       
174             10.634000       38.698017       10.463765       0.022897        3.698288       
175             10.634000       38.911909       10.464686       0.020114        3.718402       
176             10.642000       39.126016       10.465640       0.020119        3.738521       
177             10.642000       39.343464       10.466599       0.020433        3.758954       
178             10.642000       39.591880       10.467681       0.023343        3.782297       
179             10.642000       39.807721       10.468611       0.020282        3.802579       
180             10.642000       40.049571       10.469641       0.022726        3.825305       
181             10.656000       40.267934       10.470634       0.020492        3.845797       
182             10.656000       40.482887       10.471601       0.020172        3.865969       
183             10.656000       40.697669       10.472558       0.020156        3.886125       
184             10.656000       40.916064       10.473520       0.020495        3.906620       
185             10.656000       41.146990       10.474527       0.021671        3.928291       
186             10.647000       41.362251       10.475410       0.020218        3.948509       
187             10.647000       41.577107       10.476283       0.020180        3.968689       
188             10.647000       41.793369       10.477152       0.020312        3.989001       
189             10.647000       42.007693       10.478005       0.020130        4.009131       
190             10.619000       42.221571       10.478709       0.020141        4.029272       
191             10.619000       42.434821       10.479405       0.020082        4.049354       
192             10.619000       42.678389       10.480191       0.022937        4.072291       
193             10.619000       42.976348       10.481141       0.028059        4.100350       
194             10.619000       43.219916       10.481908       0.022937        4.123287       
195             10.619000       43.433411       10.482573       0.020105        4.143392       
196             10.619000       43.646959       10.483232       0.020110        4.163502       
197             10.619000       43.861526       10.483888       0.020206        4.183708       
198             10.619000       44.077251       10.484541       0.020315        4.204023       
199             10.619000       44.291670       10.485184       0.020192        4.224215       
200             10.617000       44.505985       10.485811       0.020186        4.244401       
201             10.617000       44.719705       10.486430       0.020130        4.264531       
202             10.617000       44.934126       10.487045       0.020196        4.284727       
203             10.617000       45.148048       10.487654       0.020149        4.304876       
204             10.617000       45.361694       10.488255       0.020123        4.324999       
205             10.611000       45.576927       10.488828       0.020284        4.345283       
206             10.611000       45.792639       10.489397       0.020329        4.365612       
207             10.611000       46.007628       10.489959       0.020261        4.385873       
208             10.611000       46.222066       10.490514       0.020209        4.406082       
209             10.611000       46.437755       10.491067       0.020327        4.426409       
210             10.600000       46.650879       10.491560       0.020106        4.446515       
211             10.600000       46.864374       10.492049       0.020141        4.466656       
212             10.600000       47.077550       10.492533       0.020111        4.486767       
213             10.600000       47.290790       10.493013       0.020117        4.506884       
214             10.593000       47.517544       10.493485       0.021406        4.528290       
215             10.593000       47.805240       10.494079       0.027159        4.555449       
216             10.593000       48.018212       10.494513       0.020105        4.575554       
217             10.593000       48.231110       10.494944       0.020098        4.595652       
218             10.593000       48.444178       10.495371       0.020114        4.615766       
219             10.587000       48.658448       10.495771       0.020239        4.636005       
220             10.587000       48.872443       10.496167       0.020213        4.656218       
221             10.587000       49.086141       10.496559       0.020185        4.676403       
222             10.587000       49.299713       10.496948       0.020173        4.696576       
223             10.587000       49.529652       10.497362       0.021719        4.718295       
224             10.587000       49.743626       10.497745       0.020211        4.738506       
225             10.587000       49.956583       10.498122       0.020115        4.758621       
226             10.587000       50.171087       10.498499       0.020261        4.778882       
227             10.587000       50.386331       10.498874       0.020331        4.799213       
228             10.587000       50.600538       10.499244       0.020233        4.819446       
229             10.587000       50.813506       10.499608       0.020116        4.839562       
230             10.587000       51.026495       10.499970       0.020118        4.859680       
231             10.587000       51.239548       10.500329       0.020124        4.879804       
232             10.587000       51.452664       10.500685       0.020130        4.899934       
233             10.587000       51.665579       10.501038       0.020111        4.920045       
234             10.587000       51.878547       10.501388       0.020116        4.940161       
235             10.587000       52.091410       10.501735       0.020106        4.960267       
236             10.587000       52.431432       10.502284       0.032117        4.992384       
237             10.587000       52.644527       10.502624       0.020128        5.012512       
238             10.587000       52.857337       10.502961       0.020101        5.032613       
239             10.587000       53.070241       10.503295       0.020110        5.052723       
240             10.587000       53.285401       10.503631       0.020323        5.073046       
241             10.587000       53.499766       10.503962       0.020248        5.093294       
242             10.587000       53.713126       10.504289       0.020153        5.113447       
243             10.587000       53.926571       10.504614       0.020161        5.133608       
244             10.587000       54.139486       10.504936       0.020111        5.153719       
245             10.587000       54.352941       10.505255       0.020162        5.173881       
246             10.587000       54.565803       10.505572       0.020106        5.193987       
247             10.587000       54.778792       10.505886       0.020118        5.214105       
248             10.587000       54.993465       10.506200       0.020277        5.234382       
249             10.587000       55.207619       10.506511       0.020228        5.254610       
250             10.587000       55.421550       10.506820       0.020207        5.274817       
251             10.587000       55.640617       10.507133       0.020692        5.295509       
252             10.587000       55.854125       10.507436       0.020167        5.315676       
253             10.587000       56.082931       10.507758       0.021612        5.337288       
254             10.587000       56.295994       10.508056       0.020125        5.357413       
255             10.587000       56.508931       10.508351       0.020113        5.377526       
256             10.587000       56.721708       10.508644       0.020098        5.397624       
257             10.587000       56.956411       10.508964       0.022169        5.419793       
258             10.587000       57.250508       10.509362       0.027779        5.447572       
259             10.587000       57.463359       10.509648       0.020105        5.467677       
260             10.587000       57.676126       10.509931       0.020097        5.487774       
261             10.587000       57.889031       10.510212       0.020110        5.507884       
262             10.587000       58.104032       10.510494       0.020308        5.528192       
263             10.587000       58.327460       10.510785       0.021104        5.549296       
264             10.587000       58.541021       10.511061       0.020172        5.569468       
265             10.587000       58.754645       10.511336       0.020178        5.589646       
266             10.587000       58.968217       10.511608       0.020173        5.609819       
267             10.547000       59.180760       10.511734       0.020152        5.629971       
268             10.547000       59.393071       10.511860       0.020130        5.650101       
269             10.547000       59.607344       10.511986       0.020316        5.670417       
270             10.547000       59.827639       10.512114       0.020887        5.691304       
271             10.547000       60.041110       10.512238       0.020240        5.711544       
272             10.547000       60.254465       10.512361       0.020229        5.731773       
273             10.547000       60.468897       10.512483       0.020331        5.752104       
274             10.547000       60.721423       10.512626       0.023943        5.776047       
275             10.547000       60.955999       10.512758       0.022241        5.798288       
276             10.547000       61.168701       10.512877       0.020167        5.818455       
277             10.547000       61.381455       10.512995       0.020172        5.838627       
278             10.547000       61.670738       10.513154       0.027428        5.866055       
279             10.547000       61.893828       10.513275       0.021152        5.887207       
280             10.547000       62.105643       10.513390       0.020083        5.907290       
281             10.547000       62.317733       10.513504       0.020109        5.927399       
282             10.547000       62.530044       10.513617       0.020130        5.947529       
283             10.547000       62.746152       10.513732       0.020490        5.968019       
284             10.547000       62.960024       10.513845       0.020278        5.988297       
285             10.547000       63.173928       10.513957       0.020281        6.008578       
286             10.547000       63.388000       10.514068       0.020297        6.028875       
287             10.547000       63.602695       10.514179       0.020356        6.049231       
288             10.547000       63.817168       10.514289       0.020335        6.069566       
289             10.547000       64.030165       10.514397       0.020195        6.089761       
290             10.547000       64.247918       10.514507       0.020646        6.110407       
291             10.547000       64.463467       10.514615       0.020437        6.130844       
292             10.547000       64.678573       10.514723       0.020395        6.151239       
293             10.547000       64.894818       10.514830       0.020503        6.171742       
294             10.547000       65.107077       10.514935       0.020125        6.191867       
295             10.547000       65.333025       10.515045       0.021423        6.213290       
296             10.547000       65.545811       10.515149       0.020175        6.233465       
297             10.547000       65.758027       10.515251       0.020121        6.253586       
298             10.547000       65.970233       10.515353       0.020120        6.273706       
299             10.547000       66.182734       10.515454       0.020148        6.293854       
300             10.547000       66.612123       10.515657       0.040712        6.334566       
301             10.547000       66.824223       10.515756       0.020110        6.354676       
302             10.547000       67.036208       10.515855       0.020099        6.374775       
303             10.547000       67.248297       10.515953       0.020109        6.394884       
304             10.547000       67.462802       10.516051       0.020338        6.415222       
305             10.547000       67.675862       10.516148       0.020201        6.435423       
306             10.547000       67.888869       10.516245       0.020196        6.455619       
307             10.547000       68.101760       10.516341       0.020185        6.475804       
308             10.547000       68.315263       10.516436       0.020243        6.496047       
309             10.547000       68.549850       10.516540       0.022242        6.518289       
310             10.547000       68.762003       10.516634       0.020115        6.538404       
311             10.547000       68.976107       10.516728       0.020300        6.558704       
312             10.547000       69.190053       10.516821       0.020285        6.578989       
313             10.547000       69.404273       10.516914       0.020311        6.599300       
314             10.547000       69.618873       10.517007       0.020347        6.619647       
315             10.510000       69.833424       10.516985       0.020414        6.640061       
316             10.510000       70.067040       10.516962       0.022228        6.662289       
317             10.510000       70.278911       10.516941       0.020159        6.682448       
318             10.510000       70.490299       10.516920       0.020113        6.702561       
319             10.510000       70.701371       10.516899       0.020083        6.722644       
320             10.510000       70.912517       10.516879       0.020090        6.742734       
321             10.510000       71.219115       10.516849       0.029172        6.771906       
322             10.510000       71.430397       10.516829       0.020103        6.792009       
323             10.510000       71.641606       10.516809       0.020096        6.812105       
324             10.510000       71.852878       10.516789       0.020102        6.832207       
325             10.510000       72.066326       10.516769       0.020309        6.852516       
326             10.510000       72.295191       10.516747       0.021776        6.874292       
327             10.510000       72.507010       10.516728       0.020154        6.894446       
328             10.510000       72.718839       10.516708       0.020155        6.914601       
329             10.510000       72.930647       10.516688       0.020153        6.934754       
330             10.510000       73.142234       10.516669       0.020132        6.954886       
331             10.510000       73.353832       10.516650       0.020133        6.975019       
332             10.510000       73.568510       10.516630       0.020426        6.995445       
333             10.510000       73.781621       10.516611       0.020277        7.015722       
334             10.510000       73.993944       10.516592       0.020202        7.035924       
335             10.510000       74.218669       10.516572       0.021382        7.057306       
336             10.510000       74.432852       10.516553       0.020379        7.077685       
337             10.510000       74.644261       10.516535       0.020115        7.097800       
338             10.510000       74.856111       10.516516       0.020157        7.117957       
339             10.510000       75.067582       10.516498       0.020121        7.138078       
340             10.510000       75.279023       10.516480       0.020118        7.158196       
341             10.510000       75.490242       10.516462       0.020097        7.178293       
342             10.510000       75.859311       10.516430       0.035116        7.213409       
343             10.510000       76.070709       10.516412       0.020114        7.233523       
344             10.510000       76.309948       10.516392       0.022763        7.256286       
345             10.510000       76.521368       10.516374       0.020116        7.276402       
346             10.510000       76.735162       10.516357       0.020342        7.296744       
347             10.510000       76.946991       10.516339       0.020155        7.316899       
348             10.510000       77.159272       10.516322       0.020198        7.337097       
349             10.510000       77.371374       10.516304       0.020181        7.357278       
350             10.510000       77.582867       10.516287       0.020123        7.377401       
351             10.510000       77.795926       10.516270       0.020272        7.397673       
352             10.510000       78.007482       10.516253       0.020129        7.417802       
353             10.510000       78.221444       10.516236       0.020358        7.438160       
354             10.510000       78.434787       10.516219       0.020299        7.458459       
355             10.510000       78.647362       10.516202       0.020226        7.478685       
356             10.510000       78.858960       10.516185       0.020133        7.498818       
357             10.510000       79.072870       10.516169       0.020353        7.519171       
358             10.510000       79.284447       10.516152       0.020131        7.539302       
359             10.510000       79.526008       10.516133       0.022984        7.562286       
360             10.510000       79.758994       10.516115       0.022168        7.584454       
361             10.510000       79.988448       10.516098       0.021832        7.606286       
362             10.405000       80.197651       10.515805       0.020106        7.626392       
363             10.405000       80.559756       10.515302       0.034801        7.661193       
364             10.405000       80.768844       10.515013       0.020095        7.681288       
365             10.405000       80.977974       10.514726       0.020099        7.701387       
366             10.405000       81.187323       10.514440       0.020120        7.721507       
367             10.405000       81.398971       10.514153       0.020341        7.741848       
368             10.405000       81.610130       10.513867       0.020294        7.762142       
369             10.405000       81.819812       10.513585       0.020152        7.782294       
370             10.405000       82.038389       10.513293       0.021007        7.803301       
371             10.405000       82.247676       10.513015       0.020114        7.823415       
372             10.405000       82.457721       10.512737       0.020187        7.843602       
373             10.405000       82.667434       10.512460       0.020155        7.863757       
374             10.405000       82.879613       10.512182       0.020392        7.884149       
375             10.405000       83.092791       10.511905       0.020488        7.904637       
376             10.405000       83.305209       10.511629       0.020415        7.925052       
377             10.405000       83.536970       10.511330       0.022274        7.947326       
378             10.405000       83.750002       10.511057       0.020474        7.967800       
379             10.405000       83.961556       10.510787       0.020332        7.988132       
380             10.405000       84.181726       10.510508       0.021160        8.009292       
381             10.405000       84.391990       10.510242       0.020208        8.029500       
382             10.405000       84.618715       10.509957       0.021790        8.051290       
383             10.405000       84.846335       10.509673       0.021876        8.073166       
384             10.405000       85.232600       10.509194       0.037123        8.110289       
385             10.405000       85.442354       10.508936       0.020159        8.130448       
386             10.405000       85.651661       10.508679       0.020116        8.150564       
387             10.405000       85.862019       10.508422       0.020217        8.170781       
388             10.405000       86.106713       10.508126       0.023517        8.194298       
389             10.405000       86.318070       10.507871       0.020313        8.214611       
390             10.405000       86.529312       10.507617       0.020302        8.234913       
391             10.405000       86.740659       10.507365       0.020312        8.255225       
392             10.405000       86.952525       10.507113       0.020362        8.275587       
393             10.405000       87.163029       10.506864       0.020231        8.295818       
394             10.405000       87.372794       10.506617       0.020160        8.315978       
395             10.405000       87.615594       10.506332       0.023335        8.339313       
396             10.405000       87.854837       10.506054       0.022993        8.362306       
397             10.405000       88.067223       10.505808       0.020412        8.382718       
398             10.405000       88.278663       10.505564       0.020321        8.403039       
399             10.405000       88.492809       10.505318       0.020581        8.423620       
400             10.405000       88.718275       10.505061       0.021669        8.445289       
401             10.405000       88.927956       10.504823       0.020152        8.465441       
402             10.405000       89.137596       10.504586       0.020148        8.485589       
403             10.405000       89.347028       10.504350       0.020128        8.505717       
404             10.405000       89.590703       10.504077       0.023419        8.529136       
405             10.405000       89.873209       10.503763       0.027151        8.556287       
406             10.405000       90.082464       10.503531       0.020111        8.576398       
407             10.405000       90.291521       10.503301       0.020092        8.596490       
408             10.405000       90.500641       10.503072       0.020098        8.616588       
409             10.354000       90.710433       10.502722       0.020262        8.636850       
410             10.354000       90.919149       10.502376       0.020158        8.657008       
411             10.354000       91.127927       10.502031       0.020164        8.677172       
412             10.354000       91.336830       10.501687       0.020176        8.697348       
413             10.354000       91.546167       10.501345       0.020218        8.717566       
414             10.354000       91.756374       10.501003       0.020302        8.737868       
415             10.354000       91.964955       10.500664       0.020145        8.758013       
416             10.354000       92.192598       10.500297       0.021986        8.779999       
417             10.354000       92.433753       10.499910       0.023291        8.803290       
418             10.354000       92.643505       10.499575       0.020258        8.823548       
419             10.354000       92.852521       10.499243       0.020187        8.843735       
420             10.354000       93.060346       10.498914       0.020072        8.863807       
421             10.354000       93.268824       10.498585       0.020135        8.883942       
422             10.354000       93.477291       10.498258       0.020134        8.904076       
423             10.354000       93.685800       10.497933       0.020138        8.924214       
424             10.354000       93.894247       10.497609       0.020132        8.944346       
425             10.354000       94.131105       10.497243       0.022876        8.967222       
426             10.358000       94.463234       10.496747       0.032065        8.999287       
427             10.358000       94.671710       10.496437       0.020127        9.019414       
428             10.363000       94.880027       10.496140       0.020102        9.039516       
429             10.363000       95.088416       10.495845       0.020109        9.059625       
430             10.363000       95.299127       10.495547       0.020333        9.079958       
431             10.363000       95.508408       10.495253       0.020195        9.100153       
432             10.363000       95.717181       10.494961       0.020146        9.120299       
433             10.357000       95.926196       10.494656       0.020181        9.140480       
434             10.357000       96.135635       10.494352       0.020222        9.160702       
435             10.357000       96.345395       10.494049       0.020253        9.180955       
436             10.357000       96.553830       10.493750       0.020125        9.201080       
437             10.357000       96.801103       10.493396       0.023875        9.224955       
438             10.351000       97.011653       10.493082       0.020341        9.245296       
439             10.351000       97.220909       10.492772       0.020216        9.265512       
440             10.351000       97.436127       10.492455       0.020792        9.286304       
441             10.351000       97.646780       10.492146       0.020351        9.306655       
442             10.351000       97.855436       10.491841       0.020158        9.326813       
