#timestep       power           acc-energy      avg-power       dt              acc-time       
1               10.854000       0.229432        10.854000       0.021138        0.021138       
2               10.854000       0.470651        10.854000       0.022224        0.043362       
3               10.845000       0.689633        10.851141       0.020192        0.063554       
4               10.845000       0.908637        10.849660       0.020194        0.083748       
5               10.845000       1.130287        10.848746       0.020438        0.104186       
6               10.845000       1.512671        10.847799       0.035259        0.139445       
7               10.846000       1.810090        10.847503       0.027422        0.166867       
8               10.846000       2.054060        10.847325       0.022494        0.189361       
9               10.846000       2.272260        10.847197       0.020118        0.209479       
10              10.846000       2.490427        10.847092       0.020115        0.229594       
11              10.843000       2.708534        10.846763       0.020115        0.249709       
12              10.843000       2.974697        10.846426       0.024547        0.274256       
13              10.843000       3.225301        10.846160       0.023112        0.297368       
14              10.843000       3.444264        10.845959       0.020194        0.317562       
15              10.843000       3.663195        10.845782       0.020191        0.337753       
16              10.843000       3.882007        10.845625       0.020180        0.357933       
17              10.843000       4.100873        10.845485       0.020185        0.378118       
18              10.843000       4.352897        10.845341       0.023243        0.401361       
19              10.843000       4.570971        10.845229       0.020112        0.421473       
20              10.843000       4.789154        10.845128       0.020122        0.441595       
21              10.841000       5.013476        10.844943       0.020692        0.462287       
22              10.841000       5.245105        10.844769       0.021366        0.483653       
23              10.841000       5.502188        10.844593       0.023714        0.507367       
24              10.841000       5.721469        10.844455       0.020227        0.527594       
25              10.839000       5.940710        10.844253       0.020227        0.547821       
26              10.839000       6.161728        10.844065       0.020391        0.568212       
27              10.839000       6.379743        10.843892       0.020114        0.588326       
28              10.839000       6.598323        10.843730       0.020166        0.608492       
29              10.839000       6.824576        10.843573       0.020874        0.629366       
30              10.829000       7.042856        10.843121       0.020157        0.649523       
31              10.829000       7.260692        10.842696       0.020116        0.669639       
32              10.829000       7.478626        10.842297       0.020125        0.689764       
33              10.829000       7.696646        10.841920       0.020133        0.709897       
34              10.829000       7.914547        10.841564       0.020122        0.730019       
35              10.831000       8.212129        10.841180       0.027475        0.757494       
36              10.831000       8.470741        10.840869       0.023877        0.781371       
37              10.831000       8.690556        10.840619       0.020295        0.801666       
38              10.831000       8.911422        10.840381       0.020392        0.822058       
39              10.831000       9.129190        10.840157       0.020106        0.842164       
40              10.809000       9.379937        10.839322       0.023198        0.865362       
41              10.809000       9.597284        10.838633       0.020108        0.885470       
42              10.809000       9.816891        10.837968       0.020317        0.905787       
43              10.809000       10.044183       10.837311       0.021028        0.926815       
44              10.809000       10.287969       10.836639       0.022554        0.949369       
45              10.809000       10.506029       10.836063       0.020174        0.969543       
46              10.809000       10.723971       10.835512       0.020163        0.989706       
47              10.809000       10.941373       10.834984       0.020113        1.009819       
48              10.809000       11.159012       10.834476       0.020135        1.029954       
49              10.809000       11.376349       10.833988       0.020107        1.050061       
50              10.809000       11.593945       10.833518       0.020131        1.070192       
51              10.809000       11.813605       10.833061       0.020322        1.090514       
52              10.809000       12.033028       10.832622       0.020300        1.110814       
53              10.809000       12.251932       10.832199       0.020252        1.131066       
54              10.809000       12.470576       10.831791       0.020228        1.151294       
55              10.809000       12.687502       10.831401       0.020069        1.171363       
56              10.809000       12.904979       10.831022       0.020120        1.191483       
57              10.809000       13.124056       10.830654       0.020268        1.211751       
58              10.809000       13.341587       10.830300       0.020125        1.231876       
59              10.809000       13.595458       10.829902       0.023487        1.255363       
60              10.809000       13.812913       10.829572       0.020118        1.275481       
61              10.809000       14.030304       10.829253       0.020112        1.295593       
62              10.809000       14.247803       10.828943       0.020122        1.315715       
63              10.809000       14.503500       10.828591       0.023656        1.339371       
64              10.809000       14.762495       10.828246       0.023961        1.363332       
65              10.809000       15.033131       10.827899       0.025038        1.388370       
66              10.809000       15.252434       10.827627       0.020289        1.408659       
67              10.809000       15.469749       10.827365       0.020105        1.428764       
68              10.809000       15.686989       10.827110       0.020098        1.448862       
69              10.809000       15.904530       10.826862       0.020126        1.468988       
70              10.809000       16.123780       10.826619       0.020284        1.489272       
71              10.809000       16.343160       10.826382       0.020296        1.509568       
72              10.809000       16.561426       10.826152       0.020193        1.529761       
73              10.809000       16.779670       10.825929       0.020191        1.549952       
74              10.809000       16.997980       10.825711       0.020197        1.570149       
75              10.809000       17.243074       10.825473       0.022675        1.592824       
76              10.809000       17.461081       10.825267       0.020169        1.612993       
77              10.809000       17.678655       10.825067       0.020129        1.633122       
78              10.809000       17.895981       10.824871       0.020106        1.653228       
79              10.809000       18.113404       10.824681       0.020115        1.673343       
80              10.809000       18.332535       10.824493       0.020273        1.693616       
81              10.809000       18.552227       10.824309       0.020325        1.713941       
82              10.809000       18.771315       10.824130       0.020269        1.734210       
83              10.809000       18.990046       10.823956       0.020236        1.754446       
84              10.809000       19.207631       10.823786       0.020130        1.774576       
85              10.809000       19.450618       10.823601       0.022480        1.797056       
86              10.809000       19.668289       10.823439       0.020138        1.817194       
87              10.809000       19.897116       10.823273       0.021170        1.838364       
88              10.851000       20.115492       10.823573       0.020125        1.858489       
89              10.851000       20.333651       10.823867       0.020105        1.878594       
90              10.851000       20.551822       10.824154       0.020106        1.898700       
91              10.851000       20.785476       10.824455       0.021533        1.920233       
92              10.851000       21.025652       10.824758       0.022134        1.942367       
93              10.851000       21.275204       10.825065       0.022998        1.965365       
94              10.851000       21.504008       10.825340       0.021086        1.986451       
95              10.851000       21.722124       10.825597       0.020101        2.006552       
96              10.851000       21.940185       10.825849       0.020096        2.026648       
97              10.851000       22.159104       10.826097       0.020175        2.046823       
98              10.851000       22.393041       10.826357       0.021559        2.068382       
99              10.851000       22.615953       10.826599       0.020543        2.088925       
100             10.851000       22.870333       10.826870       0.023443        2.112368       
101             10.851000       23.090435       10.827099       0.020284        2.132652       
102             10.851000       23.310178       10.827324       0.020251        2.152903       
103             10.851000       23.529911       10.827545       0.020250        2.173153       
104             10.851000       23.748841       10.827760       0.020176        2.193329       
105             10.851000       23.969236       10.827974       0.020311        2.213640       
106             10.851000       24.190672       10.828184       0.020407        2.234047       
107             10.851000       24.408983       10.828388       0.020119        2.254166       
108             10.851000       24.627598       10.828588       0.020147        2.274313       
109             10.851000       24.850782       10.828789       0.020568        2.294881       
110             10.851000       25.071838       10.828984       0.020372        2.315253       
111             10.851000       25.292873       10.829176       0.020370        2.335623       
112             10.851000       25.523446       10.829373       0.021249        2.356872       
113             10.851000       25.756753       10.829569       0.021501        2.378373       
114             10.851000       25.975618       10.829749       0.020170        2.398543       
115             10.851000       26.194830       10.829926       0.020202        2.418745       
116             10.851000       26.451152       10.830130       0.023622        2.442367       
117             10.851000       26.670440       10.830301       0.020209        2.462576       
118             10.851000       26.889674       10.830470       0.020204        2.482780       
119             10.851000       27.108929       10.830635       0.020206        2.502986       
120             10.851000       27.327761       10.830798       0.020167        2.523153       
121             10.851000       27.562740       10.830970       0.021655        2.544808       
122             10.851000       27.783612       10.831129       0.020355        2.565163       
123             10.851000       28.006111       10.831287       0.020505        2.585668       
124             10.851000       28.224444       10.831439       0.020121        2.605789       
125             10.851000       28.442701       10.831589       0.020114        2.625903       
126             10.851000       28.661186       10.831736       0.020135        2.646038       
127             10.851000       28.892790       10.831891       0.021344        2.667382       
128             10.851000       29.115485       10.832037       0.020523        2.687905       
129             10.851000       29.348380       10.832187       0.021463        2.709368       
130             10.851000       29.569230       10.832327       0.020353        2.729721       
131             10.851000       29.789820       10.832465       0.020329        2.750050       
132             10.851000       30.010248       10.832601       0.020314        2.770364       
133             10.851000       30.259983       10.832753       0.023015        2.793379       
134             10.851000       30.479879       10.832884       0.020265        2.813644       
135             10.851000       30.697984       10.833012       0.020100        2.833744       
136             10.850000       30.916308       10.833132       0.020122        2.853866       
137             10.850000       31.136606       10.833251       0.020304        2.874170       
138             10.850000       31.355776       10.833368       0.020200        2.894370       
139             10.850000       31.574903       10.833484       0.020196        2.914566       
140             10.850000       31.793400       10.833597       0.020138        2.934704       
141             10.850000       32.011724       10.833709       0.020122        2.954826       
142             10.850000       32.231805       10.833820       0.020284        2.975110       
143             10.850000       32.452223       10.833929       0.020315        2.995425       
144             10.850000       32.670330       10.834037       0.020102        3.015527       
145             10.850000       32.888664       10.834142       0.020123        3.035650       
146             10.850000       33.106847       10.834247       0.020109        3.055759       
147             10.850000       33.324997       10.834350       0.020106        3.075865       
148             10.850000       33.544145       10.834452       0.020198        3.096063       
149             10.850000       33.829544       10.834583       0.026304        3.122367       
150             10.850000       34.067875       10.834690       0.021966        3.144333       
151             10.850000       34.289019       10.834789       0.020382        3.164715       
152             10.850000       34.507408       10.834885       0.020128        3.184843       
153             10.850000       34.725569       10.834980       0.020107        3.204950       
154             10.850000       34.943687       10.835074       0.020103        3.225053       
155             10.850000       35.162054       10.835166       0.020126        3.245179       
156             10.850000       35.383676       10.835259       0.020426        3.265605       
157             10.850000       35.619794       10.835357       0.021762        3.287367       
158             10.850000       35.839452       10.835446       0.020245        3.307612       
159             10.850000       36.059121       10.835535       0.020246        3.327858       
160             10.850000       36.278736       10.835622       0.020241        3.348099       
161             10.850000       36.497428       10.835708       0.020156        3.368255       
162             10.850000       36.718877       10.835794       0.020410        3.388665       
163             10.850000       36.937678       10.835878       0.020166        3.408831       
164             10.850000       37.157206       10.835962       0.020233        3.429064       
165             10.850000       37.399302       10.836052       0.022313        3.451377       
166             10.850000       37.621760       10.836135       0.020503        3.471880       
167             10.850000       37.844771       10.836216       0.020554        3.492434       
168             10.850000       38.066121       10.836296       0.020401        3.512835       
169             10.850000       38.286463       10.836375       0.020308        3.533143       
170             10.850000       38.512490       10.836455       0.020832        3.553975       
171             10.850000       38.735122       10.836533       0.020519        3.574494       
172             10.850000       38.953792       10.836608       0.020154        3.594648       
173             10.850000       39.173386       10.836683       0.020239        3.614887       
174             10.850000       39.393272       10.836758       0.020266        3.635153       
175             10.850000       39.645252       10.836842       0.023224        3.658377       
176             10.850000       39.865008       10.836914       0.020254        3.678631       
177             10.850000       40.089082       10.836987       0.020652        3.699283       
178             10.850000       40.448998       10.837103       0.033172        3.732455       
179             10.850000       40.669460       10.837173       0.020319        3.752774       
180             10.850000       40.888065       10.837241       0.020148        3.772922       
181             10.850000       41.106400       10.837309       0.020123        3.793045       
182             10.850000       41.324680       10.837376       0.020118        3.813163       
183             10.850000       41.543243       10.837442       0.020144        3.833307       
184             10.865000       41.766670       10.837589       0.020564        3.853871       
185             10.865000       41.989077       10.837734       0.020470        3.874341       
186             10.865000       42.210017       10.837876       0.020335        3.894676       
187             10.865000       42.431109       10.838017       0.020349        3.915025       
188             10.865000       42.653059       10.838157       0.020428        3.935453       
189             10.865000       42.912950       10.838320       0.023920        3.959373       
190             10.865000       43.134400       10.838456       0.020382        3.979755       
191             10.865000       43.354297       10.838590       0.020239        3.999994       
192             10.865000       43.573303       10.838723       0.020157        4.020151       
193             10.865000       43.797285       10.838857       0.020615        4.040766       
194             10.865000       44.020376       10.838989       0.020533        4.061299       
195             10.865000       44.241511       10.839119       0.020353        4.081652       
196             10.865000       44.463711       10.839248       0.020451        4.102103       
197             10.865000       44.685238       10.839375       0.020389        4.122492       
198             10.865000       44.908383       10.839502       0.020538        4.143030       
199             10.865000       45.130757       10.839628       0.020467        4.163497       
200             10.865000       45.368418       10.839760       0.021874        4.185371       
201             10.865000       45.588891       10.839882       0.020292        4.205663       
202             10.865000       45.808689       10.840002       0.020230        4.225893       
203             10.865000       46.028434       10.840121       0.020225        4.246118       
204             10.865000       46.248157       10.840239       0.020223        4.266341       
205             10.865000       46.467228       10.840356       0.020163        4.286504       
206             10.865000       46.748273       10.840504       0.025867        4.312371       
207             10.865000       47.031002       10.840650       0.026022        4.338393       
208             10.865000       47.269673       10.840773       0.021967        4.360360       
209             10.865000       47.488071       10.840884       0.020101        4.380461       
210             10.865000       47.707250       10.840995       0.020173        4.400634       
211             10.865000       47.954364       10.841118       0.022744        4.423378       
212             10.865000       48.176195       10.841228       0.020417        4.443795       
213             10.865000       48.397580       10.841336       0.020376        4.464171       
214             10.865000       48.619009       10.841444       0.020380        4.484551       
215             10.865000       48.838916       10.841550       0.020240        4.504791       
216             10.865000       49.058748       10.841655       0.020233        4.525024       
217             10.865000       49.290661       10.841764       0.021345        4.546369       
218             10.865000       49.511275       10.841868       0.020305        4.566674       
219             10.865000       49.733486       10.841971       0.020452        4.587126       
220             10.865000       49.957327       10.842074       0.020602        4.607728       
221             10.865000       50.211187       10.842189       0.023365        4.631093       
222             10.865000       50.431801       10.842289       0.020305        4.651398       
223             10.865000       50.657815       10.842390       0.020802        4.672200       
224             10.865000       50.881938       10.842489       0.020628        4.692828       
225             10.865000       51.105583       10.842588       0.020584        4.713412       
226             10.865000       51.334455       10.842688       0.021065        4.734477       
227             10.865000       51.554134       10.842782       0.020219        4.754696       
228             10.865000       51.789568       10.842883       0.021669        4.776365       
229             10.865000       52.008421       10.842976       0.020143        4.796508       
230             10.865000       52.226960       10.843068       0.020114        4.816622       
231             10.865000       52.445542       10.843159       0.020118        4.836740       
232             10.835000       52.663521       10.843125       0.020118        4.856858       
233             10.835000       52.881293       10.843092       0.020099        4.876957       
234             10.835000       53.200731       10.843043       0.029482        4.906439       
235             10.835000       53.420259       10.843010       0.020261        4.926700       
236             10.835000       53.640177       10.842977       0.020297        4.946997       
237             10.835000       53.857949       10.842945       0.020099        4.967096       
238             10.835000       54.075625       10.842913       0.020090        4.987186       
239             10.835000       54.293506       10.842881       0.020109        5.007295       
240             10.835000       54.513294       10.842850       0.020285        5.027580       
241             10.835000       54.760180       10.842814       0.022786        5.050366       
242             10.835000       54.978668       10.842783       0.020165        5.070531       
243             10.835000       55.197145       10.842752       0.020164        5.090695       
244             10.835000       55.415557       10.842722       0.020158        5.110853       
245             10.835000       55.633405       10.842691       0.020106        5.130959       
246             10.835000       55.851503       10.842661       0.020129        5.151088       
247             10.835000       56.069416       10.842632       0.020112        5.171200       
248             10.835000       56.287243       10.842602       0.020104        5.191304       
249             10.835000       56.504788       10.842573       0.020078        5.211382       
250             10.835000       56.724717       10.842543       0.020298        5.231680       
251             10.835000       56.943833       10.842514       0.020223        5.251903       
252             10.835000       57.162928       10.842485       0.020221        5.272124       
253             10.835000       57.381795       10.842457       0.020200        5.292324       
254             10.835000       57.599958       10.842429       0.020135        5.312459       
255             10.835000       57.845739       10.842397       0.022684        5.335143       
256             10.835000       58.063696       10.842369       0.020116        5.355259       
257             10.835000       58.303192       10.842339       0.022104        5.377363       
258             10.835000       58.521073       10.842312       0.020109        5.397472       
259             10.835000       58.738900       10.842284       0.020104        5.417576       
260             10.835000       58.956803       10.842258       0.020111        5.437687       
261             10.835000       59.174695       10.842231       0.020110        5.457797       
262             10.835000       59.393009       10.842204       0.020149        5.477946       
263             10.835000       59.657687       10.842172       0.024428        5.502374       
264             10.835000       59.876597       10.842146       0.020204        5.522578       
265             10.835000       60.094435       10.842120       0.020105        5.542683       
266             10.835000       60.312207       10.842094       0.020099        5.562782       
267             10.835000       60.529947       10.842069       0.020096        5.582878       
268             10.835000       60.747850       10.842043       0.020111        5.602989       
269             10.835000       60.968115       10.842018       0.020329        5.623318       
270             10.835000       61.217851       10.841989       0.023049        5.646367       
271             10.835000       61.436664       10.841964       0.020195        5.666562       
272             10.835000       61.655520       10.841940       0.020199        5.686761       
273             10.835000       61.874333       10.841915       0.020195        5.706956       
274             10.835000       62.092127       10.841891       0.020101        5.727057       
275             10.835000       62.310539       10.841867       0.020158        5.747215       
276             10.835000       62.530348       10.841843       0.020287        5.767502       
277             10.835000       62.748284       10.841819       0.020114        5.787616       
278             10.835000       62.967454       10.841795       0.020228        5.807844       
279             10.835000       63.187632       10.841771       0.020321        5.828165       
280             10.836000       63.406617       10.841751       0.020209        5.848374       
281             10.836000       63.625710       10.841732       0.020219        5.868593       
282             10.836000       63.844803       10.841712       0.020219        5.888812       
283             10.836000       64.064785       10.841692       0.020301        5.909113       
284             10.836000       64.283065       10.841673       0.020144        5.929257       
285             10.836000       64.500912       10.841654       0.020104        5.949361       
286             10.836000       64.740084       10.841633       0.022072        5.971433       
287             10.836000       64.988586       10.841611       0.022933        5.994366       
288             10.836000       65.207202       10.841592       0.020175        6.014541       
289             10.836000       65.425526       10.841574       0.020148        6.034689       
290             10.836000       65.643698       10.841555       0.020134        6.054823       
291             10.836000       65.876845       10.841536       0.021516        6.076339       
292             10.836000       66.170761       10.841511       0.027124        6.103463       
293             10.836000       66.392119       10.841493       0.020428        6.123891       
294             10.836000       66.609955       10.841475       0.020103        6.143994       
295             10.836000       66.827737       10.841457       0.020098        6.164092       
296             10.836000       67.080162       10.841436       0.023295        6.187387       
297             10.836000       67.301433       10.841418       0.020420        6.207807       
298             10.836000       67.522368       10.841401       0.020389        6.228196       
299             10.836000       67.762624       10.841381       0.022172        6.250368       
300             10.836000       67.982248       10.841364       0.020268        6.270636       
301             10.836000       68.201612       10.841347       0.020244        6.290880       
302             10.836000       68.420022       10.841330       0.020156        6.311036       
303             10.836000       68.639895       10.841313       0.020291        6.331327       
304             10.836000       68.860376       10.841296       0.020347        6.351674       
305             10.836000       69.078450       10.841279       0.020125        6.371799       
306             10.836000       69.323170       10.841260       0.022584        6.394383       
307             10.836000       69.546164       10.841243       0.020579        6.414962       
308             10.836000       69.767230       10.841227       0.020401        6.435363       
309             10.836000       69.989270       10.841210       0.020491        6.455854       
310             10.836000       70.210487       10.841194       0.020415        6.476269       
311             10.836000       70.429201       10.841178       0.020184        6.496453       
312             10.836000       70.654319       10.841161       0.020775        6.517228       
313             10.836000       70.878786       10.841145       0.020715        6.537943       
314             10.836000       71.097327       10.841129       0.020168        6.558111       
315             10.836000       71.317623       10.841113       0.020330        6.578441       
316             10.836000       71.555213       10.841096       0.021926        6.600367       
317             10.836000       71.774469       10.841081       0.020234        6.620601       
318             10.836000       71.994602       10.841065       0.020315        6.640916       
319             10.836000       72.238304       10.841048       0.022490        6.663406       
320             10.836000       72.468579       10.841032       0.021251        6.684657       
321             10.836000       72.690631       10.841016       0.020492        6.705149       
322             10.836000       72.942167       10.840999       0.023213        6.728362       
323             10.836000       73.160220       10.840984       0.020123        6.748485       
324             10.836000       73.378229       10.840969       0.020119        6.768604       
325             10.836000       73.596520       10.840955       0.020145        6.788749       
326             10.836000       73.819699       10.840940       0.020596        6.809345       
327             10.836000       74.043440       10.840925       0.020648        6.829993       
328             10.886000       74.276118       10.841065       0.021374        6.851367       
329             10.886000       74.497724       10.841198       0.020357        6.871724       
330             10.886000       74.719156       10.841331       0.020341        6.892065       
331             10.886000       74.939053       10.841461       0.020200        6.912265       
332             10.886000       75.201482       10.841616       0.024107        6.936372       
333             10.886000       75.421793       10.841745       0.020238        6.956610       
334             10.886000       75.641440       10.841873       0.020177        6.976787       
335             10.886000       75.865691       10.842003       0.020600        6.997387       
336             10.886000       76.088604       10.842131       0.020477        7.017864       
337             10.886000       76.310787       10.842259       0.020410        7.038274       
338             10.886000       76.532742       10.842385       0.020389        7.058663       
339             10.886000       76.779952       10.842525       0.022709        7.081372       
340             10.886000       77.000949       10.842649       0.020301        7.101673       
341             10.916000       77.220819       10.842857       0.020142        7.121815       
342             10.916000       77.441016       10.843063       0.020172        7.141987       
343             10.910000       77.685128       10.843272       0.022375        7.164362       
344             10.910000       77.904735       10.843459       0.020129        7.184491       
345             10.910000       78.124288       10.843645       0.020124        7.204615       
346             10.910000       78.343862       10.843830       0.020126        7.224741       
347             10.917000       78.584233       10.844052       0.022018        7.246759       
348             10.917000       78.874723       10.844319       0.026609        7.273368       
349             10.917000       79.097550       10.844522       0.020411        7.293779       
350             10.917000       79.317080       10.844722       0.020109        7.313888       
351             10.917000       79.536501       10.844920       0.020099        7.333987       
352             10.925000       79.757066       10.845140       0.020189        7.354176       
353             10.925000       79.999623       10.845380       0.022202        7.376378       
354             10.925000       80.222941       10.845600       0.020441        7.396819       
355             10.925000       80.491117       10.845863       0.024547        7.421366       
356             10.925000       80.712872       10.846079       0.020298        7.441664       
357             10.929000       80.934283       10.846304       0.020259        7.461923       
358             10.929000       81.155715       10.846528       0.020261        7.482184       
359             10.929000       81.375989       10.846749       0.020155        7.502339       
360             10.929000       81.597870       10.846971       0.020302        7.522641       
361             10.929000       81.821062       10.847193       0.020422        7.543063       
362             10.938000       82.041124       10.847435       0.020119        7.563182       
363             10.938000       82.261426       10.847675       0.020141        7.583323       
364             10.938000       82.486049       10.847919       0.020536        7.603859       
365             10.938000       82.708670       10.848160       0.020353        7.624212       
366             10.943000       82.931885       10.848413       0.020398        7.644610       
367             10.943000       83.154345       10.848664       0.020329        7.664939       
368             10.943000       83.376806       10.848913       0.020329        7.685268       
369             10.943000       83.598719       10.849161       0.020279        7.705547       
370             10.943000       83.819964       10.849406       0.020218        7.725765       
371             10.937000       84.040684       10.849635       0.020181        7.745946       
372             10.937000       84.274911       10.849875       0.021416        7.767362       
373             10.937000       84.495433       10.850101       0.020163        7.787525       
374             10.937000       84.715978       10.850326       0.020165        7.807690       
375             10.937000       84.936260       10.850549       0.020141        7.827831       
376             10.939000       85.226570       10.850847       0.026539        7.854370       
377             10.939000       85.522842       10.851150       0.027084        7.881454       
378             10.939000       85.746129       10.851377       0.020412        7.901866       
379             10.939000       85.966058       10.851600       0.020105        7.921971       
380             10.939000       86.185964       10.851821       0.020103        7.942074       
381             10.988000       86.407065       10.852165       0.020122        7.962196       
382             10.988000       86.631703       10.852513       0.020444        7.982640       
383             10.988000       86.856034       10.852859       0.020416        8.003056       
384             10.988000       87.078915       10.853200       0.020284        8.023340       
385             10.988000       87.303927       10.853543       0.020478        8.043818       
386             10.995000       87.526862       10.853899       0.020276        8.064094       
387             10.995000       87.749819       10.854253       0.020278        8.084372       
388             10.995000       87.972302       10.854604       0.020235        8.104607       
389             10.995000       88.233489       10.855015       0.023755        8.128362       
390             10.995000       88.454741       10.855360       0.020123        8.148485       
391             10.995000       88.676312       10.855705       0.020152        8.168637       
392             10.995000       88.901545       10.856053       0.020485        8.189122       
393             10.995000       89.125898       10.856399       0.020405        8.209527       
394             10.995000       89.349976       10.856742       0.020380        8.229907       
395             10.995000       89.573801       10.857083       0.020357        8.250264       
396             10.995000       89.796417       10.857421       0.020247        8.270511       
397             10.995000       90.023881       10.857764       0.020688        8.291199       
398             10.995000       90.250422       10.858104       0.020604        8.311803       
399             10.995000       90.487453       10.858458       0.021558        8.333361       
400             10.995000       90.709046       10.858788       0.020154        8.353515       
401             10.995000       90.930265       10.859115       0.020120        8.373635       
402             10.995000       91.151452       10.859441       0.020117        8.393752       
403             10.995000       91.372682       10.859765       0.020121        8.413873       
404             10.995000       91.599256       10.860095       0.020607        8.434480       
405             10.995000       91.823125       10.860420       0.020361        8.454841       
406             10.995000       92.046269       10.860742       0.020295        8.475136       
407             10.995000       92.267994       10.861061       0.020166        8.495302       
408             10.995000       92.489213       10.861378       0.020120        8.515422       
409             10.995000       92.710378       10.861692       0.020115        8.535537       
410             10.995000       92.931806       10.862006       0.020139        8.555676       
411             10.995000       93.157368       10.862324       0.020515        8.576191       
412             10.995000       93.379918       10.862637       0.020241        8.596432       
413             10.995000       93.643095       10.863004       0.023936        8.620368       
414             10.995000       93.867008       10.863315       0.020365        8.640733       
415             10.995000       94.090239       10.863624       0.020303        8.661036       
416             10.995000       94.312811       10.863930       0.020243        8.681279       
417             10.995000       94.555976       10.864263       0.022116        8.703395       
418             10.995000       94.781638       10.864571       0.020524        8.723919       
419             10.995000       95.002912       10.864871       0.020125        8.744044       
420             10.995000       95.224758       10.865171       0.020177        8.764221       
421             10.995000       95.450607       10.865474       0.020541        8.784762       
422             10.995000       95.674608       10.865774       0.020373        8.805135       
423             10.995000       95.919213       10.866100       0.022247        8.827382       
424             10.995000       96.144831       10.866399       0.020520        8.847902       
425             10.995000       96.413977       10.866754       0.024479        8.872381       
426             10.995000       96.635670       10.867044       0.020163        8.892544       
427             10.995000       96.859209       10.867336       0.020331        8.912875       
428             10.995000       97.106509       10.867658       0.022492        8.935367       
429             10.995000       97.329080       10.867945       0.020243        8.955610       
430             10.995000       97.551399       10.868232       0.020220        8.975830       
431             10.995000       97.773817       10.868517       0.020229        8.996059       
432             10.995000       97.995817       10.868800       0.020191        9.016250       
433             10.995000       98.283040       10.869164       0.026123        9.042373       
434             10.946000       98.506010       10.869337       0.020370        9.062743       
435             10.946000       98.730873       10.869511       0.020543        9.083286       
436             10.946000       98.950636       10.869679       0.020077        9.103363       
437             10.946000       99.170793       10.869848       0.020113        9.123476       
438             10.946000       99.391213       10.870015       0.020137        9.143613       
439             10.946000       99.616437       10.870186       0.020576        9.164189       
440             10.946000       99.841411       10.870355       0.020553        9.184742       
441             10.946000       100.064030      10.870523       0.020338        9.205080       
442             10.946000       100.286738      10.870689       0.020346        9.225426       
443             10.946000       100.526959      10.870868       0.021946        9.247372       
444             10.946000       100.749381      10.871033       0.020320        9.267692       
445             10.946000       100.972406      10.871197       0.020375        9.288067       
446             10.946000       101.195518      10.871361       0.020383        9.308450       
447             10.946000       101.415861      10.871522       0.020130        9.328580       
448             10.946000       101.636106      10.871682       0.020121        9.348701       
449             10.946000       101.856580      10.871842       0.020142        9.368843       
450             10.946000       102.103172      10.872020       0.022528        9.391371       
451             10.946000       102.326426      10.872180       0.020396        9.411767       
452             10.946000       102.546649      10.872338       0.020119        9.431886       
453             10.946000       102.767079      10.872495       0.020138        9.452024       
454             10.946000       102.989404      10.872652       0.020311        9.472335       
455             10.946000       103.209812      10.872808       0.020136        9.492471       
456             10.946000       103.429893      10.872962       0.020106        9.512577       
457             10.946000       103.660251      10.873124       0.021045        9.533622       
458             10.946000       103.909207      10.873297       0.022744        9.556366       
459             10.946000       104.131017      10.873451       0.020264        9.576630       
460             10.946000       104.351874      10.873603       0.020177        9.596807       
461             10.946000       104.579168      10.873760       0.020765        9.617572       
462             10.946000       104.829350      10.873931       0.022856        9.640428       
463             10.946000       105.069614      10.874095       0.021950        9.662378       
464             10.946000       105.289826      10.874244       0.020118        9.682496       
465             10.946000       105.510005      10.874393       0.020115        9.702611       
466             10.946000       105.731081      10.874542       0.020197        9.722808       
467             10.946000       105.954861      10.874692       0.020444        9.743252       
468             10.946000       106.196943      10.874853       0.022116        9.765368       
469             10.946000       106.418413      10.875000       0.020233        9.785601       
470             10.946000       106.640781      10.875147       0.020315        9.805916       
471             10.946000       106.861453      10.875293       0.020160        9.826076       
472             10.946000       107.082036      10.875437       0.020152        9.846228       
473             10.946000       107.302117      10.875581       0.020106        9.866334       
474             10.946000       107.523171      10.875725       0.020195        9.886529       
475             10.946000       107.743328      10.875868       0.020113        9.906642       
476             10.946000       107.963430      10.876010       0.020108        9.926750       
477             10.946000       108.184769      10.876152       0.020221        9.946971       
478             10.946000       108.405090      10.876293       0.020128        9.967099       
479             10.946000       108.627885      10.876435       0.020354        9.987453       
480             10.946000       108.849793      10.876576       0.020273        10.007726      
481             10.946000       109.071943      10.876717       0.020295        10.028021      
482             10.955000       109.309940      10.876886       0.021725        10.049746      
483             10.955000       109.530453      10.877042       0.020129        10.069875      
484             10.955000       109.765854      10.877208       0.021488        10.091363      
485             10.955000       109.986521      10.877363       0.020143        10.111506      
486             10.955000       110.206957      10.877517       0.020122        10.131628      
487             10.955000       110.427448      10.877671       0.020127        10.151755      
488             10.955000       110.647918      10.877824       0.020125        10.171880      
489             10.955000       110.868946      10.877977       0.020176        10.192056      
490             10.955000       111.113374      10.878145       0.022312        10.214368      
491             10.955000       111.354209      10.878310       0.021984        10.236352      
492             10.955000       111.575138      10.878461       0.020167        10.256519      
493             10.955000       111.825361      10.878631       0.022841        10.279360      
494             10.955000       112.045513      10.878780       0.020096        10.299456      
495             10.955000       112.265840      10.878928       0.020112        10.319568      
496             10.955000       112.488215      10.879078       0.020299        10.339867      
497             10.955000       112.709791      10.879226       0.020226        10.360093      
498             10.955000       112.930841      10.879373       0.020178        10.380271      
499             10.955000       113.151815      10.879520       0.020171        10.400442      
500             10.955000       113.372667      10.879666       0.020160        10.420602      
501             10.955000       113.592951      10.879811       0.020108        10.440710      
502             10.955000       113.813825      10.879956       0.020162        10.460872      
503             10.955000       114.035149      10.880100       0.020203        10.481075      
504             10.955000       114.255640      10.880244       0.020127        10.501202      
505             10.955000       114.478279      10.880388       0.020323        10.521525      
506             10.955000       114.701531      10.880533       0.020379        10.541904      
507             10.955000       114.947657      10.880691       0.022467        10.564371      
508             10.955000       115.172114      10.880835       0.020489        10.584860      
509             10.955000       115.393284      10.880976       0.020189        10.605049      
510             10.955000       115.614148      10.881117       0.020161        10.625210      
511             10.955000       115.840676      10.881260       0.020678        10.645888      
512             10.955000       116.061802      10.881400       0.020185        10.666073      
513             10.955000       116.282863      10.881539       0.020179        10.686252      
514             10.955000       116.568876      10.881718       0.026108        10.712360      
515             10.955000       116.789389      10.881855       0.020129        10.732489      
516             10.955000       117.009738      10.881992       0.020114        10.752603      
517             10.955000       117.240253      10.882134       0.021042        10.773645      
518             10.955000       117.480080      10.882282       0.021892        10.795537      
519             10.955000       117.774113      10.882463       0.026840        10.822377      
520             10.955000       117.996499      10.882598       0.020300        10.842677      
521             10.955000       118.216705      10.882732       0.020101        10.862778      
522             10.955000       118.436835      10.882866       0.020094        10.882872      
523             10.955000       118.657173      10.882999       0.020113        10.902985      
524             10.955000       118.879472      10.883133       0.020292        10.923277      
525             10.955000       119.101979      10.883266       0.020311        10.943588      
526             10.955000       119.323117      10.883398       0.020186        10.963774      
527             10.955000       119.544199      10.883530       0.020181        10.983955      
528             10.955000       119.793952      10.883678       0.022798        11.006753      
529             10.955000       120.019734      10.883811       0.020610        11.027363      
530             10.987000       120.241408      10.883999       0.020176        11.047539      
531             10.987000       120.462862      10.884187       0.020156        11.067695      
532             10.987000       120.683876      10.884374       0.020116        11.087811      
533             10.987000       120.905001      10.884559       0.020126        11.107937      
534             10.987000       121.140573      10.884757       0.021441        11.129378      
535             10.987000       121.364169      10.884943       0.020351        11.149729      
536             10.987000       121.586491      10.885128       0.020235        11.169964      
537             10.987000       121.807561      10.885311       0.020121        11.190085      
538             10.987000       122.028784      10.885494       0.020135        11.210220      
539             10.987000       122.251469      10.885677       0.020268        11.230488      
540             10.987000       122.472922      10.885859       0.020156        11.250644      
541             10.987000       122.693915      10.886039       0.020114        11.270758      
542             10.987000       122.953252      10.886250       0.023604        11.294362      
543             10.987000       123.174289      10.886429       0.020118        11.314480      
544             10.987000       123.395204      10.886608       0.020107        11.334587      
545             10.987000       123.616142      10.886786       0.020109        11.354696      
546             10.987000       123.837816      10.886963       0.020176        11.374872      
547             10.987000       124.075442      10.887153       0.021628        11.396500      
548             10.987000       124.296984      10.887330       0.020164        11.416664      
549             10.987000       124.517856      10.887505       0.020103        11.436767      
550             10.987000       124.738640      10.887679       0.020095        11.456862      
551             10.987000       124.959533      10.887853       0.020105        11.476967      
552             10.987000       125.180658      10.888027       0.020126        11.497093      
553             10.987000       125.403485      10.888201       0.020281        11.517374      
554             10.987000       125.626587      10.888375       0.020306        11.537680      
555             10.987000       125.849590      10.888548       0.020297        11.557977      
556             10.987000       126.071462      10.888720       0.020194        11.578171      
557             10.987000       126.293289      10.888891       0.020190        11.598361      
558             10.987000       126.514282      10.889061       0.020114        11.618475      
559             10.987000       126.735824      10.889231       0.020164        11.638639      
560             10.987000       126.957497      10.889400       0.020176        11.658815      
561             10.987000       127.178380      10.889568       0.020104        11.678919      
562             10.987000       127.399263      10.889735       0.020104        11.699023      
563             10.987000       127.688869      10.889954       0.026359        11.725382      
564             10.987000       127.913531      10.890123       0.020448        11.745830      
565             10.987000       128.136238      10.890290       0.020270        11.766100      
566             10.987000       128.358373      10.890456       0.020218        11.786318      
567             10.987000       128.583189      10.890623       0.020462        11.806780      
568             10.987000       128.804577      10.890787       0.020150        11.826930      
569             10.987000       129.040028      10.890961       0.021430        11.848360      
570             10.987000       129.261142      10.891124       0.020125        11.868485      
571             10.987000       129.482167      10.891286       0.020117        11.888602      
572             10.987000       129.703171      10.891448       0.020115        11.908717      
573             10.987000       129.924295      10.891609       0.020126        11.928843      
574             10.987000       130.145507      10.891770       0.020134        11.948977      
575             10.987000       130.402526      10.891956       0.023393        11.972370      
576             10.987000       130.688221      10.892162       0.026003        11.998373      
577             10.987000       130.911103      10.892322       0.020286        12.018659      
578             10.987000       131.131909      10.892480       0.020097        12.038756      
579             10.946000       131.351825      10.892569       0.020091        12.058847      
580             10.946000       131.572015      10.892658       0.020116        12.078963      
581             10.946000       131.793934      10.892748       0.020274        12.099237      
582             10.946000       132.016039      10.892837       0.020291        12.119528      
583             10.946000       132.236733      10.892925       0.020162        12.139690      
584             10.946000       132.457481      10.893013       0.020167        12.159857      
585             10.946000       132.678338      10.893101       0.020177        12.180034      
586             10.946000       132.899075      10.893188       0.020166        12.200200      
587             10.946000       133.119538      10.893275       0.020141        12.220341      
588             10.946000       133.339728      10.893362       0.020116        12.240457      
589             10.946000       133.559798      10.893448       0.020105        12.260562      
590             10.946000       133.779965      10.893534       0.020114        12.280676      
591             10.946000       134.083148      10.893652       0.027698        12.308374      
592             10.946000       134.305592      10.893739       0.020322        12.328696      
593             10.946000       134.527041      10.893824       0.020231        12.348927      
594             10.946000       134.748369      10.893910       0.020220        12.369147      
595             10.946000       134.972105      10.893996       0.020440        12.389587      
596             10.946000       135.193565      10.894080       0.020232        12.409819      
597             10.946000       135.414192      10.894164       0.020156        12.429975      
598             10.946000       135.634305      10.894248       0.020109        12.450084      
