1               101.832558      2.394287        101.832558      0.023512        0.023512       
2               114.721181      4.699036        107.771103      0.020090        0.043602       
3               124.934081      7.303162        113.322186      0.020844        0.064446       
4               104.777191      9.777161        111.030919      0.023612        0.088058       
5               160.396693      12.996643       120.194609      0.020072        0.108130       
6               247.353322      17.959045       140.094900      0.020062        0.128192       
7               154.813986      21.066162       142.087400      0.020070        0.148262       
8               112.202881      23.318298       138.523996      0.020072        0.168334       
9               138.808309      26.104736       138.554288      0.020074        0.188408       
10              140.834458      28.932129       138.773857      0.020076        0.208484       
11              115.197533      31.239075       136.707692      0.020026        0.228510       
12              121.656700      33.680603       135.492552      0.020069        0.248579       
13              239.285798      38.481873       143.244861      0.020065        0.268644       
14              180.698226      42.110474       145.849766      0.020081        0.288725       
15              116.872080      44.457031       143.965671      0.020078        0.308803       
16              139.712622      47.261902       143.706050      0.020076        0.328879       
17              130.193544      49.876709       142.928359      0.020084        0.348963       
18              155.160382      52.994812       143.594417      0.020096        0.369059       
19              201.043236      57.036987       146.562479      0.020106        0.389165       
20              125.317542      59.554993       145.519434      0.020093        0.409258       
21              130.996354      62.184875       144.840324      0.020076        0.429334       
22              150.841943      65.211670       145.108300      0.020066        0.449400       
23              117.195365      67.685547       143.856009      0.021109        0.470509       
24              117.208540      70.038391       142.765630      0.020074        0.490583       
25              128.581662      72.618896       142.208190      0.020069        0.510652       
26              104.162447      75.009216       140.571995      0.022948        0.533600       
27              99.088561       77.287659       138.858232      0.022994        0.556594       
28              239.655724      82.776733       142.842138      0.022904        0.579498       
29              186.330817      86.514343       144.297111      0.020059        0.599557       
30              109.752684      88.719055       143.177231      0.020088        0.619645       
31              127.381416      91.277893       142.681233      0.020088        0.639733       
32              141.804375      94.125183       142.654549      0.020079        0.659812       
33              140.014855      96.936401       142.576595      0.020078        0.679890       
34              116.457291      99.275330       141.827167      0.020084        0.699974       
35              187.502481      103.038879      143.100412      0.020072        0.720046       
36              212.850296      107.309082      144.991112      0.020062        0.740108       
37              123.422396      109.788391      144.421164      0.020088        0.760196       
38              121.939714      112.238892      143.842166      0.020096        0.780292       
39              162.605598      115.508240      144.313504      0.020106        0.800398       
40              145.496814      118.434326      144.342507      0.020111        0.820509       
41              150.456919      121.455200      144.488554      0.020078        0.840587       
42              167.277940      124.816650      145.020635      0.020095        0.860682       
43              127.849202      127.386292      144.628791      0.020099        0.880781       
44              128.406455      129.983826      144.264576      0.020229        0.901010       
45              143.099334      132.861267      144.239139      0.020108        0.921118       
46              106.033966      135.235474      143.332468      0.022391        0.943509       
47              118.886108      137.621399      142.823310      0.020069        0.963578       
48              111.128759      139.854309      142.175899      0.020093        0.983671       
49              98.330876       141.831055      141.297797      0.020103        1.003774       
50              152.327940      144.889038      141.514069      0.020075        1.023849       
51              255.647278      150.017578      143.707387      0.020061        1.043910       
52              147.763253      152.987915      143.784013      0.020102        1.064012       
53              104.200288      155.081299      143.050468      0.020090        1.084102       
54              141.936386      159.844116      143.017020      0.033556        1.117658       
55              135.650566      162.568115      142.887002      0.020081        1.137739       
56              98.488409       164.545959      142.116924      0.020082        1.157821       
57              192.913550      168.417542      142.982402      0.020069        1.177890       
58              220.983169      172.850464      144.288546      0.020060        1.197950       
59              121.003838      175.281189      143.904533      0.020088        1.218038       
60              117.638406      177.644897      143.478273      0.020093        1.238131       
61              147.593055      180.609009      143.543951      0.020083        1.258214       
62              117.947794      182.976929      143.141954      0.020076        1.278290       
63              182.901765      186.648682      143.756711      0.020075        1.298365       
64              175.065255      190.166443      144.233869      0.020094        1.318459       
65              129.097957      192.754211      144.007199      0.020045        1.338504       
66              141.733357      195.608154      143.973499      0.020136        1.358640       
67              151.109373      198.646057      144.077550      0.020104        1.378744       
68              115.704123      200.968933      143.670331      0.020076        1.398820       
69              106.552281      203.107544      143.145276      0.020071        1.418891       
70              129.058259      205.700195      142.948613      0.020089        1.438980       
71              96.199156       207.633606      142.304665      0.020098        1.459078       
72              94.854477       209.539612      141.660072      0.020094        1.479172       
73              231.875201      214.193115      142.867701      0.020069        1.499241       
74              209.881947      218.403137      143.752476      0.020059        1.519300       
75              118.656332      220.785400      143.425165      0.020077        1.539377       
76              117.463198      223.144531      143.090806      0.020084        1.559461       
77              148.585760      226.123230      143.160547      0.020047        1.579508       
78              137.895594      228.890381      143.094498      0.020067        1.599575       
79              101.528641      230.928467      142.579328      0.020074        1.619649       
80              171.044411      234.361328      142.927738      0.020070        1.639719       
81              232.192813      239.019348      144.006644      0.020061        1.659780       
82              123.232192      241.492249      143.758478      0.020067        1.679847       
83              150.644812      244.515991      143.839790      0.020072        1.699919       
84              149.993654      250.546936      143.981983      0.040208        1.740127       
85              139.155368      253.385010      143.926068      0.020395        1.760522       
86              126.027328      255.935425      143.722663      0.020237        1.780759       
87              165.080606      259.321228      143.965853      0.020510        1.801269       
88              149.323573      262.322632      144.024979      0.020100        1.821369       
89              131.133016      264.959717      143.884191      0.020110        1.841479       
90              119.041491      267.351379      143.616076      0.020091        1.861570       
91              107.238061      269.503540      143.228079      0.020069        1.881639       
92              113.886060      271.879089      142.906373      0.020859        1.902498       
93              118.858096      274.266235      142.655156      0.020084        1.922582       
94              98.774266       276.250610      142.201365      0.020090        1.942672       
95              139.764395      279.055542      142.176447      0.020069        1.962741       
96              257.503856      284.221069      143.343215      0.020060        1.982801       
97              155.246544      287.341370      143.462664      0.020099        2.002900       
98              104.194212      289.434631      143.072695      0.020090        2.022990       
99              137.633776      292.198730      143.019232      0.020083        2.043073       
100             148.754009      295.186157      143.075055      0.020083        2.063156       
101             117.445194      297.545044      142.827951      0.020085        2.083241       
102             102.132587      299.595764      142.439460      0.020079        2.103320       
103             248.560465      304.583130      143.442254      0.020065        2.123385       
104             178.396904      308.167480      143.769903      0.020092        2.143477       
105             103.008026      310.237427      143.391312      0.020095        2.163572       
106             140.533759      313.059204      143.365036      0.020079        2.183651       
107             140.306055      315.875427      143.337174      0.020072        2.203723       
108             102.771247      317.938354      142.971007      0.020073        2.223796       
109             236.499824      322.683960      143.807400      0.020066        2.243862       
110             114.444336      324.983032      143.546849      0.020089        2.263951       
111             137.051862      327.736267      143.489723      0.020089        2.284040       
112             159.105296      330.941284      143.626240      0.020144        2.304184       
113             128.228766      333.519836      143.493026      0.020109        2.324293       
114             109.750788      335.723083      143.204089      0.020075        2.344368       
115             119.595216      338.123718      143.003661      0.020073        2.364441       
116             128.249780      340.700256      142.879357      0.020090        2.384531       
117             103.868783      342.880981      142.538880      0.020995        2.405526       
118             131.095889      345.512207      142.444193      0.020071        2.425597       
119             244.925584      350.425659      143.284817      0.020061        2.445658       
120             178.605419      354.008484      143.572170      0.020060        2.465718       
121             105.282151      356.124023      143.262654      0.020094        2.485812       
122             129.100206      358.716614      143.149157      0.020082        2.505894       
123             140.443807      361.535461      143.127661      0.020071        2.525965       
124             137.030357      364.286072      143.079589      0.020073        2.546038       
125             98.124465       366.255920      142.727900      0.020075        2.566113       
126             208.924876      370.447998      143.241493      0.020065        2.586178       
127             213.385722      374.728516      143.781387      0.020060        2.606238       
128             121.632806      377.171997      143.611971      0.020089        2.626327       
129             127.549073      379.733948      143.490055      0.020086        2.646413       
130             112.275391      382.437988      143.208544      0.024084        2.670497       
131             149.258230      385.432556      143.253656      0.020063        2.690560       
132             183.836847      389.129883      143.554765      0.020112        2.710672       
133             127.323164      391.687805      143.435351      0.020090        2.730762       
134             149.938698      394.952271      143.486791      0.021772        2.752534       
135             150.915466      397.989746      143.540716      0.020127        2.772661       
136             132.988331      400.660950      143.464821      0.020086        2.792747       
137             104.535250      402.758972      143.187051      0.020070        2.812817       
138             110.186312      404.969971      142.953299      0.020066        2.832883       
139             121.176670      407.403198      142.800029      0.020080        2.852963       
140             96.671155       409.345032      142.477518      0.020087        2.873050       
141             104.537417      411.442993      142.214334      0.020069        2.893119       
142             258.889723      416.635803      143.017676      0.020058        2.913177       
143             174.688296      420.139526      143.234234      0.020057        2.933234       
144             117.970505      422.508728      143.062437      0.020083        2.953317       
145             117.490395      424.866760      142.889829      0.020070        2.973387       
146             150.077076      427.878357      142.938010      0.020067        2.993454       
147             135.325453      430.590820      142.887376      0.020044        3.013498       
148             99.013330       432.577820      142.597135      0.020068        3.033566       
149             196.091478      436.514160      142.948796      0.020074        3.053640       
150             217.760627      441.062744      143.457059      0.020888        3.074528       
151             132.554134      443.726685      143.386253      0.020097        3.094625       
152             114.935110      446.035156      143.202788      0.020085        3.114710       
153             129.705786      448.639648      143.116333      0.020080        3.134790       
154             157.016929      452.368958      143.220860      0.023751        3.158541       
155             194.209949      456.271606      143.543207      0.020095        3.178636       
156             126.403523      458.814087      143.435432      0.020114        3.198750       
157             142.231164      461.673218      143.427911      0.020102        3.218852       
158             141.531325      464.516724      143.416146      0.020091        3.238943       
159             123.954114      467.006714      143.296186      0.020088        3.259031       
160             107.418593      469.164001      143.076453      0.020083        3.279114       
161             112.751411      471.426697      142.891995      0.020068        3.299182       
162             117.676389      473.791992      142.739301      0.020100        3.319282       
163             98.211529       475.767517      142.471086      0.020115        3.339397       
164             140.989508      478.598022      142.462232      0.020076        3.359473       
165             247.350114      483.551208      143.083739      0.020025        3.379498       
166             165.341505      486.874573      143.215337      0.020100        3.399598       
167             106.994541      489.024414      143.002515      0.020093        3.419691       
168             134.532670      491.725830      142.953072      0.020080        3.439771       
169             142.925156      494.594910      142.952910      0.020074        3.459845       
170             118.195981      496.968994      142.810014      0.020086        3.479931       
171             98.086250       498.940430      142.553187      0.020099        3.500030       
172             238.181865      503.770996      143.104117      0.020281        3.520311       
173             197.183265      507.735168      143.411201      0.020104        3.540415       
174             108.247823      509.910950      143.212695      0.020100        3.560515       
175             125.061636      512.424438      143.110813      0.020098        3.580613       
176             139.514133      515.229370      143.090731      0.020105        3.600718       
177             158.328460      518.408447      143.175231      0.020079        3.620797       
178             196.618832      522.354980      143.469864      0.020072        3.640869       
179             127.598804      524.918823      143.382757      0.020093        3.660962       
180             136.975727      527.675049      143.347734      0.020122        3.681084       
181             132.912443      530.348450      143.291024      0.020114        3.701198       
182             130.226763      532.964966      143.220487      0.020092        3.721290       
183             103.864338      535.050354      143.009283      0.020078        3.741368       
184             115.405572      537.365967      142.862033      0.020065        3.761433       
185             117.673983      539.729919      142.728224      0.020089        3.781522       
186             104.364531      541.828064      142.525347      0.020104        3.801626       
187             133.545007      544.508179      142.478188      0.020069        3.821695       
188             235.045751      549.222961      142.961512      0.020059        3.841754       
189             185.634919      552.949768      143.183353      0.020076        3.861830       
190             99.589598       554.948730      142.957944      0.020072        3.881902       
191             134.478941      558.018616      142.908374      0.022828        3.904730       
192             142.403202      560.877075      142.905790      0.020073        3.924803       
193             131.808089      563.523254      142.849313      0.020076        3.944879       
194             99.191244       565.515808      142.628125      0.020088        3.964967       
195             205.932550      570.375610      143.002676      0.023599        3.988566       
196             183.743906      574.292847      143.219281      0.021319        4.009885       
197             112.774780      576.584656      143.065767      0.020322        4.030207       
198             139.345962      579.693604      143.045288      0.022311        4.052518       
199             131.990502      582.343445      142.990793      0.020076        4.072594       
200             112.481937      584.603882      142.840988      0.020096        4.092690       
201             219.310807      589.008301      143.214396      0.020083        4.112773       
202             142.101507      591.863831      143.208985      0.020095        4.132868       
203             118.655546      594.251892      143.089995      0.020126        4.152994       
204             134.955411      596.968140      143.050762      0.020127        4.173121       
205             136.609576      599.714539      143.019881      0.020104        4.193225       
206             110.022501      601.924561      142.862565      0.020087        4.213312       
207             111.646932      604.165649      142.714553      0.020073        4.233385       
208             119.985666      606.575562      142.607227      0.020085        4.253470       
209             99.806529       608.576782      142.406410      0.020051        4.273521       
210             137.111705      611.329163      142.381655      0.020074        4.293595       
211             242.792740      616.199585      142.848602      0.020060        4.313655       
212             169.893081      619.613586      142.974003      0.020095        4.333750       
213             109.172054      621.807617      142.817976      0.020097        4.353847       
214             135.107597      624.521118      142.782572      0.020084        4.373931       
215             147.553877      627.508789      142.804558      0.020248        4.394179       
216             123.328519      629.985596      142.715950      0.020083        4.414262       
217             106.315086      632.119446      142.551190      0.020071        4.434333       
218             243.136807      636.997986      143.004282      0.020065        4.454398       
219             180.194252      640.613403      143.171046      0.020064        4.474462       
220             116.677159      642.953247      143.052833      0.020054        4.494516       
221             131.464311      645.593445      143.001282      0.020083        4.514599       
222             130.046757      648.203613      142.943944      0.020071        4.534670       
223             156.196614      651.339417      143.002358      0.020076        4.554746       
224             197.291000      655.302795      143.240750      0.020089        4.574835       
225             128.853009      657.890808      143.177859      0.020085        4.594920       
226             140.958889      660.720276      143.168208      0.020073        4.614993       
227             143.119118      663.595825      143.167995      0.020092        4.635085       
228             123.425501      666.075073      143.082806      0.020087        4.655172       
229             112.052292      668.325195      142.949525      0.020081        4.675253       
230             123.550418      671.076416      142.857566      0.022268        4.697521       
231             110.634948      673.300842      142.720237      0.020106        4.717627       
232             103.582636      675.381714      142.554284      0.020089        4.737716       
233             166.459794      678.722229      142.655116      0.020068        4.757784       
234             244.274634      683.617493      143.081347      0.020040        4.777824       
235             137.359498      686.375671      143.057400      0.020080        4.797904       
236             99.901955       688.382202      142.877496      0.020085        4.817989       
237             144.515028      691.283630      142.884291      0.020077        4.838066       
238             137.368624      694.041443      142.861498      0.020076        4.858142       
239             126.664749      696.583984      142.794851      0.020073        4.878215       
240             98.631014       698.565186      142.613744      0.020087        4.898302       
241             238.170621      703.345032      143.003655      0.020069        4.918371       
242             192.459714      707.209045      143.204716      0.020077        4.938448       
243             117.814734      709.572998      143.101974      0.020065        4.958513       
244             125.376003      712.089294      143.030516      0.020070        4.978583       
245             160.041871      715.305176      143.098899      0.020094        4.998677       
246             150.856526      718.336487      143.129959      0.020094        5.018771       
247             118.635775      720.720947      143.032257      0.020099        5.038870       
248             202.943640      724.801941      143.270399      0.020109        5.058979       
249             123.638116      727.290405      143.192602      0.020127        5.079106       
250             124.376105      729.789246      143.118465      0.020091        5.099197       
251             133.652560      732.468445      143.081398      0.020046        5.119243       
252             109.473391      734.665466      142.950159      0.020069        5.139312       
253             113.022548      736.933716      142.833746      0.020069        5.159381       
254             110.894861      739.161926      142.709844      0.020093        5.179474       
255             103.374091      741.234680      142.558153      0.020051        5.199525       
256             153.311676      744.311646      142.599502      0.020070        5.219595       
257             244.298834      749.212524      142.988876      0.020061        5.239656       
258             151.514545      752.262512      143.021505      0.020130        5.259786       
259             102.607099      754.324402      142.867690      0.020095        5.279881       
260             131.508269      756.965088      142.824652      0.020080        5.299961       
261             148.696040      759.950012      142.846807      0.020074        5.320035       
262             121.152079      762.382019      142.765254      0.020074        5.340109       
263             100.178193      764.392395      142.605812      0.020068        5.360177       
264             255.312605      769.514221      143.026056      0.020061        5.380238       
265             180.286545      773.136719      143.164691      0.020093        5.400331       
266             110.413892      775.354492      143.043329      0.020086        5.420417       
267             122.267749      777.811340      142.966596      0.020094        5.440511       
268             144.785593      780.718201      142.973284      0.020077        5.460588       
269             152.628911      783.784058      143.008673      0.020087        5.480675       
270             193.375310      787.665100      143.192440      0.020070        5.500745       
271             133.349175      790.346619      143.156587      0.020109        5.520854       
272             125.726040      792.871826      143.093405      0.020085        5.540939       
273             156.471449      796.018311      143.141780      0.020109        5.561048       
274             125.099134      798.531677      143.076830      0.020091        5.581139       
275             110.006178      800.740051      142.958304      0.020075        5.601214       
276             118.792382      803.743835      142.849700      0.025286        5.626500       
277             108.519432      805.924316      142.727538      0.020093        5.646593       
278             101.100099      807.957642      142.579796      0.020112        5.666705       
279             173.812288      811.446228      142.690028      0.020071        5.686776       
280             243.197363      816.324524      143.043302      0.020059        5.706835       
281             137.415687      819.085205      143.023561      0.020090        5.726925       
282             104.200508      821.177551      142.887913      0.020080        5.747005       
283             142.551154      824.039551      142.886741      0.020077        5.767082       
284             147.955351      827.008423      142.904315      0.020066        5.787148       
285             113.385312      829.284973      142.802256      0.020078        5.807226       
286             115.890461      831.610779      142.709573      0.020069        5.827295       
287             261.969548      836.866150      143.118727      0.020061        5.847356       
288             160.246519      840.086304      143.177387      0.020095        5.867451       
289             119.035432      842.475464      143.095085      0.020071        5.887522       
290             130.899909      845.104065      143.053632      0.020081        5.907603       
291             127.388161      847.661255      143.000581      0.020074        5.927677       
292             146.290516      850.599792      143.011692      0.020087        5.947764       
293             218.025190      854.984497      143.264478      0.020111        5.967875       
294             121.772654      857.431519      143.192354      0.020095        5.987970       
295             136.259718      860.643433      143.165170      0.023572        6.011542       
296             150.561668      864.119751      143.193470      0.023089        6.034631       
297             101.396331      866.540588      143.028758      0.023875        6.058506       
298             136.531848      869.281738      143.007299      0.020077        6.078583       
299             124.396997      871.778137      142.946061      0.020068        6.098651       
300             100.012482      873.790588      142.804871      0.020122        6.118773       
301             103.283954      875.865356      142.675548      0.020088        6.138861       
302             185.064239      879.579041      142.813659      0.020067        6.158928       
303             227.237973      884.137207      143.087727      0.020059        6.178987       
304             139.910096      886.947021      143.077433      0.020083        6.199070       
305             110.350906      889.162537      142.971783      0.020077        6.219147       
306             142.544092      892.023682      142.970407      0.020072        6.239219       
307             137.909339      894.790833      142.954183      0.020065        6.259284       
308             117.529703      897.149536      142.872926      0.020069        6.279353       
309             130.524609      899.769165      142.833584      0.020070        6.299423       
310             253.215885      904.849182      143.184007      0.020062        6.319485       
311             145.256852      907.761292      143.190562      0.020048        6.339533       
312             114.586388      910.062988      143.100215      0.020087        6.359620       
313             136.940110      912.813293      143.080822      0.020084        6.379704       
314             136.789734      915.560852      143.061077      0.020086        6.399790       
315             144.631804      918.465637      143.065991      0.020084        6.419874       
316             204.621786      922.585083      143.258420      0.020132        6.440006       
317             122.759307      925.053650      143.194610      0.020109        6.460115       
318             135.730143      927.782776      143.171449      0.020107        6.480222       
319             154.133411      930.884094      143.205381      0.020121        6.500343       
320             121.487029      933.324890      143.138461      0.020091        6.520434       
321             115.191998      935.637024      143.052697      0.020072        6.540506       
322             123.499850      938.115295      142.992890      0.020067        6.560573       
323             104.585698      940.216736      142.875620      0.020093        6.580666       
324             98.976422       942.202698      142.742175      0.020065        6.600731       
325             188.448327      945.982971      142.880657      0.020060        6.620791       
326             234.474190      950.686523      143.157334      0.020060        6.640851       
327             137.455897      953.448975      143.140132      0.020097        6.660948       
328             102.992458      955.517578      143.019437      0.020085        6.681033       
329             140.973366      958.347900      143.013307      0.020077        6.701110       
330             146.330487      961.284607      143.023212      0.020069        6.721179       
331             112.927961      963.551636      142.933590      0.020075        6.741254       
332             122.742399      966.015076      142.873655      0.020070        6.761324       
333             249.230691      971.014893      143.188286      0.020061        6.781385       
334             158.322860      974.192749      143.232950      0.020072        6.801457       
335             112.574265      976.450989      143.142792      0.020060        6.821517       
336             126.138310      978.985107      143.092859      0.020090        6.841607       
337             178.392928      982.568665      143.196202      0.020088        6.861695       
338             128.380732      985.147705      143.152954      0.020089        6.881784       
339             167.483845      988.514465      143.223818      0.020102        6.901886       
340             164.831633      991.830383      143.286616      0.020117        6.922003       
341             125.885769      994.361694      143.236214      0.020108        6.942111       
342             134.775478      997.073242      143.211764      0.020119        6.962230       
343             129.526827      999.731262      143.171547      0.020521        6.982751       
344             106.234872      1002.255615     143.046279      0.023762        7.006513       
345             131.043387      1004.885132     143.012002      0.020066        7.026579       
346             106.826721      1007.030212     142.908890      0.020080        7.046659       
347             98.452031       1009.008606     142.782472      0.020095        7.066754       
348             180.143424      1012.624084     142.888279      0.020070        7.086824       
349             244.149754      1017.521240     143.174073      0.020058        7.106882       
350             132.325386      1020.179260     143.143496      0.020087        7.126969       
351             111.081613      1022.409668     143.053421      0.020079        7.147048       
352             142.308973      1025.267090     143.051336      0.020079        7.167127       
353             139.443331      1028.065857     143.041260      0.020071        7.187198       
354             112.402942      1030.322571     142.955912      0.020077        7.207275       
355             136.167280      1033.055176     142.937062      0.020068        7.227343       
356             243.562583      1037.941528     143.215610      0.020062        7.247405       
357             159.853836      1041.156189     143.261650      0.020110        7.267515       
358             116.464764      1043.495850     143.187782      0.020089        7.287604       
359             140.122493      1046.309509     143.179359      0.020080        7.307684       
360             126.380250      1048.847351     143.133323      0.020081        7.327765       
361             154.410948      1051.946533     143.164128      0.020071        7.347836       
362             204.746667      1056.066650     143.332319      0.020123        7.367959       
363             125.907682      1059.032532     143.276789      0.023556        7.391515       
364             126.110163      1061.566589     143.230247      0.020094        7.411609       
365             151.002799      1064.601746     143.251269      0.020100        7.431709       
366             114.357730      1066.898621     143.173392      0.020085        7.451794       
367             108.177540      1069.070068     143.079376      0.020073        7.471867       
368             121.465101      1071.507751     143.021477      0.020069        7.491936       
369             105.950226      1073.636292     142.922334      0.020090        7.512026       
370             97.472197       1075.595093     142.801072      0.020096        7.532122       
371             185.660132      1079.321106     142.914964      0.020069        7.552191       
372             241.809970      1084.171814     143.176951      0.020060        7.572251       
373             130.995766      1086.803650     143.144717      0.020091        7.592342       
374             107.684062      1088.965515     143.051198      0.020076        7.612418       
375             141.115105      1091.798401     143.046106      0.020075        7.632493       
376             140.503805      1094.853516     143.038884      0.021744        7.654237       
377             117.482660      1097.591919     142.961295      0.023309        7.677546       
378             158.954583      1100.784363     143.003023      0.020084        7.697630       
379             233.476501      1105.470703     143.238324      0.020072        7.717702       
380             126.237261      1108.003906     143.194234      0.020067        7.737769       
381             123.729190      1110.489502     143.143829      0.020089        7.757858       
382             150.060841      1113.503174     143.161689      0.020083        7.777941       
383             109.900969      1115.710205     143.076034      0.020082        7.798023       
384             232.256464      1120.372986     143.305039      0.020076        7.818099       
385             121.113791      1122.807373     143.248133      0.020100        7.838199       
386             129.578500      1125.474487     143.212331      0.020583        7.858782       
387             154.714556      1128.589355     143.241722      0.020133        7.878915       
388             128.318030      1131.169189     143.203738      0.020105        7.899020       
389             107.440846      1133.326172     143.113074      0.020076        7.919096       
390             113.057349      1135.595459     143.037086      0.020072        7.939168       
391             125.004812      1138.107056     142.991567      0.020092        7.959260       
392             98.075297       1140.078369     142.878422      0.020100        7.979360       
393             107.732175      1142.240662     142.790239      0.020071        7.999431       
394             259.378879      1147.444580     143.081918      0.020063        8.019494       
395             179.861702      1151.052246     143.173680      0.020058        8.039552       
396             109.990913      1153.261414     143.090987      0.020085        8.059637       
397             119.490207      1155.661255     143.032322      0.020084        8.079721       
398             148.630726      1158.646057     143.046202      0.020082        8.099803       
399             134.648986      1161.348328     143.025448      0.020069        8.119872       
400             98.625882       1163.328735     142.915921      0.020080        8.139952       
401             187.659696      1167.096191     143.026003      0.020076        8.160028       
402             229.356392      1171.697998     143.237753      0.020064        8.180092       
403             129.656989      1174.361023     143.203739      0.020539        8.200631       
404             126.988792      1177.090393     143.161353      0.021493        8.222124       
405             121.906215      1179.538879     143.109557      0.020085        8.242209       
406             175.676398      1183.064880     143.188670      0.020071        8.262280       
407             108.846485      1185.249756     143.105438      0.020073        8.282353       
408             194.486140      1189.156982     143.229768      0.020090        8.302443       
409             117.747151      1192.111023     143.152997      0.025088        8.327531       
410             154.667184      1195.216431     143.180692      0.020078        8.347609       
411             130.575037      1197.837463     143.150452      0.020073        8.367682       
412             110.330795      1200.052795     143.071887      0.020079        8.387761       
413             108.684663      1202.234314     142.989795      0.020072        8.407833       
414             122.388094      1204.702515     142.940498      0.020167        8.428000       
415             105.792044      1206.829041     142.852108      0.020101        8.448101       
416             99.829048       1208.835205     142.750010      0.020096        8.468197       
417             225.622087      1213.363892     142.945975      0.020072        8.488269       
418             206.848294      1217.513062     143.096630      0.020059        8.508328       
419             120.061737      1219.924622     143.042378      0.020086        8.528414       
420             117.209616      1222.279480     142.981665      0.020091        8.548505       
421             141.469036      1225.120178     142.978120      0.020080        8.568585       
422             135.071272      1227.830383     142.959648      0.020065        8.588650       
423             101.950202      1229.877441     142.863998      0.020079        8.608729       
424             181.870653      1233.527222     142.954716      0.020068        8.628797       
425             233.257138      1238.206360     143.164161      0.020060        8.648857       
426             124.388026      1240.705688     143.120642      0.020093        8.668950       
427             120.921573      1243.134277     143.069331      0.020084        8.689034       
428             163.405722      1246.472656     143.117034      0.020430        8.709464       
429             137.658417      1249.234497     143.104489      0.020063        8.729527       
430             125.548402      1251.757141     143.064172      0.020093        8.749620       
431             150.624309      1254.781677     143.081483      0.020080        8.769700       
432             173.932292      1258.280151     143.152079      0.020114        8.789814       
433             120.222231      1260.702148     143.099645      0.020146        8.809960       
434             152.167178      1263.759644     143.120278      0.020093        8.830053       
435             108.147294      1265.931458     143.040921      0.020082        8.850135       
436             108.803255      1268.115356     142.963446      0.020072        8.870207       
437             130.720965      1270.738403     142.935813      0.020066        8.890273       
438             98.324707       1272.729675     142.834421      0.020252        8.910525       
439             99.490464       1274.728638     142.736906      0.020092        8.930617       
440             206.333928      1278.869141     142.879487      0.020067        8.950684       
441             216.500499      1283.808167     143.066651      0.022813        8.973497       
442             121.465492      1286.247437     143.018418      0.020082        8.993579       
443             117.985701      1288.616943     142.962643      0.020083        9.013662       
444             142.563314      1291.479187     142.961756      0.020077        9.033739       
445             141.359940      1294.315857     142.958205      0.020067        9.053806       
446             125.982667      1296.845337     142.920643      0.020078        9.073884       
447             147.746752      1299.809875     142.931292      0.020065        9.093949       
448             237.206471      1304.568237     143.138792      0.020060        9.114009       
449             131.706324      1307.215271     143.113637      0.020098        9.134107       
450             127.987529      1309.785645     143.080452      0.020083        9.154190       
451             126.089901      1312.318665     143.043248      0.020089        9.174279       
452             176.734653      1315.865906     143.116795      0.020071        9.194350       
453             118.822726      1318.250916     143.063875      0.020072        9.214422       
454             190.678265      1322.080688     143.167436      0.020085        9.234507       
455             117.992592      1324.450806     143.112794      0.020087        9.254594       
456             129.271089      1327.050964     143.082776      0.020114        9.274708       
457             153.749901      1330.139954     143.105833      0.020091        9.294799       
458             113.519919      1332.419434     143.042055      0.020080        9.314879       
459             107.497158      1334.577332     142.965619      0.020074        9.334953       
460             127.177832      1337.133606     142.931698      0.020100        9.355053       
461             104.405277      1339.232361     142.849090      0.020102        9.375155       
462             99.214013       1341.226562     142.755738      0.020100        9.395255       
463             232.220646      1345.887695     142.946463      0.020072        9.415327       
464             205.627015      1350.012573     143.079725      0.020060        9.435387       
465             118.502889      1352.392822     143.027517      0.020086        9.455473       
466             121.281485      1354.823303     142.981525      0.020040        9.475513       
467             142.322155      1357.681274     142.980131      0.020081        9.495594       
468             127.098124      1360.247131     142.946437      0.020188        9.515782       
469             105.882008      1362.550171     142.861909      0.021751        9.537533       
470             190.529731      1366.376770     142.962076      0.020084        9.557617       
471             223.268468      1370.875183     143.131011      0.020148        9.577765       
472             121.465824      1373.315796     143.085655      0.020093        9.597858       
473             123.782374      1375.800232     143.045372      0.020071        9.617929       
474             135.177513      1378.513245     143.028988      0.020070        9.637999       
475             168.720672      1381.903687     143.082443      0.020095        9.658094       
476             150.812588      1384.931702     143.098480      0.020078        9.678172       
477             148.917642      1387.924500     143.110539      0.020097        9.698269       
478             142.355705      1390.788696     143.108976      0.020120        9.718389       
479             145.186983      1393.765320     143.113350      0.020502        9.738891       
480             124.463788      1396.263184     143.074998      0.020069        9.758960       
481             62.863503       1397.524414     142.910433      0.020063        9.779023       
