#timestep       power           acc-energy      avg-power       dt              acc-time       
1               11.017000       0.226796        11.017000       0.020586        0.020586       
2               11.017000       0.484847        11.017000       0.023423        0.044009       
3               11.017000       0.706619        11.017000       0.020130        0.064139       
4               11.019000       0.929346        11.017479       0.020213        0.084352       
5               11.019000       1.151434        11.017773       0.020155        0.104507       
6               11.019000       1.373225        11.017971       0.020128        0.124635       
7               11.019000       1.596558        11.018115       0.020268        0.144903       
8               11.024000       1.819926        11.018837       0.020262        0.165165       
9               11.024000       2.043427        11.019401       0.020274        0.185439       
10              11.024000       2.265252        11.019851       0.020122        0.205561       
11              11.024000       2.487804        11.020222       0.020188        0.225749       
12              11.024000       2.712110        11.020535       0.020347        0.246096       
13              11.031000       2.933998        11.021325       0.020115        0.266211       
14              11.031000       3.157056        11.022008       0.020221        0.286432       
15              11.031000       3.380367        11.022602       0.020244        0.306676       
16              11.031000       3.604352        11.023124       0.020305        0.326981       
17              11.031000       3.827487        11.023582       0.020228        0.347209       
18              10.931000       4.047517        11.018509       0.020129        0.367338       
19              10.931000       4.268137        11.013951       0.020183        0.387521       
20              10.931000       4.488583        11.009848       0.020167        0.407688       
21              10.931000       4.708679        11.006137       0.020135        0.427823       
22              10.931000       4.928851        11.002759       0.020142        0.447965       
23              10.952000       5.159423        11.000480       0.021053        0.469018       
24              10.952000       5.381114        10.998475       0.020242        0.489260       
25              10.952000       5.601731        10.996637       0.020144        0.509404       
26              10.952000       5.822249        10.994940       0.020135        0.529539       
27              10.952000       6.043480        10.993362       0.020200        0.549739       
28              10.952000       6.279364        10.991802       0.021538        0.571277       
29              10.952000       6.507844        10.990400       0.020862        0.592139       
30              10.952000       6.728954        10.989134       0.020189        0.612328       
31              10.952000       6.955157        10.987922       0.020654        0.632982       
32              10.952000       7.196495        10.986714       0.022036        0.655018       
33              10.952000       7.426750        10.985634       0.021024        0.676042       
34              10.952000       7.650817        10.984646       0.020459        0.696501       
35              10.952000       7.872573        10.983724       0.020248        0.716749       
36              10.952000       8.128302        10.982723       0.023350        0.740099       
37              10.952000       8.349719        10.981906       0.020217        0.760316       
38              10.952000       8.570599        10.981133       0.020168        0.780484       
39              10.952000       8.817523        10.980315       0.022546        0.803030       
40              10.952000       9.043287        10.979607       0.020614        0.823644       
41              10.952000       9.264047        10.978947       0.020157        0.843801       
42              10.952000       9.518243        10.978226       0.023210        0.867011       
43              10.952000       9.740470        10.977626       0.020291        0.887302       
44              10.952000       9.961612        10.977056       0.020192        0.907494       
45              10.952000       10.219291       10.976423       0.023528        0.931022       
46              10.952000       10.442876       10.975899       0.020415        0.951437       
47              10.952000       10.679242       10.975369       0.021582        0.973019       
48              10.952000       10.901973       10.974890       0.020337        0.993356       
49              10.952000       11.123455       10.974434       0.020223        1.013579       
50              10.952000       11.354269       10.973977       0.021075        1.034654       
51              10.952000       11.575663       10.973555       0.020215        1.054869       
52              10.952000       11.829093       10.973093       0.023140        1.078009       
53              10.952000       12.049830       10.972706       0.020155        1.098164       
54              10.952000       12.272309       10.972330       0.020314        1.118478       
55              10.952000       12.494744       10.971967       0.020310        1.138788       
56              10.952000       12.716489       10.971618       0.020247        1.159035       
57              10.952000       12.957203       10.971253       0.021979        1.181014       
58              10.952000       13.178894       10.970929       0.020242        1.201256       
59              10.952000       13.399161       10.970617       0.020112        1.221368       
60              10.952000       13.619548       10.970315       0.020123        1.241491       
61              10.952000       13.841413       10.970021       0.020258        1.261749       
62              10.952000       14.062567       10.969737       0.020193        1.281942       
63              10.952000       14.286338       10.969459       0.020432        1.302374       
64              10.952000       14.507831       10.969192       0.020224        1.322598       
65              10.952000       14.729029       10.968933       0.020197        1.342795       
66              10.952000       14.949427       10.968683       0.020124        1.362919       
67              10.952000       15.180613       10.968429       0.021109        1.384028       
68              10.952000       15.416026       10.968178       0.021495        1.405523       
69              10.952000       15.636402       10.967949       0.020122        1.425645       
70              10.952000       15.857906       10.967726       0.020225        1.445870       
71              11.032000       16.079782       10.968608       0.020112        1.465982       
72              11.032000       16.301933       10.969467       0.020137        1.486119       
73              11.032000       16.525839       10.970310       0.020296        1.506415       
74              11.032000       16.747924       10.971123       0.020131        1.526546       
75              11.032000       16.971741       10.971922       0.020288        1.546834       
76              11.032000       17.194477       10.972696       0.020190        1.567024       
77              11.032000       17.438527       10.973521       0.022122        1.589146       
78              11.032000       17.660800       10.974253       0.020148        1.609294       
79              11.032000       17.883922       10.974970       0.020225        1.629519       
80              11.032000       18.105941       10.975666       0.020125        1.649644       
81              11.032000       18.327971       10.976345       0.020126        1.669770       
82              11.032000       18.552517       10.977015       0.020354        1.690124       
83              11.032000       18.776047       10.977666       0.020262        1.710386       
84              11.032000       18.998143       10.978298       0.020132        1.730518       
85              11.032000       19.220239       10.978916       0.020132        1.750650       
86              11.032000       19.443119       10.979522       0.020203        1.770853       
87              11.032000       19.667201       10.980117       0.020312        1.791165       
88              11.032000       19.889220       10.980693       0.020125        1.811290       
89              11.032000       20.112861       10.981261       0.020272        1.831562       
90              11.032000       20.349718       10.981849       0.021470        1.853032       
91              11.032000       20.572531       10.982390       0.020197        1.873229       
92              11.032000       20.794947       10.982918       0.020161        1.893390       
93              11.032000       21.020232       10.983442       0.020421        1.913811       
94              11.032000       21.242758       10.983948       0.020171        1.933982       
95              11.032000       21.465340       10.984444       0.020176        1.954158       
96              11.032000       21.728243       10.985017       0.023831        1.977989       
97              11.032000       21.982266       10.985558       0.023026        2.001015       
98              11.032000       22.205896       10.986024       0.020271        2.021286       
99              11.032000       22.429845       10.986481       0.020300        2.041586       
100             11.032000       22.654854       10.986931       0.020396        2.061982       
101             11.032000       22.878958       10.987371       0.020314        2.082296       
102             11.032000       23.101959       10.987800       0.020214        2.102510       
103             11.032000       23.324055       10.988219       0.020132        2.122642       
104             11.032000       23.581994       10.988696       0.023381        2.146023       
105             11.032000       23.806760       10.989103       0.020374        2.166397       
106             11.032000       24.028790       10.989498       0.020126        2.186523       
107             11.032000       24.252056       10.989888       0.020238        2.206761       
108             11.032000       24.475487       10.990271       0.020253        2.227014       
109             11.032000       24.698124       10.990646       0.020181        2.247195       
110             11.032000       24.921952       10.991016       0.020289        2.267484       
111             11.032000       25.144655       10.991377       0.020187        2.287671       
112             11.032000       25.367766       10.991733       0.020224        2.307895       
113             11.032000       25.589752       10.992081       0.020122        2.328017       
114             11.032000       25.811793       10.992423       0.020127        2.348144       
115             11.032000       26.034673       10.992761       0.020203        2.368347       
116             11.032000       26.256581       10.993092       0.020115        2.388462       
117             11.032000       26.484591       10.993425       0.020668        2.409130       
118             11.032000       26.737168       10.993788       0.022895        2.432025       
119             11.032000       26.962023       10.994106       0.020382        2.452407       
120             10.989000       27.183550       10.994064       0.020159        2.472566       
121             10.989000       27.405561       10.994023       0.020203        2.492769       
122             10.989000       27.628758       10.993983       0.020311        2.513080       
123             10.989000       27.850791       10.993943       0.020205        2.533285       
124             10.989000       28.074582       10.993904       0.020365        2.553650       
125             10.989000       28.295758       10.993865       0.020127        2.573777       
126             10.989000       28.518010       10.993827       0.020225        2.594002       
127             10.989000       28.740856       10.993790       0.020279        2.614281       
128             10.989000       28.963152       10.993753       0.020229        2.634510       
129             10.989000       29.208548       10.993713       0.022331        2.656841       
130             10.989000       29.449152       10.993675       0.021895        2.678736       
131             10.989000       29.670383       10.993640       0.020132        2.698868       
132             10.989000       29.924888       10.993600       0.023160        2.722028       
133             10.989000       30.149316       10.993566       0.020423        2.742451       
134             10.989000       30.371942       10.993533       0.020259        2.762710       
135             10.989000       30.617008       10.993496       0.022301        2.785011       
136             10.989000       30.839557       10.993464       0.020252        2.805263       
137             10.989000       31.062062       10.993432       0.020248        2.825511       
138             10.989000       31.309337       10.993397       0.022502        2.848013       
139             10.989000       31.531502       10.993366       0.020217        2.868230       
140             10.989000       31.756040       10.993335       0.020433        2.888663       
141             10.989000       31.977985       10.993305       0.020197        2.908860       
142             10.989000       32.210391       10.993274       0.021149        2.930009       
143             10.989000       32.431687       10.993245       0.020138        2.950147       
144             10.989000       32.672039       10.993213       0.021872        2.972019       
145             10.989000       32.904984       10.993183       0.021198        2.993217       
146             10.989000       33.127950       10.993155       0.020290        3.013507       
147             10.989000       33.362577       10.993126       0.021351        3.034858       
148             10.989000       33.595181       10.993098       0.021167        3.056025       
149             10.989000       33.821752       10.993070       0.020618        3.076643       
150             10.989000       34.043587       10.993044       0.020187        3.096830       
151             10.989000       34.287510       10.993015       0.022197        3.119027       
152             10.989000       34.514312       10.992988       0.020639        3.139666       
153             10.989000       34.736839       10.992963       0.020250        3.159916       
154             10.989000       34.962498       10.992937       0.020535        3.180451       
155             10.989000       35.184663       10.992912       0.020217        3.200668       
156             10.989000       35.430344       10.992885       0.022357        3.223025       
157             10.989000       35.655102       10.992861       0.020453        3.243478       
158             10.989000       35.877058       10.992837       0.020198        3.263676       
159             10.989000       36.100585       10.992813       0.020341        3.284017       
160             10.989000       36.322497       10.992790       0.020194        3.304211       
161             10.989000       36.546650       10.992766       0.020398        3.324609       
162             10.989000       36.767826       10.992744       0.020127        3.344736       
163             10.989000       36.990408       10.992721       0.020255        3.364991       
164             10.989000       37.213122       10.992699       0.020267        3.385258       
165             10.989000       37.434715       10.992677       0.020165        3.405423       
166             10.989000       37.668210       10.992654       0.021248        3.426671       
167             10.989000       37.902616       10.992632       0.021331        3.448002       
168             11.001000       38.133747       10.992682       0.021010        3.469012       
169             11.001000       38.387738       10.992737       0.023088        3.492100       
170             11.001000       38.611730       10.992785       0.020361        3.512461       
171             11.001000       38.833686       10.992832       0.020176        3.532637       
172             11.001000       39.056566       10.992879       0.020260        3.552897       
173             11.001000       39.279611       10.992925       0.020275        3.573172       
174             11.001000       39.501116       10.992970       0.020135        3.593307       
175             11.001000       39.724481       10.993015       0.020304        3.613611       
176             11.001000       39.946195       10.993059       0.020154        3.633765       
177             11.001000       40.190912       10.993108       0.022245        3.656010       
178             11.001000       40.412571       10.993151       0.020149        3.676159       
179             11.001000       40.633900       10.993194       0.020119        3.696278       
180             11.001000       40.855482       10.993236       0.020142        3.716420       
181             11.001000       41.080046       10.993279       0.020413        3.736833       
182             11.001000       41.302695       10.993320       0.020239        3.757072       
183             11.001000       41.524651       10.993361       0.020176        3.777248       
184             11.001000       41.747576       10.993402       0.020264        3.797512       
185             11.001000       41.969818       10.993442       0.020202        3.817714       
186             11.001000       42.193325       10.993482       0.020317        3.838031       
187             11.001000       42.416920       10.993522       0.020325        3.858356       
188             11.001000       42.641198       10.993561       0.020387        3.878743       
189             11.001000       42.879259       10.993602       0.021640        3.900383       
190             11.001000       43.139257       10.993647       0.023634        3.924017       
191             11.001000       43.362401       10.993685       0.020284        3.944301       
192             11.001000       43.584875       10.993722       0.020223        3.964524       
193             11.001000       43.806391       10.993759       0.020136        3.984660       
194             11.001000       44.028556       10.993795       0.020195        4.004855       
195             11.001000       44.251909       10.993832       0.020303        4.025158       
196             11.001000       44.473557       10.993867       0.020148        4.045306       
