#timestep       power           acc-energy      avg-power       dt              acc-time       
1               10.509000       0.210811        10.509000       0.020060        0.020060       
2               10.509000       0.423208        10.509000       0.020211        0.040271       
3               10.509000       0.660291        10.509000       0.022560        0.062831       
4               10.509000       0.871806        10.509000       0.020127        0.082958       
5               10.509000       1.090603        10.509000       0.020820        0.103778       
6               10.509000       1.497890        10.509000       0.038756        0.142534       
7               10.509000       1.754761        10.509000       0.024443        0.166977       
8               10.509000       1.966864        10.509000       0.020183        0.187160       
9               10.509000       2.194605        10.509000       0.021671        0.208831       
10              10.509000       2.406246        10.509000       0.020139        0.228970       
11              10.509000       2.617760        10.509000       0.020127        0.249097       
12              10.509000       2.877743        10.509000       0.024739        0.273836       
13              10.509000       3.091275        10.509000       0.020319        0.294155       
14              10.653000       3.307403        10.518291       0.020288        0.314443       
15              10.653000       3.545945        10.527246       0.022392        0.336835       
16              10.653000       3.762084        10.534390       0.020289        0.357124       
17              10.653000       3.993414        10.541189       0.021715        0.378839       
18              10.653000       4.209883        10.546881       0.020320        0.399159       
19              10.653000       4.426341        10.552021       0.020319        0.419478       
20              10.653000       4.640658        10.556643       0.020118        0.439596       
21              10.653000       4.855273        10.560865       0.020146        0.459742       
22              10.653000       5.071529        10.564761       0.020300        0.480042       
23              10.653000       5.325028        10.568929       0.023796        0.503838       
24              10.653000       5.541465        10.572187       0.020317        0.524155       
25              10.653000       5.758072        10.575205       0.020333        0.544488       
26              10.653000       5.974946        10.578009       0.020358        0.564846       
27              10.653000       6.192139        10.580622       0.020388        0.585234       
28              10.653000       6.408960        10.583054       0.020353        0.605587       
29              10.653000       6.623767        10.585308       0.020164        0.625751       
30              10.653000       6.861670        10.587641       0.022332        0.648083       
31              10.653000       7.078831        10.589634       0.020385        0.668468       
32              10.653000       7.295737        10.591507       0.020361        0.688829       
33              10.653000       7.513271        10.593277       0.020420        0.709249       
34              10.653000       7.731828        10.594956       0.020516        0.729765       
35              10.653000       7.948830        10.596532       0.020370        0.750135       
36              10.653000       8.167600        10.598037       0.020536        0.770671       
37              10.653000       8.392858        10.599505       0.021145        0.791816       
38              10.653000       8.608155        10.600836       0.020210        0.812026       
39              10.653000       8.851160        10.602262       0.022811        0.834837       
40              10.653000       9.067235        10.603465       0.020283        0.855120       
41              10.653000       9.287901        10.604637       0.020714        0.875834       
42              10.653000       9.503401        10.605728       0.020229        0.896063       
43              10.653000       9.719444        10.606775       0.020280        0.916343       
44              10.653000       10.016598       10.608140       0.027894        0.944237       
45              10.653000       10.407681       10.609819       0.036711        0.980948       
46              10.653000       10.627037       10.610707       0.020591        1.001539       
47              10.653000       10.841386       10.611540       0.020121        1.021660       
48              10.653000       11.055713       10.612340       0.020119        1.041779       
49              10.653000       11.270180       10.613111       0.020132        1.061911       
50              10.653000       11.488950       10.613868       0.020536        1.082447       
51              10.653000       11.707570       10.614596       0.020522        1.102969       
52              10.653000       11.951194       10.615376       0.022869        1.125838       
53              10.653000       12.167652       10.616043       0.020319        1.146157       
54              10.653000       12.383865       10.616686       0.020296        1.166453       
55              10.653000       12.598982       10.617304       0.020193        1.186646       
56              10.653000       12.815834       10.617906       0.020356        1.207002       
57              10.653000       13.032868       10.618489       0.020373        1.227375       
58              10.653000       13.250327       10.619053       0.020413        1.247788       
59              10.653000       13.464687       10.619592       0.020122        1.267910       
60              10.653000       13.679068       10.620114       0.020124        1.288034       
61              10.758000       13.895626       10.622236       0.020130        1.308164       
62              10.758000       14.115326       10.624323       0.020422        1.328586       
63              10.758000       14.334628       10.626343       0.020385        1.348971       
64              10.758000       14.580653       10.628537       0.022869        1.371840       
65              10.758000       14.799804       10.630432       0.020371        1.392211       
66              10.758000       15.017083       10.632256       0.020197        1.412408       
67              10.758000       15.236912       10.634049       0.020434        1.432842       
68              10.758000       15.454955       10.635778       0.020268        1.453110       
69              10.758000       15.671525       10.637448       0.020131        1.473241       
70              10.758000       15.891644       10.639100       0.020461        1.493702       
71              10.758000       16.111021       10.640701       0.020392        1.514094       
72              10.758000       16.330043       10.642257       0.020359        1.534453       
73              10.758000       16.570926       10.643922       0.022391        1.556844       
74              10.758000       16.792347       10.645410       0.020582        1.577426       
75              10.758000       17.012972       10.646855       0.020508        1.597934       
76              10.758000       17.234393       10.648269       0.020582        1.618516       
77              10.758000       17.457191       10.649655       0.020710        1.639226       
78              10.758000       17.673589       10.650968       0.020115        1.659341       
79              10.758000       17.904756       10.652337       0.021488        1.680829       
80              10.758000       18.121294       10.653587       0.020128        1.700957       
81              10.758000       18.337669       10.654807       0.020113        1.721070       
82              10.758000       18.554077       10.655999       0.020116        1.741186       
83              10.758000       18.819208       10.657423       0.024645        1.765831       
84              10.758000       19.214565       10.659474       0.036750        1.802581       
85              10.758000       19.456082       10.660686       0.022450        1.825031       
86              10.758000       19.672920       10.661749       0.020156        1.845187       
87              10.758000       19.889339       10.662787       0.020117        1.865304       
88              10.758000       20.106951       10.663808       0.020228        1.885532       
89              10.758000       20.336269       10.664861       0.021316        1.906848       
90              10.758000       20.557184       10.665853       0.020535        1.927383       
91              10.758000       20.778057       10.666825       0.020531        1.947914       
92              10.758000       21.035388       10.667931       0.023920        1.971834       
93              10.758000       21.253948       10.668849       0.020316        1.992150       
94              10.758000       21.472292       10.669748       0.020296        2.012446       
95              10.758000       21.689303       10.670624       0.020172        2.032618       
96              10.758000       21.908389       10.671491       0.020365        2.052983       
97              10.758000       22.126852       10.672338       0.020307        2.073290       
98              10.758000       22.343314       10.673161       0.020121        2.093411       
99              10.758000       22.559797       10.673969       0.020123        2.113534       
100             10.758000       22.776506       10.674763       0.020144        2.133678       
101             10.758000       22.997701       10.675557       0.020561        2.154239       
102             10.758000       23.218886       10.676336       0.020560        2.174799       
103             10.758000       23.439220       10.677098       0.020481        2.195280       
104             10.758000       23.659286       10.677845       0.020456        2.215736       
105             10.758000       23.907914       10.678673       0.023111        2.238847       
106             10.758000       24.128464       10.679392       0.020501        2.259348       
107             10.758000       24.348078       10.680096       0.020414        2.279762       
108             10.811000       24.568471       10.681256       0.020386        2.300148       
109             10.811000       24.789804       10.682401       0.020473        2.320621       
110             10.811000       25.008111       10.683510       0.020193        2.340814       
111             10.811000       25.226071       10.684599       0.020161        2.360975       
112             10.811000       25.462454       10.685759       0.021865        2.382840       
113             10.811000       25.682955       10.686822       0.020396        2.403236       
114             10.811000       25.905878       10.687878       0.020620        2.423856       
115             10.811000       26.126390       10.688906       0.020397        2.444253       
116             10.811000       26.359897       10.689975       0.021599        2.465852       
117             10.811000       26.579295       10.690963       0.020294        2.486146       
118             10.811000       26.796791       10.691927       0.020118        2.506264       
119             10.811000       27.014460       10.692876       0.020134        2.526398       
120             10.811000       27.231966       10.693809       0.020119        2.546517       
121             10.811000       27.449462       10.694727       0.020118        2.566635       
122             10.811000       27.667022       10.695632       0.020124        2.586759       
123             10.811000       27.890659       10.696547       0.020686        2.607445       
124             10.811000       28.270871       10.698070       0.035169        2.642614       
125             10.811000       28.488918       10.698926       0.020169        2.662783       
126             10.811000       28.706295       10.699766       0.020107        2.682890       
127             10.811000       28.923596       10.700593       0.020100        2.702990       
128             10.811000       29.140908       10.701408       0.020101        2.723091       
129             10.811000       29.358609       10.702212       0.020137        2.743228       
130             10.811000       29.578094       10.703012       0.020302        2.763530       
131             10.811000       29.797578       10.703799       0.020302        2.783832       
132             10.811000       30.015744       10.704571       0.020180        2.804012       
133             10.811000       30.233889       10.705331       0.020178        2.824190       
134             10.811000       30.451903       10.706080       0.020166        2.844356       
135             10.811000       30.669399       10.706817       0.020118        2.864474       
136             10.811000       30.887781       10.707547       0.020200        2.884674       
137             10.811000       31.105428       10.708264       0.020132        2.904806       
138             10.811000       31.322838       10.708970       0.020110        2.924916       
139             10.811000       31.540160       10.709666       0.020102        2.945018       
140             10.811000       31.757721       10.710354       0.020124        2.965142       
141             10.811000       31.977714       10.711040       0.020349        2.985491       
142             10.811000       32.198334       10.711719       0.020407        3.005898       
143             10.811000       32.446349       10.712471       0.022941        3.028839       
144             10.811000       32.666148       10.713128       0.020331        3.049170       
145             10.811000       32.886205       10.713777       0.020355        3.069525       
146             10.811000       33.107982       10.714422       0.020514        3.090039       
147             10.811000       33.329586       10.715059       0.020498        3.110537       
148             10.811000       33.548985       10.715680       0.020294        3.130831       
149             10.811000       33.766761       10.716290       0.020144        3.150975       
150             10.811000       34.024809       10.717002       0.023869        3.174844       
151             10.811000       34.245440       10.717602       0.020408        3.195252       
152             10.811000       34.464893       10.718192       0.020299        3.215551       
153             10.811000       34.688951       10.718786       0.020725        3.236276       
154             10.811000       34.907019       10.719357       0.020171        3.256447       
155             10.811000       35.159834       10.720011       0.023385        3.279832       
156             10.801000       35.377842       10.720506       0.020184        3.300016       
157             10.801000       35.597199       10.720999       0.020309        3.320325       
158             10.801000       35.840265       10.721537       0.022504        3.342829       
159             10.801000       36.057549       10.722012       0.020117        3.362946       
160             10.801000       36.274854       10.722482       0.020119        3.383065       
161             10.801000       36.492267       10.722947       0.020129        3.403194       
162             10.801000       36.709670       10.723406       0.020128        3.423322       
163             10.801000       36.938738       10.723883       0.021208        3.444530       
164             10.801000       37.308348       10.724642       0.034220        3.478750       
165             10.801000       37.526366       10.725082       0.020185        3.498935       
166             10.768000       37.742889       10.725328       0.020108        3.519043       
167             10.768000       37.959315       10.725570       0.020099        3.539142       
168             10.768000       38.175719       10.725809       0.020097        3.559239       
169             10.768000       38.392275       10.726047       0.020111        3.579350       
170             10.774000       38.611127       10.726317       0.020313        3.599663       
171             10.774000       38.832694       10.726588       0.020565        3.620228       
172             10.774000       39.050275       10.726851       0.020195        3.640423       
173             10.774000       39.267748       10.727111       0.020185        3.660608       
174             10.774000       39.517921       10.727407       0.023220        3.683828       
175             10.775000       39.765810       10.727702       0.023006        3.706834       
176             10.775000       39.983627       10.727958       0.020215        3.727049       
177             10.775000       40.201508       10.728212       0.020221        3.747270       
178             10.775000       40.418129       10.728462       0.020104        3.767374       
179             10.775000       40.634771       10.728709       0.020106        3.787480       
180             10.779000       40.851666       10.728975       0.020122        3.807602       
181             10.779000       41.069790       10.729239       0.020236        3.827838       
182             10.779000       41.287677       10.729501       0.020214        3.848052       
183             10.779000       41.505542       10.729759       0.020212        3.868264       
184             10.779000       41.723461       10.730015       0.020217        3.888481       
185             10.786000       41.940853       10.730304       0.020155        3.908636       
186             10.786000       42.158072       10.730590       0.020139        3.928775       
187             10.786000       42.375356       10.730872       0.020145        3.948920       
188             10.786000       42.593438       10.731153       0.020219        3.969139       
189             10.786000       42.810646       10.731430       0.020138        3.989277       
190             10.789000       43.028530       10.731720       0.020195        4.009472       
191             10.789000       43.247115       10.732008       0.020260        4.029732       
192             10.789000       43.464050       10.732291       0.020107        4.049839       
193             10.789000       43.681588       10.732572       0.020163        4.070002       
194             10.789000       43.898890       10.732850       0.020141        4.090143       
195             10.792000       44.118377       10.733142       0.020338        4.110481       
196             10.792000       44.339894       10.733435       0.020526        4.131007       
197             10.792000       44.558389       10.733720       0.020246        4.151253       
198             10.792000       44.791377       10.734022       0.021589        4.172842       
199             10.794000       45.010560       10.734312       0.020306        4.193148       
200             10.794000       45.228923       10.734599       0.020230        4.213378       
201             10.794000       45.446962       10.734882       0.020200        4.233578       
202             10.794000       45.665367       10.735164       0.020234        4.253812       
203             10.794000       45.892365       10.735453       0.021030        4.274842       
204             10.798000       46.348592       10.736065       0.042251        4.317093       
205             10.798000       46.570253       10.736358       0.020528        4.337621       
206             10.798000       46.787509       10.736643       0.020120        4.357741       
207             10.798000       47.004430       10.736924       0.020089        4.377830       
208             10.836000       47.222526       10.737378       0.020127        4.397957       
209             10.836000       47.445292       10.737837       0.020558        4.418515       
210             10.836000       47.667495       10.738290       0.020506        4.439021       
211             10.836000       47.887683       10.738735       0.020320        4.459341       
212             10.836000       48.108098       10.739177       0.020341        4.479682       
213             10.841000       48.328333       10.739637       0.020315        4.499997       
214             10.841000       48.552525       10.740100       0.020680        4.520677       
215             10.841000       48.771199       10.740549       0.020171        4.540848       
216             10.841000       48.992875       10.740999       0.020448        4.561296       
217             10.841000       49.247997       10.741512       0.023533        4.584829       
218             10.841000       49.466172       10.741947       0.020125        4.604954       
219             10.841000       49.684477       10.742378       0.020137        4.625091       
220             10.841000       49.905351       10.742811       0.020374        4.645465       
221             10.841000       50.128698       10.743244       0.020602        4.666067       
222             10.841000       50.353193       10.743676       0.020708        4.686775       
223             10.841000       50.575423       10.744100       0.020499        4.707274       
224             10.841000       50.796536       10.744518       0.020396        4.727670       
225             10.841000       51.015893       10.744929       0.020234        4.747904       
226             10.841000       51.242816       10.745351       0.020932        4.768836       
227             10.841000       51.462217       10.745755       0.020238        4.789074       
228             10.841000       51.680739       10.746154       0.020157        4.809231       
229             10.841000       51.915013       10.746579       0.021610        4.830841       
230             10.841000       52.136278       10.746976       0.020410        4.851251       
231             10.841000       52.360534       10.747375       0.020686        4.871937       
232             10.841000       52.609194       10.747814       0.022937        4.894874       
233             10.841000       52.832823       10.748205       0.020628        4.915502       
234             10.841000       53.055909       10.748592       0.020578        4.936080       
235             10.841000       53.302823       10.749016       0.022776        4.958856       
236             10.841000       53.528078       10.749400       0.020778        4.979634       
237             10.841000       53.746480       10.749769       0.020146        4.999780       
238             10.841000       53.965989       10.750137       0.020248        5.020028       
239             10.841000       54.185367       10.750502       0.020236        5.040264       
240             10.841000       54.419229       10.750888       0.021572        5.061836       
241             10.841000       54.638402       10.751246       0.020217        5.082053       
242             10.841000       54.858030       10.751602       0.020259        5.102312       
243             10.841000       55.094819       10.751983       0.021842        5.124154       
244             10.841000       55.547528       10.752703       0.041759        5.165913       
245             10.841000       55.806802       10.753110       0.023916        5.189829       
246             10.841000       56.024955       10.753449       0.020123        5.209952       
247             10.841000       56.243033       10.753786       0.020116        5.230068       
248             10.841000       56.461511       10.754121       0.020153        5.250221       
249             10.841000       56.685204       10.754461       0.020634        5.270855       
250             10.841000       56.923631       10.754821       0.021993        5.292848       
251             10.841000       57.144353       10.755151       0.020360        5.313208       
252             10.841000       57.365011       10.755478       0.020354        5.333562       
253             10.841000       57.585560       10.755803       0.020344        5.353906       
254             10.841000       57.804321       10.756123       0.020179        5.374085       
255             10.841000       58.061914       10.756497       0.023761        5.397846       
256             10.841000       58.283244       10.756815       0.020416        5.418262       
257             10.841000       58.502286       10.757128       0.020205        5.438467       
258             10.841000       58.721545       10.757439       0.020225        5.458692       
259             10.841000       58.961923       10.757777       0.022173        5.480865       
260             10.808000       59.184849       10.757965       0.020626        5.501491       
261             10.808000       59.404478       10.758149       0.020321        5.521812       
262             10.808000       59.626626       10.758334       0.020554        5.542366       
263             10.808000       59.850308       10.758519       0.020696        5.563062       
264             10.808000       60.096439       10.758721       0.022773        5.585835       
265             10.808000       60.314782       10.758898       0.020202        5.606037       
266             10.808000       60.532574       10.759074       0.020151        5.626188       
267             10.808000       60.752355       10.759250       0.020335        5.646523       
268             10.808000       60.970838       10.759424       0.020215        5.666738       
269             10.808000       61.189830       10.759597       0.020262        5.687000       
270             10.808000       61.407481       10.759768       0.020138        5.707138       
271             10.808000       61.663685       10.759968       0.023705        5.730843       
272             10.808000       61.882839       10.760137       0.020277        5.751120       
273             10.808000       62.103592       10.760306       0.020425        5.771545       
274             10.808000       62.323416       10.760474       0.020339        5.791884       
275             10.808000       62.550060       10.760645       0.020970        5.812854       
276             10.808000       62.768014       10.760809       0.020166        5.833020       
277             10.808000       63.014555       10.760993       0.022811        5.855831       
278             10.808000       63.232207       10.761154       0.020138        5.875969       
279             10.808000       63.449653       10.761314       0.020119        5.896088       
280             10.808000       63.667099       10.761473       0.020119        5.916207       
281             10.808000       63.884599       10.761630       0.020124        5.936331       
282             10.808000       64.129779       10.761807       0.022685        5.959016       
283             10.808000       64.509259       10.762077       0.035111        5.994127       
284             10.808000       64.765430       10.762258       0.023702        6.017829       
285             10.808000       64.982919       10.762411       0.020123        6.037952       
286             10.808000       65.200365       10.762562       0.020119        6.058071       
287             10.808000       65.417984       10.762713       0.020135        6.078206       
288             10.808000       65.640370       10.762865       0.020576        6.098782       
289             10.808000       65.862496       10.763017       0.020552        6.119334       
290             10.808000       66.082947       10.763166       0.020397        6.139731       
291             10.808000       66.302781       10.763314       0.020340        6.160071       
292             10.808000       66.522605       10.763462       0.020339        6.180410       
293             10.808000       66.740721       10.763606       0.020181        6.200591       
294             10.808000       66.960664       10.763752       0.020350        6.220941       
295             10.808000       67.180715       10.763896       0.020360        6.241301       
296             10.808000       67.398410       10.764038       0.020142        6.261443       
297             10.808000       67.616775       10.764179       0.020204        6.281647       
298             10.808000       67.845850       10.764327       0.021195        6.302842       
299             10.808000       68.071219       10.764471       0.020852        6.323694       
300             10.808000       68.321424       10.764629       0.023150        6.346844       
301             10.808000       68.543766       10.764770       0.020572        6.367416       
302             10.808000       68.764390       10.764908       0.020413        6.387829       
303             10.808000       68.983100       10.765044       0.020236        6.408065       
304             10.808000       69.202254       10.765179       0.020277        6.428342       
305             10.808000       69.420954       10.765314       0.020235        6.448577       
306             10.808000       69.639632       10.765447       0.020233        6.468810       
307             10.808000       69.857446       10.765579       0.020153        6.488963       
308             10.819000       70.078781       10.765747       0.020458        6.509421       
309             10.819000       70.343024       10.765946       0.024424        6.533845       
310             10.819000       70.591861       10.766132       0.023000        6.556845       
311             10.819000       70.812742       10.766297       0.020416        6.577261       
312             10.819000       71.031481       10.766458       0.020218        6.597479       
313             10.819000       71.255044       10.766622       0.020664        6.618143       
314             10.819000       71.477851       10.766785       0.020594        6.638737       
315             10.819000       71.695962       10.766943       0.020160        6.658897       
316             10.819000       71.933298       10.767114       0.021937        6.680834       
317             10.819000       72.151107       10.767269       0.020132        6.700966       
318             10.819000       72.368731       10.767424       0.020115        6.721081       
319             10.819000       72.586344       10.767578       0.020114        6.741195       
320             10.819000       72.803990       10.767731       0.020117        6.761312       
321             10.819000       73.061677       10.767911       0.023818        6.785130       
322             10.819000       73.481692       10.768202       0.038822        6.823952       
323             10.819000       73.740028       10.768379       0.023878        6.847830       
324             10.819000       73.957944       10.768527       0.020142        6.867972       
325             10.819000       74.175666       10.768675       0.020124        6.888096       
326             10.819000       74.393712       10.768822       0.020154        6.908250       
327             10.819000       74.617384       10.768971       0.020674        6.928924       
328             10.819000       74.876110       10.769143       0.023914        6.952838       
329             10.819000       75.096720       10.769289       0.020391        6.973229       
330             10.819000       75.316962       10.769434       0.020357        6.993586       
331             10.819000       75.538752       10.769579       0.020500        7.014086       
332             10.819000       75.784917       10.769739       0.022753        7.036839       
333             10.819000       76.005462       10.769881       0.020385        7.057224       
334             10.819000       76.239228       10.770031       0.021607        7.078831       
335             10.819000       76.457426       10.770170       0.020168        7.098999       
336             10.819000       76.675407       10.770308       0.020148        7.119147       
337             10.819000       76.893777       10.770446       0.020184        7.139331       
338             10.819000       77.114615       10.770584       0.020412        7.159743       
339             10.819000       77.336999       10.770723       0.020555        7.180298       
340             10.819000       77.580968       10.770874       0.022550        7.202848       
341             10.819000       77.803201       10.771011       0.020541        7.223389       
342             10.819000       78.021929       10.771145       0.020217        7.243606       
343             10.819000       78.244822       10.771280       0.020602        7.264208       
344             10.819000       78.468018       10.771416       0.020630        7.284838       
345             10.819000       78.727760       10.771572       0.024008        7.308846       
346             10.819000       78.949831       10.771705       0.020526        7.329372       
347             10.819000       79.208156       10.771858       0.023877        7.353249       
348             10.819000       79.426451       10.771987       0.020177        7.373426       
349             10.819000       79.649539       10.772118       0.020620        7.394046       
350             10.819000       79.885263       10.772256       0.021788        7.415834       
351             10.819000       80.105506       10.772384       0.020357        7.436191       
352             10.819000       80.325240       10.772511       0.020310        7.456501       
353             10.819000       80.551627       10.772641       0.020925        7.477426       
354             10.774000       80.770426       10.772645       0.020308        7.497734       
355             10.774000       80.987845       10.772649       0.020180        7.517914       
356             10.774000       81.223979       10.772652       0.021917        7.539831       
357             10.774000       81.441215       10.772656       0.020163        7.559994       
358             10.774000       81.658311       10.772660       0.020150        7.580144       
359             10.774000       81.875310       10.772663       0.020141        7.600285       
360             10.774000       82.236508       10.772669       0.033525        7.633810       
361             10.774000       82.454897       10.772673       0.020270        7.654080       
362             10.774000       82.672231       10.772676       0.020172        7.674252       
363             10.774000       82.888928       10.772679       0.020113        7.694365       
364             10.774000       83.105582       10.772683       0.020109        7.714474       
365             10.774000       83.322452       10.772686       0.020129        7.734603       
366             10.774000       83.543373       10.772690       0.020505        7.755108       
367             10.774000       83.764887       10.772693       0.020560        7.775668       
368             10.774000       83.983954       10.772697       0.020333        7.796001       
369             10.774000       84.202720       10.772700       0.020305        7.816306       
370             10.774000       84.456190       10.772704       0.023526        7.839832       
371             10.774000       84.675150       10.772707       0.020323        7.860155       
372             10.774000       84.896135       10.772711       0.020511        7.880666       
373             10.774000       85.119900       10.772714       0.020769        7.901435       
374             10.774000       85.393517       10.772718       0.025396        7.926831       
375             10.774000       85.610484       10.772721       0.020138        7.946969       
376             10.774000       85.827267       10.772725       0.020121        7.967090       
377             10.774000       86.044299       10.772728       0.020144        7.987234       
378             10.774000       86.266286       10.772731       0.020604        8.007838       
379             10.774000       86.485171       10.772734       0.020316        8.028154       
380             10.774000       86.704088       10.772738       0.020319        8.048473       
381             10.774000       86.924868       10.772741       0.020492        8.068965       
382             10.774000       87.145348       10.772744       0.020464        8.089429       
383             10.774000       87.363230       10.772747       0.020223        8.109652       
384             10.774000       87.580725       10.772750       0.020187        8.129839       
385             10.774000       87.800515       10.772753       0.020400        8.150239       
386             10.774000       88.021909       10.772756       0.020549        8.170788       
387             10.774000       88.270207       10.772760       0.023046        8.193834       
388             10.774000       88.488542       10.772763       0.020265        8.214099       
389             10.774000       88.710153       10.772766       0.020569        8.234668       
390             10.774000       88.931160       10.772769       0.020513        8.255181       
391             10.774000       89.164438       10.772772       0.021652        8.276833       
392             10.774000       89.381847       10.772775       0.020179        8.297012       
393             10.774000       89.603188       10.772778       0.020544        8.317556       
394             10.774000       89.832459       10.772782       0.021280        8.338836       
395             10.774000       90.050470       10.772784       0.020235        8.359071       
396             10.774000       90.268385       10.772787       0.020226        8.379297       
397             10.774000       90.486171       10.772790       0.020214        8.399511       
398             10.774000       90.704215       10.772793       0.020238        8.419749       
399             10.774000       90.921882       10.772796       0.020203        8.439952       
400             10.774000       91.287067       10.772801       0.033895        8.473847       
401             10.722000       91.504960       10.772679       0.020322        8.494169       
402             10.722000       91.720901       10.772560       0.020140        8.514309       
403             10.722000       91.936638       10.772440       0.020121        8.534430       
404             10.722000       92.152322       10.772322       0.020116        8.554546       
405             10.722000       92.368306       10.772204       0.020144        8.574690       
406             10.722000       92.588353       10.772084       0.020523        8.595213       
407             10.722000       92.808251       10.771964       0.020509        8.615722       
408             10.722000       93.026326       10.771847       0.020339        8.636061       
409             10.722000       93.244261       10.771730       0.020326        8.656387       
410             10.722000       93.462143       10.771613       0.020321        8.676708       
411             10.722000       93.678073       10.771498       0.020139        8.696847       
412             10.722000       93.896234       10.771383       0.020347        8.717194       
413             10.722000       94.114341       10.771268       0.020342        8.737536       
414             10.722000       94.330239       10.771155       0.020136        8.757672       
415             10.722000       94.546952       10.771041       0.020212        8.777884       
416             10.722000       94.763011       10.770929       0.020151        8.798035       
417             10.722000       94.986254       10.770814       0.020821        8.818856       
418             10.722000       95.232720       10.770687       0.022987        8.841843       
419             10.722000       95.452189       10.770574       0.020469        8.862312       
420             10.722000       95.670489       10.770463       0.020360        8.882672       
421             10.722000       95.888574       10.770352       0.020340        8.903012       
422             10.722000       96.106038       10.770242       0.020282        8.923294       
423             10.722000       96.324209       10.770132       0.020348        8.943642       
424             10.722000       96.541737       10.770024       0.020288        8.963930       
425             10.722000       96.759286       10.769915       0.020290        8.984220       
426             10.722000       96.978541       10.769806       0.020449        9.004669       
427             10.722000       97.204067       10.769695       0.021034        9.025703       
428             10.722000       97.444969       10.769576       0.022468        9.048171       
429             10.722000       97.688026       10.769458       0.022669        9.070840       
430             10.722000       97.945397       10.769332       0.024004        9.094844       
431             10.722000       98.162271       10.769227       0.020227        9.115071       
432             10.722000       98.380271       10.769122       0.020332        9.135403       
433             10.722000       98.596469       10.769018       0.020164        9.155567       
434             10.722000       98.812367       10.768915       0.020136        9.175703       
435             10.722000       99.028062       10.768813       0.020117        9.195820       
436             10.722000       99.243842       10.768710       0.020125        9.215945       
437             10.722000       99.459526       10.768609       0.020116        9.236061       
438             10.722000       99.675124       10.768507       0.020108        9.256169       
439             10.722000       99.913013       10.768396       0.022187        9.278356       
440             10.722000       100.242060      10.768243       0.030689        9.309045       
441             10.722000       100.459470      10.768143       0.020277        9.329322       
442             10.722000       100.675036      10.768043       0.020105        9.349427       
443             10.722000       100.890580      10.767945       0.020103        9.369530       
444             10.722000       101.106189      10.767846       0.020109        9.389639       
445             10.722000       101.324039      10.767747       0.020318        9.409957       
446             10.722000       101.541631      10.767649       0.020294        9.430251       
447             10.722000       101.758151      10.767551       0.020194        9.450445       
448             10.722000       101.974607      10.767454       0.020188        9.470633       
449             10.722000       102.191095      10.767357       0.020191        9.490824       
450             10.731000       102.407678      10.767280       0.020183        9.511007       
451             10.731000       102.623811      10.767204       0.020141        9.531148       
452             10.731000       102.845825      10.767125       0.020689        9.551837       
453             10.731000       103.061786      10.767049       0.020125        9.571962       
454             10.731000       103.277812      10.766974       0.020131        9.592093       
455             10.731000       103.564705      10.766874       0.026735        9.618828       
456             10.731000       103.780506      10.766799       0.020110        9.638938       
457             10.731000       103.997615      10.766724       0.020232        9.659170       
458             10.731000       104.215691      10.766649       0.020322        9.679492       
459             10.731000       104.432961      10.766574       0.020247        9.699739       
460             10.731000       104.648665      10.766501       0.020101        9.719840       
461             10.731000       104.865904      10.766427       0.020244        9.740084       
462             10.731000       105.082906      10.766354       0.020222        9.760306       
463             10.731000       105.299994      10.766280       0.020230        9.780536       
464             10.731000       105.516739      10.766208       0.020198        9.800734       
465             10.731000       105.733741      10.766135       0.020222        9.820956       
466             10.731000       105.949713      10.766063       0.020126        9.841082       
467             10.731000       106.167499      10.765991       0.020295        9.861377       
468             10.731000       106.384941      10.765920       0.020263        9.881640       
469             10.731000       106.601696      10.765848       0.020199        9.901839       
470             10.731000       106.823131      10.765776       0.020635        9.922474       
471             10.731000       107.040272      10.765705       0.020235        9.942709       
472             10.731000       107.258262      10.765634       0.020314        9.963023       
473             10.731000       107.474041      10.765565       0.020108        9.983131       
474             10.731000       107.717635      10.765486       0.022700        10.005831      
475             10.731000       107.933542      10.765417       0.020120        10.025951      
476             10.731000       108.149375      10.765348       0.020113        10.046064      
477             10.731000       108.365218      10.765279       0.020114        10.066178      
478             10.731000       108.580922      10.765211       0.020101        10.086279      
479             10.731000       108.808044      10.765139       0.021165        10.107444      
480             10.731000       109.209952      10.765013       0.037453        10.144897      
481             10.731000       109.425709      10.764946       0.020106        10.165003      
482             10.731000       109.641413      10.764879       0.020101        10.185104      
483             10.731000       109.857096      10.764812       0.020099        10.205203      
484             10.731000       110.072885      10.764746       0.020109        10.225312      
485             10.731000       110.290746      10.764679       0.020302        10.245614      
486             10.731000       110.508671      10.764612       0.020308        10.265922      
487             10.731000       110.725105      10.764546       0.020169        10.286091      
488             10.731000       110.941538      10.764481       0.020169        10.306260      
489             10.731000       111.157854      10.764415       0.020158        10.326418      
490             10.731000       111.373600      10.764351       0.020105        10.346523      
491             10.731000       111.589776      10.764286       0.020145        10.366668      
492             10.731000       111.805695      10.764221       0.020121        10.386789      
493             10.731000       112.021452      10.764157       0.020106        10.406895      
494             10.731000       112.237167      10.764093       0.020102        10.426997      
495             10.731000       112.453161      10.764029       0.020128        10.447125      
496             10.731000       112.671214      10.763965       0.020320        10.467445      
497             10.731000       112.922180      10.763892       0.023387        10.490832      
498             10.772000       113.139570      10.763907       0.020181        10.511013      
499             10.772000       113.357121      10.763923       0.020196        10.531209      
500             10.772000       113.574802      10.763938       0.020208        10.551417      
501             10.772000       113.792159      10.763954       0.020178        10.571595      
502             10.772000       114.008752      10.763969       0.020107        10.591702      
503             10.772000       114.225786      10.763984       0.020148        10.611850      
504             10.772000       114.445729      10.764000       0.020418        10.632268      
505             10.772000       114.663291      10.764015       0.020197        10.652465      
506             10.772000       114.880573      10.764030       0.020171        10.672636      
507             10.835000       115.099386      10.764164       0.020195        10.692831      
508             10.835000       115.348883      10.764316       0.023027        10.715858      
509             10.835000       115.570123      10.764451       0.020419        10.736277      
510             10.835000       115.791125      10.764584       0.020397        10.756674      
511             10.835000       116.010934      10.764717       0.020287        10.776961      
512             10.834000       116.228893      10.764846       0.020118        10.797079      
513             10.834000       116.455692      10.764980       0.020934        10.818013      
514             10.834000       116.674723      10.765109       0.020217        10.838230      
515             10.834000       116.892790      10.765236       0.020128        10.858358      
516             10.834000       117.111799      10.765364       0.020215        10.878573      
517             10.837000       117.330555      10.765497       0.020186        10.898759      
518             10.837000       117.580174      10.765648       0.023034        10.921793      
519             10.837000       118.030809      10.765918       0.041583        10.963376      
520             10.837000       118.263295      10.766057       0.021453        10.984829      
521             10.843000       118.481435      10.766198       0.020118        11.004947      
522             10.843000       118.700409      10.766338       0.020195        11.025142      
523             10.843000       118.924957      10.766482       0.020709        11.045851      
524             10.843000       119.147216      10.766624       0.020498        11.066349      
525             10.843000       119.391076      10.766779       0.022490        11.088839      
526             10.849000       119.611354      10.766929       0.020304        11.109143      
527             10.849000       119.831664      10.767079       0.020307        11.129450      
528             10.849000       120.051921      10.767228       0.020302        11.149752      
529             10.849000       120.271298      10.767376       0.020221        11.169973      
530             10.849000       120.492043      10.767524       0.020347        11.190320      
531             10.858000       120.712884      10.767688       0.020339        11.210659      
532             10.858000       120.935136      10.767853       0.020469        11.231128      
533             10.858000       121.170776      10.768027       0.021702        11.252830      
534             10.858000       121.389457      10.768188       0.020140        11.272970      
535             10.862000       121.612312      10.768358       0.020517        11.293487      
536             10.862000       121.835342      10.768528       0.020533        11.314020      
537             10.862000       122.057665      10.768697       0.020468        11.334488      
538             10.862000       122.278826      10.768864       0.020361        11.354849      
539             10.862000       122.517736      10.769044       0.021995        11.376844      
540             10.861000       122.739528      10.769209       0.020421        11.397265      
541             10.861000       122.961918      10.769374       0.020476        11.417741      
542             10.861000       123.212688      10.769558       0.023089        11.440830      
543             10.861000       123.431450      10.769719       0.020142        11.460972      
544             10.861000       123.650191      10.769879       0.020140        11.481112      
545             10.858000       123.873974      10.770037       0.020610        11.501722      
546             10.858000       124.098268      10.770195       0.020657        11.522379      
547             10.858000       124.331422      10.770358       0.021473        11.543852      
548             10.858000       124.555357      10.770515       0.020624        11.564476      
549             10.858000       124.777295      10.770669       0.020440        11.584916      
550             10.899000       125.027797      10.770923       0.022984        11.607900      
551             10.899000       125.255052      10.771153       0.020851        11.628751      
552             10.899000       125.474711      10.771374       0.020154        11.648905      
553             10.899000       125.701116      10.771601       0.020773        11.669678      
554             10.899000       125.920447      10.771820       0.020124        11.689802      
555             10.899000       126.160519      10.772060       0.022027        11.711829      
556             10.899000       126.379862      10.772277       0.020125        11.731954      
557             10.899000       126.599084      10.772494       0.020114        11.752068      
558             10.899000       126.897030      10.772788       0.027337        11.779405      
559             10.899000       127.221679      10.773106       0.029787        11.809192      
560             10.899000       127.440759      10.773320       0.020101        11.829293      
561             10.899000       127.659818      10.773533       0.020099        11.849392      
562             10.899000       127.878888      10.773746       0.020100        11.869492      
563             10.899000       128.098231      10.773958       0.020125        11.889617      
564             10.899000       128.320483      10.774172       0.020392        11.910009      
565             10.899000       128.580163      10.774421       0.023826        11.933835      
566             10.899000       128.800835      10.774632       0.020247        11.954082      
567             10.899000       129.021452      10.774842       0.020242        11.974324      
568             10.899000       129.241994      10.775052       0.020235        11.994559      
569             10.899000       129.461565      10.775260       0.020146        12.014705      
570             10.899000       129.683087      10.775469       0.020325        12.035030      
571             10.899000       129.903748      10.775676       0.020246        12.055276      
572             10.899000       130.123112      10.775882       0.020127        12.075403      
573             10.899000       130.342586      10.776087       0.020137        12.095540      
574             10.899000       130.563541      10.776292       0.020273        12.115813      
575             10.899000       130.787668      10.776500       0.020564        12.136377      
576             10.899000       131.010672      10.776706       0.020461        12.156838      
577             10.899000       131.231061      10.776909       0.020221        12.177059      
578             10.899000       131.453466      10.777114       0.020406        12.197465      
579             10.899000       131.675642      10.777317       0.020385        12.217850      
580             10.899000       131.937164      10.777555       0.023995        12.241845      
581             10.899000       132.159187      10.777757       0.020371        12.262216      
582             10.899000       132.394900      10.777971       0.021627        12.283843      
583             10.899000       132.618853      10.778173       0.020548        12.304391      
584             10.899000       132.838893      10.778371       0.020189        12.324580      
585             10.899000       133.081537      10.778588       0.022263        12.346843      
586             10.899000       133.304520      10.778787       0.020459        12.367302      
587             10.899000       133.524647      10.778983       0.020197        12.387499      
588             10.899000       133.745003      10.779179       0.020218        12.407717      
589             10.899000       134.007069      10.779411       0.024045        12.431762      
590             10.899000       134.227752      10.779605       0.020248        12.452010      
591             10.899000       134.448795      10.779799       0.020281        12.472291      
592             10.899000       134.683603      10.780005       0.021544        12.493835      
593             10.899000       134.905452      10.780198       0.020355        12.514190      
594             10.899000       135.163148      10.780423       0.023644        12.537834      
595             10.899000       135.383526      10.780613       0.020220        12.558054      
596             10.899000       135.603380      10.780803       0.020172        12.578226      
597             10.850000       135.823972      10.780915       0.020331        12.598557      
598             10.850000       136.242792      10.781126       0.038601        12.637158      
599             10.850000       136.488784      10.781249       0.022672        12.659830      
600             10.850000       136.707238      10.781358       0.020134        12.679964      
601             10.850000       136.925507      10.781467       0.020117        12.700081      
602             10.850000       137.143983      10.781576       0.020136        12.720217      
603             10.850000       137.366397      10.781686       0.020499        12.740716      
604             10.850000       137.595581      10.781799       0.021123        12.761839      
605             10.850000       137.816086      10.781907       0.020323        12.782162      
606             10.850000       138.036656      10.782015       0.020329        12.802491      
607             10.850000       138.256986      10.782123       0.020307        12.822798      
608             10.850000       138.485379      10.782234       0.021050        12.843848      
609             10.850000       138.706383      10.782342       0.020369        12.864217      
610             10.850000       138.927039      10.782448       0.020337        12.884554      
611             10.850000       139.145569      10.782554       0.020141        12.904695      
612             10.850000       139.364034      10.782659       0.020135        12.924830      
613             10.850000       139.592209      10.782768       0.021030        12.945860      
614             10.850000       139.815817      10.782875       0.020609        12.966469      
615             10.850000       140.069512      10.782996       0.023382        12.989851      
616             10.850000       140.291882      10.783102       0.020495        13.010346      
617             10.850000       140.513363      10.783206       0.020413        13.030759      
618             10.850000       140.734302      10.783311       0.020363        13.051122      
619             10.850000       140.959049      10.783416       0.020714        13.071836      
620             10.850000       141.180150      10.783520       0.020378        13.092214      
621             10.850000       141.398908      10.783622       0.020162        13.112376      
622             10.850000       141.653568      10.783741       0.023471        13.135847      
623             10.850000       141.876047      10.783844       0.020505        13.156352      
624             10.850000       142.097561      10.783946       0.020416        13.176768      
625             10.850000       142.317924      10.784048       0.020310        13.197078      
626             10.850000       142.545167      10.784153       0.020944        13.218022      
627             10.850000       142.764684      10.784253       0.020232        13.238254      
628             10.850000       142.995550      10.784359       0.021278        13.259532      
629             10.850000       143.218225      10.784460       0.020523        13.280055      
630             10.850000       143.436755      10.784559       0.020141        13.300196      
631             10.850000       143.660666      10.784661       0.020637        13.320833      
632             10.850000       143.879587      10.784760       0.020177        13.341010      
633             10.850000       144.097878      10.784858       0.020119        13.361129      
634             10.850000       144.316202      10.784956       0.020122        13.381251      
635             10.850000       144.534504      10.785054       0.020120        13.401371      
636             10.850000       144.753066      10.785151       0.020144        13.421515      
637             10.850000       145.117192      10.785313       0.033560        13.455075      
638             10.850000       145.336047      10.785410       0.020171        13.475246      
639             10.850000       145.554197      10.785506       0.020106        13.495352      
640             10.850000       145.772261      10.785602       0.020098        13.515450      
641             10.850000       145.990769      10.785698       0.020139        13.535589      
642             10.850000       146.208886      10.785793       0.020103        13.555692      
643             10.850000       146.429109      10.785889       0.020297        13.575989      
644             10.873000       146.649472      10.786019       0.020267        13.596256      
645             10.873000       146.868628      10.786147       0.020156        13.616412      
646             10.873000       147.087686      10.786276       0.020147        13.636559      
647             10.873000       147.306712      10.786404       0.020144        13.656703      
648             10.873000       147.525249      10.786531       0.020099        13.676802      
649             10.873000       147.744296      10.786658       0.020146        13.696948      
650             10.873000       147.963115      10.786785       0.020125        13.717073      
651             10.873000       148.181608      10.786911       0.020095        13.737168      
652             10.873000       148.402102      10.787038       0.020279        13.757447      
653             10.873000       148.620801      10.787163       0.020114        13.777561      
654             10.873000       148.839946      10.787289       0.020155        13.797716      
655             10.873000       149.058646      10.787414       0.020114        13.817830      
656             10.873000       149.277052      10.787538       0.020087        13.837917      
657             10.873000       149.495567      10.787662       0.020097        13.858014      
658             10.873000       149.743710      10.787802       0.022822        13.880836      
659             10.873000       149.963943      10.787926       0.020255        13.901091      
660             10.873000       150.183599      10.788050       0.020202        13.921293      
661             10.873000       150.403462      10.788173       0.020221        13.941514      
662             10.873000       150.624086      10.788296       0.020291        13.961805      
663             10.873000       150.844123      10.788419       0.020237        13.982042      
664             10.873000       151.063007      10.788540       0.020131        14.002173      
665             10.873000       151.282185      10.788662       0.020158        14.022331      
666             10.873000       151.501222      10.788783       0.020145        14.042476      
667             10.873000       151.721422      10.788904       0.020252        14.062728      
668             10.873000       151.941970      10.789025       0.020284        14.083012      
669             10.873000       152.190788      10.789161       0.022884        14.105896      
670             10.873000       152.409639      10.789281       0.020128        14.126024      
671             10.873000       152.628480      10.789400       0.020127        14.146151      
672             10.873000       152.848082      10.789519       0.020197        14.166348      
673             10.873000       153.066793      10.789637       0.020115        14.186463      
674             10.873000       153.285470      10.789755       0.020112        14.206575      
675             10.873000       153.504203      10.789873       0.020117        14.226692      
676             10.873000       153.722706      10.789990       0.020096        14.246788      
677             10.873000       154.037132      10.790159       0.028918        14.275706      
678             10.873000       154.322961      10.790311       0.026288        14.301994      
679             10.873000       154.541552      10.790427       0.020104        14.322098      
680             10.873000       154.760078      10.790543       0.020098        14.342196      
681             10.873000       154.978603      10.790658       0.020098        14.362294      
682             10.873000       155.197226      10.790773       0.020107        14.382401      
683             10.873000       155.420482      10.790890       0.020533        14.402934      
684             10.873000       155.658579      10.791015       0.021898        14.424832      
685             10.873000       155.878007      10.791130       0.020181        14.445013      
686             10.873000       156.097489      10.791244       0.020186        14.465199      
687             10.873000       156.316928      10.791358       0.020182        14.485381      
688             10.873000       156.535595      10.791471       0.020111        14.505492      
689             10.873000       156.754719      10.791584       0.020153        14.525645      
690             10.873000       156.973353      10.791697       0.020108        14.545753      
691             10.873000       157.191639      10.791809       0.020076        14.565829      
692             10.873000       157.410132      10.791920       0.020095        14.585924      
693             10.864000       157.628618      10.792020       0.020111        14.606035      
694             10.864000       157.849125      10.792120       0.020297        14.626332      
695             10.864000       158.069762      10.792219       0.020309        14.646641      
696             10.864000       158.289127      10.792318       0.020192        14.666833      
697             10.864000       158.517261      10.792421       0.020999        14.687832      
698             10.864000       158.736550      10.792519       0.020185        14.708017      
699             10.864000       158.956155      10.792617       0.020214        14.728231      
700             10.864000       159.174685      10.792714       0.020115        14.748346      
701             10.864000       159.394789      10.792812       0.020260        14.768606      
702             10.864000       159.625421      10.792914       0.021229        14.789835      
703             10.864000       159.844754      10.793011       0.020189        14.810024      
704             10.864000       160.065239      10.793108       0.020295        14.830319      
705             10.864000       160.285594      10.793205       0.020283        14.850602      
706             10.864000       160.505601      10.793302       0.020251        14.870853      
707             10.864000       160.755223      10.793411       0.022977        14.893830      
708             10.864000       160.973926      10.793506       0.020131        14.913961      
709             10.864000       161.194639      10.793602       0.020316        14.934277      
710             10.864000       161.414277      10.793697       0.020217        14.954494      
711             10.864000       161.632969      10.793791       0.020130        14.974624      
712             10.864000       161.863351      10.793891       0.021206        14.995830      
713             10.864000       162.082032      10.793985       0.020129        15.015959      
714             10.864000       162.300898      10.794079       0.020146        15.036105      
715             10.864000       162.519471      10.794172       0.020119        15.056224      
716             10.864000       162.737827      10.794265       0.020099        15.076323      
717             10.864000       162.957193      10.794358       0.020192        15.096515      
718             10.864000       163.428538      10.794558       0.043386        15.139901      
719             10.864000       163.646981      10.794650       0.020107        15.160008      
720             10.864000       163.865325      10.794742       0.020098        15.180106      
721             10.864000       164.083681      10.794833       0.020099        15.200205      
722             10.864000       164.302112      10.794925       0.020106        15.220311      
723             10.864000       164.522630      10.795017       0.020298        15.240609      
724             10.864000       164.743039      10.795108       0.020288        15.260897      
725             10.864000       164.962122      10.795199       0.020166        15.281063      
726             10.864000       165.183205      10.795291       0.020350        15.301413      
727             10.864000       165.402353      10.795381       0.020172        15.321585      
728             10.864000       165.620806      10.795471       0.020108        15.341693      
729             10.864000       165.839760      10.795561       0.020154        15.361847      
730             10.864000       166.059245      10.795651       0.020203        15.382050      
731             10.864000       166.277611      10.795740       0.020100        15.402150      
732             10.864000       166.495967      10.795829       0.020099        15.422249      
733             10.864000       166.714442      10.795918       0.020110        15.442359      
734             10.864000       166.935752      10.796008       0.020371        15.462730      
735             10.864000       167.155520      10.796097       0.020229        15.482959      
736             10.864000       167.375169      10.796185       0.020218        15.503177      
737             10.864000       167.594350      10.796273       0.020175        15.523352      
738             10.864000       167.813466      10.796361       0.020169        15.543521      
739             10.864000       168.032495      10.796449       0.020161        15.563682      
740             10.864000       168.251448      10.796536       0.020154        15.583836      
741             10.837000       168.469662      10.796588       0.020136        15.603972      
742             10.837000       168.688222      10.796640       0.020168        15.624140      
743             10.837000       168.907715      10.796693       0.020254        15.644394      
744             10.837000       169.128107      10.796745       0.020337        15.664731      
745             10.837000       169.347795      10.796797       0.020272        15.685003      
746             10.837000       169.584421      10.796853       0.021835        15.706838      
747             10.837000       169.803317      10.796905       0.020199        15.727037      
748             10.837000       170.024500      10.796957       0.020410        15.747447      
749             10.837000       170.244372      10.797008       0.020289        15.767736      
750             10.837000       170.462890      10.797059       0.020164        15.787900      
751             10.837000       170.722230      10.797120       0.023931        15.811831      
752             10.837000       170.940530      10.797170       0.020144        15.831975      
753             10.837000       171.158560      10.797221       0.020119        15.852094      
754             10.837000       171.376655      10.797271       0.020125        15.872219      
755             10.837000       171.594652      10.797322       0.020116        15.892335      
756             10.837000       171.813570      10.797372       0.020201        15.912536      
757             10.837000       172.088342      10.797435       0.025355        15.937891      
758             10.837000       172.438095      10.797515       0.032274        15.970165      
759             10.837000       172.655973      10.797565       0.020105        15.990270      
760             10.837000       172.873786      10.797614       0.020099        16.010369      
761             10.837000       173.091556      10.797663       0.020095        16.030464      
762             10.837000       173.309444      10.797713       0.020106        16.050570      
763             10.837000       173.529132      10.797762       0.020272        16.070842      
764             10.837000       173.749069      10.797812       0.020295        16.091137      
765             10.837000       173.967770      10.797861       0.020181        16.111318      
766             10.837000       174.186472      10.797910       0.020181        16.131499      
767             10.837000       174.405217      10.797959       0.020185        16.151684      
768             10.837000       174.623214      10.798007       0.020116        16.171800      
769             10.837000       174.843693      10.798056       0.020345        16.192145      
770             10.837000       175.061711      10.798105       0.020118        16.212263      
771             10.837000       175.279589      10.798153       0.020105        16.232368      
772             10.837000       175.497424      10.798201       0.020101        16.252469      
773             10.837000       175.715529      10.798249       0.020126        16.272595      
774             10.837000       175.934849      10.798297       0.020238        16.292833      
775             10.837000       176.153767      10.798345       0.020201        16.313034      
776             10.837000       176.372967      10.798393       0.020227        16.333261      
777             10.837000       176.617569      10.798446       0.022571        16.355832      
778             10.837000       176.836216      10.798494       0.020176        16.376008      
779             10.837000       177.054452      10.798541       0.020138        16.396146      
780             10.837000       177.272568      10.798588       0.020127        16.416273      
781             10.837000       177.491941      10.798635       0.020243        16.436516      
782             10.837000       177.713449      10.798683       0.020440        16.456956      
783             10.837000       177.936713      10.798731       0.020602        16.477558      
784             10.837000       178.178303      10.798783       0.022293        16.499851      
785             10.837000       178.400559      10.798830       0.020509        16.520360      
786             10.837000       178.621525      10.798877       0.020390        16.540750      
787             10.837000       178.840541      10.798924       0.020210        16.560960      
788             10.837000       179.062222      10.798971       0.020456        16.581416      
789             10.847000       179.286755      10.799030       0.020700        16.602116      
790             10.847000       179.506342      10.799089       0.020244        16.622360      
791             10.847000       179.750150      10.799154       0.022477        16.644837      
792             10.847000       179.971461      10.799212       0.020403        16.665240      
793             10.847000       180.190907      10.799270       0.020231        16.685471      
794             10.847000       180.410396      10.799328       0.020235        16.705706      
795             10.847000       180.629766      10.799385       0.020224        16.725930      
796             10.847000       180.857423      10.799445       0.020988        16.746918      
797             10.847000       181.302367      10.799561       0.041020        16.787938      
798             10.847000       181.525045      10.799619       0.020529        16.808467      
799             10.847000       181.743265      10.799676       0.020118        16.828585      
800             10.847000       181.961452      10.799732       0.020115        16.848700      
801             10.847000       182.179976      10.799789       0.020146        16.868846      
802             10.847000       182.402968      10.799846       0.020558        16.889404      
803             10.847000       182.625842      10.799904       0.020547        16.909951      
804             10.847000       182.846969      10.799960       0.020386        16.930337      
805             10.847000       183.067716      10.800017       0.020351        16.950688      
806             10.847000       183.297108      10.800075       0.021148        16.971836      
807             10.847000       183.517758      10.800132       0.020342        16.992178      
808             10.847000       183.741846      10.800188       0.020659        17.012837      
809             10.847000       183.962355      10.800244       0.020329        17.033166      
810             10.847000       184.208213      10.800306       0.022666        17.055832      
811             10.847000       184.428157      10.800362       0.020277        17.076109      
812             10.847000       184.646649      10.800417       0.020143        17.096252      
813             10.847000       184.868318      10.800472       0.020436        17.116688      
814             10.847000       185.092222      10.800529       0.020642        17.137330      
815             10.847000       185.313978      10.800584       0.020444        17.157774      
816             10.847000       185.564153      10.800646       0.023064        17.180838      
817             10.847000       185.783403      10.800701       0.020213        17.201051      
818             10.847000       186.010605      10.800757       0.020946        17.221997      
819             10.847000       186.231992      10.800812       0.020410        17.242407      
820             10.847000       186.451741      10.800866       0.020259        17.262666      
821             10.847000       186.673931      10.800921       0.020484        17.283150      
822             10.847000       186.893464      10.800975       0.020239        17.303389      
823             10.847000       187.116413      10.801029       0.020554        17.323943      
824             10.847000       187.375765      10.801092       0.023910        17.347853      
825             10.847000       187.598725      10.801147       0.020555        17.368408      
826             10.847000       187.821099      10.801201       0.020501        17.388909      
827             10.847000       188.042606      10.801255       0.020421        17.409330      
828             10.847000       188.263635      10.801308       0.020377        17.429707      
829             10.847000       188.486053      10.801362       0.020505        17.450212      
830             10.847000       188.704446      10.801414       0.020134        17.470346      
