1               87.976792       2.056458        87.976792       0.023375        0.023375       
2               107.752279      4.609863        97.932174       0.023697        0.047072       
3               106.098661      7.548584        100.957389      0.027698        0.074770       
4               145.801165      10.588684       110.735969      0.020851        0.095621       
5               196.185516      14.527893       125.565195      0.020079        0.115700       
6               235.395253      19.252747       141.802040      0.020072        0.135772       
7               139.461337      22.267761       141.480524      0.021619        0.157391       
8               96.358409       24.548950       135.580870      0.023674        0.181065       
9               174.482917      28.055359       139.467187      0.020096        0.201161       
10              138.365811      30.833191       139.367244      0.020076        0.221237       
11              101.132863      32.865051       136.184161      0.020091        0.241328       
12              160.710007      36.092590       138.068369      0.020083        0.261411       
13              222.647274      40.562012       144.100082      0.020074        0.281485       
14              122.923760      43.032288       142.688988      0.020096        0.301581       
15              134.275521      45.730286       142.163450      0.020093        0.321674       
16              146.833494      48.682373       142.438163      0.020105        0.341779       
17              131.634935      51.330078       141.837720      0.020114        0.361893       
18              139.988584      54.142029       141.740481      0.020087        0.381980       
19              200.117208      58.164185       144.658598      0.020099        0.402079       
20              146.266208      61.102234       144.735090      0.020087        0.422166       
21              131.204784      63.739319       144.120197      0.020099        0.442265       
22              159.061040      66.938354       144.770078      0.020112        0.462377       
23              112.669537      69.201660       143.433534      0.020088        0.482465       
24              110.672016      71.423401       142.124808      0.020075        0.502540       
25              119.160005      74.107361       141.139672      0.022524        0.525064       
26              107.567210      76.268494       139.902401      0.020091        0.545155       
27              99.074683       78.259399       138.450950      0.020095        0.565250       
28              174.424819      81.760803       139.684693      0.020074        0.585324       
29              248.537225      86.746460       143.291630      0.020060        0.605384       
30              150.449078      89.768982       143.521524      0.020090        0.625474       
31              99.033650       91.758667       142.136992      0.020091        0.645565       
32              137.508402      94.520386       141.997338      0.020084        0.665649       
33              154.457058      97.622192       142.362227      0.020082        0.685731       
34              121.808972      100.068726      141.777355      0.020085        0.705816       
35              103.407172      102.145142      140.715945      0.020080        0.725896       
36              217.474042      106.510498      142.781400      0.020073        0.745969       
37              165.319364      109.833252      143.372719      0.020099        0.766068       
38              135.281701      112.554443      143.165705      0.020115        0.786183       
39              143.717561      115.442017      143.179457      0.020092        0.806275       
40              137.869935      118.211548      143.050388      0.020088        0.826363       
41              134.068365      120.905518      142.837164      0.020094        0.846457       
42              121.328872      123.342529      142.338614      0.020086        0.866543       
43              173.076874      126.816528      143.034494      0.020072        0.886615       
44              159.427018      130.025635      143.398396      0.020129        0.906744       
45              137.999000      132.798035      143.281359      0.020090        0.926834       
46              155.643443      135.927246      143.543825      0.020105        0.946939       
47              114.047768      138.217896      142.931195      0.020085        0.967024       
48              107.498774      140.385071      142.207603      0.020160        0.987184       
49              121.388113      143.284790      141.715714      0.023888        1.011072       
50              108.944211      145.471191      141.077885      0.020069        1.031141       
51              100.532427      147.489380      140.303591      0.020075        1.051216       
52              180.733282      151.116516      141.060984      0.020069        1.071285       
53              253.217695      156.195557      143.122333      0.020058        1.091343       
54              139.869701      159.004700      143.063557      0.020084        1.111427       
55              102.116336      161.055298      142.336862      0.020081        1.131508       
56              148.016259      164.026428      142.435858      0.020073        1.151581       
57              144.002589      166.916992      142.462700      0.020073        1.171654       
58              111.459997      169.154663      141.940425      0.020076        1.191730       
59              105.745225      171.277710      141.340750      0.020077        1.211807       
60              239.183609      176.078125      142.934826      0.020070        1.231877       
61              161.181546      179.316101      143.227612      0.020089        1.251966       
62              111.752074      181.562988      142.730119      0.020106        1.272072       
63              132.365253      184.224854      142.568813      0.020110        1.292182       
64              164.055295      187.526794      142.898353      0.020127        1.312309       
65              128.691765      190.114014      142.683998      0.020104        1.332413       
66              126.117430      192.645569      142.438124      0.020073        1.352486       
67              193.744708      196.539062      143.189305      0.020096        1.372582       
68              130.980687      199.617371      142.983782      0.023502        1.396084       
69              125.673651      202.144165      142.738026      0.020106        1.416190       
70              155.472637      205.269165      142.916239      0.020100        1.436290       
71              107.425400      207.426697      142.426806      0.020084        1.456374       
72              109.637056      209.627441      141.981013      0.020073        1.476447       
73              127.266088      212.180908      141.783728      0.020064        1.496511       
74              103.326905      214.299316      141.263995      0.020502        1.517013       
75              103.410959      216.391113      140.765900      0.020228        1.537241       
76              201.824701      220.442139      141.552879      0.020072        1.557313       
77              239.177848      225.239807      142.794349      0.020059        1.577372       
78              136.413832      227.980225      142.714110      0.020089        1.597461       
79              102.198189      230.033386      142.210902      0.020090        1.617551       
80              150.586414      233.057312      142.313604      0.020081        1.637632       
81              144.488784      235.958069      142.339947      0.020076        1.657708       
82              115.914817      238.285522      142.023703      0.020079        1.677787       
83              111.672226      240.526672      141.664942      0.020069        1.697856       
84              226.496629      245.074951      142.656542      0.020081        1.717937       
85              156.296798      248.214172      142.814172      0.020085        1.738022       
86              133.017777      250.883972      142.702333      0.020071        1.758093       
87              149.207267      253.953613      142.777572      0.020573        1.778666       
88              123.695689      256.438660      142.564450      0.020090        1.798756       
89              134.644326      259.143799      142.476964      0.020091        1.818847       
90              116.260481      261.477844      142.190752      0.020076        1.838923       
91              213.445504      265.770447      142.961585      0.020111        1.859034       
92              125.446493      268.294556      142.774042      0.020121        1.879155       
93              132.076175      270.946777      142.660932      0.020081        1.899236       
94              159.060762      274.132446      142.832068      0.020028        1.919264       
95              106.569320      276.784424      142.367907      0.024885        1.944149       
96              120.244296      279.421021      142.121170      0.021927        1.966076       
97              116.347127      281.758667      141.860440      0.020092        1.986168       
98              102.183920      283.811951      141.463055      0.020094        2.006262       
99              100.036597      285.819885      141.052702      0.020072        2.026334       
100             248.326866      290.801819      142.104372      0.020062        2.046396       
101             209.163850      294.997437      142.755316      0.020059        2.066455       
102             122.149326      297.450684      142.556973      0.020084        2.086539       
103             115.449735      299.768799      142.298603      0.020079        2.106618       
104             144.867272      302.676575      142.322847      0.020072        2.126690       
105             143.904868      305.564026      142.337633      0.020065        2.146755       
106             124.533615      308.063416      142.172725      0.020070        2.166825       
107             141.237072      310.899597      142.164134      0.020081        2.186906       
108             221.320476      315.342163      142.884080      0.020073        2.206979       
109             125.645263      317.869141      142.728402      0.020112        2.227091       
110             161.019183      321.110779      142.892262      0.020132        2.247223       
111             139.931152      323.925354      142.865994      0.020114        2.267337       
112             136.775092      326.675354      142.812457      0.020106        2.287443       
113             127.498964      329.239868      142.678975      0.020114        2.307557       
114             154.119849      332.334595      142.777673      0.020080        2.327637       
115             170.036044      335.754700      143.011205      0.020114        2.347751       
116             124.522645      338.258850      142.854184      0.020110        2.367861       
117             163.073091      341.537598      143.024421      0.020106        2.387967       
118             109.580258      343.740051      142.745278      0.020099        2.408066       
119             104.383281      345.835754      142.428084      0.020077        2.428143       
120             115.300456      348.149719      142.205707      0.020069        2.448212       
121             111.113026      350.382202      141.952613      0.020092        2.468304       
122             103.026227      352.454163      141.638016      0.020111        2.488415       
123             116.015756      354.782715      141.433006      0.020071        2.508486       
124             242.208651      359.641663      142.232540      0.020061        2.528547       
125             196.457194      363.582397      142.659319      0.020059        2.548606       
126             113.483444      365.861145      142.431245      0.020080        2.568686       
127             123.963700      368.350708      142.287979      0.020083        2.588769       
128             144.466890      371.251892      142.304751      0.020082        2.608851       
129             127.955563      373.820984      142.195162      0.020078        2.628929       
130             104.972624      375.944580      141.910916      0.020230        2.649159       
131             170.742763      379.372070      142.127746      0.020074        2.669233       
132             207.724564      383.539856      142.617143      0.020064        2.689297       
133             136.208159      386.276550      142.569616      0.020092        2.709389       
134             122.413548      388.736328      142.421231      0.020094        2.729483       
135             157.524089      391.902405      142.531630      0.020099        2.749582       
136             133.624405      394.585449      142.467056      0.020079        2.769661       
137             109.333888      396.781311      142.228523      0.020084        2.789745       
138             213.465129      401.071533      142.738058      0.020098        2.809843       
139             129.460588      403.669678      142.643898      0.020069        2.829912       
140             143.163032      406.544678      142.647556      0.020082        2.849994       
141             154.545311      409.864929      142.736573      0.021484        2.871478       
142             114.404061      412.564636      142.505632      0.023598        2.895076       
143             104.747305      414.666077      142.245779      0.020062        2.915138       
144             120.109907      417.541748      142.065459      0.023942        2.939080       
145             107.485454      419.700378      141.830774      0.020083        2.959163       
146             104.046732      421.789429      141.576136      0.020078        2.979241       
147             168.198461      425.167358      141.754395      0.020083        2.999324       
148             259.892320      430.380798      142.539272      0.020060        3.019384       
149             143.069664      433.254639      142.542778      0.020087        3.039471       
150             99.940891       435.262451      142.263041      0.020090        3.059561       
151             144.113487      438.156250      142.275106      0.020080        3.079641       
152             142.705212      441.021057      142.277892      0.020075        3.099716       
153             122.350081      443.476746      142.149687      0.020071        3.119787       
154             111.648120      445.719421      141.954557      0.020087        3.139874       
155             214.731588      450.028870      142.416768      0.020069        3.159943       
156             176.232332      453.570435      142.630463      0.020096        3.180039       
157             107.040744      455.715210      142.407621      0.020037        3.200076       
158             131.292916      458.351440      142.338316      0.020079        3.220155       
159             126.866627      460.897400      142.242494      0.020068        3.240223       
160             135.465084      463.616455      142.200769      0.020072        3.260295       
161             218.548963      468.004700      142.668092      0.020079        3.280374       
162             135.208306      470.720764      142.622689      0.020088        3.300462       
163             124.838836      473.228027      142.515125      0.020084        3.320546       
164             139.730231      476.035767      142.498374      0.020094        3.340640       
165             150.857043      479.067993      142.548365      0.020100        3.360740       
166             114.261582      481.362366      142.380359      0.020080        3.380820       
167             107.730929      483.523987      142.175930      0.020065        3.400885       
168             127.434941      486.478821      142.076107      0.023187        3.424072       
169             102.556786      488.541443      141.845338      0.020112        3.444184       
170             83.863296       490.534119      141.448068      0.023761        3.467945       
171             254.492488      496.164001      142.164606      0.022122        3.490067       
172             199.664171      500.176453      142.493797      0.020096        3.510163       
173             118.377048      502.727478      142.346640      0.021550        3.531713       
174             121.029987      505.432861      142.212570      0.022353        3.554066       
175             146.028208      508.363647      142.233997      0.020070        3.574136       
176             129.603902      510.964539      142.163477      0.020068        3.594204       
177             112.648493      513.226746      141.999484      0.020082        3.614286       
178             171.677532      516.672485      142.163383      0.020071        3.634357       
179             197.192141      520.633484      142.465854      0.020087        3.654444       
180             145.300269      523.555908      142.481368      0.020113        3.674557       
181             116.029663      525.887756      142.337484      0.020097        3.694654       
182             153.293859      528.969116      142.396771      0.020101        3.714755       
183             136.078978      531.704712      142.362765      0.020103        3.734858       
184             122.805346      534.172485      142.258102      0.020095        3.754953       
185             210.219707      538.393066      142.619546      0.020077        3.775030       
186             117.879240      540.758667      142.488723      0.020068        3.795098       
187             128.628788      543.341919      142.415765      0.020083        3.815181       
188             162.446059      546.601074      142.520547      0.020063        3.835244       
189             121.377008      549.037354      142.410467      0.020072        3.855316       
190             110.352195      551.252563      142.244410      0.020074        3.875390       
191             116.912583      553.598999      142.113896      0.020070        3.895460       
192             122.565595      556.060974      142.013612      0.020087        3.915547       
193             100.241662      558.074829      141.800382      0.020090        3.935637       
194             100.412186      560.089600      141.590443      0.020065        3.955702       
195             242.208362      564.947815      142.098068      0.020058        3.975760       
196             203.183744      569.023071      142.404688      0.020057        3.995817       
197             116.186527      571.356445      142.273574      0.020083        4.015900       
198             113.631964      573.638062      142.131082      0.020079        4.035979       
199             150.790950      576.665039      142.173941      0.020074        4.056053       
200             137.719105      579.429199      142.152005      0.020071        4.076124       
201             109.421279      581.626160      141.991572      0.020078        4.096202       
202             132.762336      584.290833      141.946570      0.020071        4.116273       
203             216.003074      588.625366      142.305847      0.020067        4.136340       
204             153.598205      591.710693      142.360420      0.020087        4.156427       
205             120.398949      594.128906      142.254806      0.020085        4.176512       
206             147.016168      597.169495      142.278268      0.020682        4.197194       
207             136.620574      599.914612      142.251313      0.020093        4.217287       
208             121.280724      602.352112      142.151849      0.020098        4.237385       
209             197.069287      606.313599      142.411145      0.020102        4.257487       
210             154.739197      609.424011      142.469076      0.020101        4.277588       
211             123.108201      611.899963      142.378473      0.020112        4.297700       
212             139.681283      614.705322      142.365927      0.020084        4.317784       
213             142.341390      617.563110      142.365814      0.020077        4.337861       
214             106.979453      619.711365      142.202756      0.020081        4.357942       
215             109.634642      621.918091      142.053026      0.020128        4.378070       
216             124.428572      624.417114      141.972544      0.020084        4.398154       
217             99.198076       626.410400      141.778008      0.020094        4.418248       
218             96.854395       628.356689      141.574612      0.020095        4.438343       
219             221.865287      632.809082      141.936013      0.020068        4.458411       
220             216.650842      637.499573      142.297074      0.021650        4.480061       
221             127.142141      640.053223      142.229435      0.020085        4.500146       
222             115.123947      642.807678      142.086085      0.023926        4.524072       
223             152.285435      645.865417      142.131152      0.020079        4.544151       
224             135.266363      648.580078      142.100968      0.020069        4.564220       
225             103.079300      650.649292      141.930097      0.020074        4.584294       
226             158.059557      653.822021      142.000414      0.020073        4.604367       
227             233.369894      658.504822      142.396878      0.020066        4.624433       
228             115.471507      660.825684      142.280360      0.020099        4.644532       
229             124.828638      663.336487      142.205108      0.020114        4.664646       
230             143.624282      666.222473      142.211195      0.020094        4.684740       
231             112.711143      668.486389      142.085252      0.020086        4.704826       
232             174.168601      671.983521      142.221594      0.020079        4.724905       
233             149.120191      674.983521      142.250843      0.020118        4.745023       
234             129.227895      677.583069      142.195866      0.020116        4.765139       
235             199.210874      681.597168      142.435946      0.020150        4.785289       
236             113.961807      683.890991      142.316680      0.020128        4.805417       
237             138.128039      686.666260      142.299239      0.020092        4.825509       
238             113.260237      688.940186      142.178920      0.020077        4.845586       
239             111.066714      691.169739      142.050562      0.020074        4.865660       
240             114.061999      693.728149      141.922131      0.022430        4.888090       
241             97.781895       695.694641      141.741270      0.020111        4.908201       
242             127.132254      698.246948      141.681758      0.020076        4.928277       
243             234.319505      702.947632      142.057319      0.020061        4.948338       
244             194.181194      706.842712      142.267760      0.020059        4.968397       
245             116.928112      709.192383      142.165685      0.020095        4.988492       
246             126.870966      711.763550      142.103801      0.020266        5.008758       
247             142.995870      714.635193      142.107363      0.020082        5.028840       
248             136.902479      717.382141      142.086678      0.020065        5.048905       
249             108.434993      719.559082      141.953399      0.020076        5.068981       
250             165.308489      722.877319      142.045520      0.020073        5.089054       
251             213.123307      727.159180      142.325023      0.020091        5.109145       
252             135.233089      729.874390      142.297262      0.020078        5.129223       
253             119.905019      732.284241      142.209864      0.020098        5.149321       
254             133.420465      734.966125      142.175687      0.020101        5.169422       
255             154.762399      738.074219      142.224397      0.020083        5.189505       
256             116.517515      740.412842      142.125356      0.020071        5.209576       
257             202.625283      744.479126      142.357515      0.020068        5.229644       
258             118.635342      746.867493      142.266545      0.020132        5.249776       
259             132.320816      749.525818      142.228629      0.020090        5.269866       
260             156.147616      752.660950      142.281459      0.020078        5.289944       
261             132.619299      755.323547      142.244927      0.020077        5.310021       
262             110.135401      757.531982      142.124129      0.020052        5.330073       
263             113.050923      759.801819      142.015023      0.020078        5.350151       
264             126.337762      762.340576      141.956360      0.020095        5.370246       
265             101.539063      764.382019      141.805611      0.020105        5.390351       
266             99.474370       766.381653      141.648334      0.020102        5.410453       
267             228.355776      770.965210      141.968817      0.020072        5.430525       
268             225.676106      775.491821      142.276858      0.020058        5.450583       
269             122.888250      777.958557      142.205717      0.020073        5.470656       
270             114.174507      780.250610      142.103230      0.020075        5.490731       
271             141.670403      783.094360      142.101653      0.020073        5.510804       
272             138.367037      785.870972      142.088104      0.020067        5.530871       
273             111.617567      788.111694      141.977907      0.020075        5.550946       
274             142.759990      790.977173      141.980725      0.020072        5.571018       
275             227.292315      795.533020      142.286567      0.020044        5.591062       
276             123.045587      798.004883      142.217681      0.020089        5.611151       
277             121.429468      800.445129      142.143495      0.020096        5.631247       
278             157.411735      803.605957      142.197745      0.020080        5.651327       
279             140.811310      806.433167      142.192837      0.020078        5.671405       
280             128.405353      809.012573      142.144174      0.020088        5.691493       
281             137.112756      811.768677      142.126467      0.020101        5.711594       
282             184.505801      815.733337      142.285308      0.021488        5.733082       
283             128.047640      818.322205      142.235274      0.020218        5.753300       
284             130.511749      821.045593      142.192907      0.020867        5.774167       
285             159.881744      824.259216      142.254269      0.020100        5.794267       
286             116.243125      826.595703      142.164350      0.020100        5.814367       
287             109.849787      828.980652      142.044135      0.021711        5.836078       
288             123.590566      831.461609      141.980879      0.020074        5.856152       
289             104.843890      833.869873      141.835783      0.022970        5.879122       
290             97.995334       835.845459      141.685964      0.020160        5.899282       
291             218.322149      840.230896      141.946024      0.020087        5.919369       
292             217.864978      844.603882      142.202588      0.020072        5.939441       
293             134.794560      847.317566      142.177563      0.020132        5.959573       
294             102.719493      849.537231      142.035008      0.021609        5.981182       
295             152.269541      853.025879      142.074062      0.022911        6.004093       
296             138.240176      855.801880      142.061282      0.020081        6.024174       
297             124.216744      858.299133      142.001929      0.020104        6.044278       
298             135.024713      861.011780      141.978815      0.020090        6.064368       
299             147.423060      864.504822      142.000003      0.023694        6.088062       
300             209.440958      868.721497      142.222293      0.020133        6.108195       
301             118.683693      871.104309      142.145177      0.020077        6.128272       
302             157.102828      874.262390      142.194081      0.020102        6.148374       
303             136.194376      876.998535      142.174541      0.020090        6.168464       
304             130.500583      879.620422      142.136641      0.020091        6.188555       
305             159.433935      882.820740      142.192565      0.020073        6.208628       
306             162.432711      886.088074      142.257928      0.020115        6.228743       
307             118.761020      888.863281      142.170106      0.023368        6.252111       
308             165.166440      892.662109      142.254393      0.023000        6.275111       
309             113.523025      894.946533      142.162552      0.020123        6.295234       
310             105.153917      897.058655      142.044846      0.020086        6.315320       
311             118.244261      899.680603      141.961571      0.022174        6.337494       
312             122.502725      902.326172      141.895487      0.021596        6.359090       
313             101.445937      904.365540      141.768017      0.020103        6.379193       
314             109.506934      906.563782      141.666816      0.020074        6.399267       
315             242.576791      911.430115      141.982169      0.020061        6.419328       
316             203.964700      915.521851      142.175267      0.020061        6.439389       
317             122.662592      917.986755      142.114564      0.020095        6.459484       
318             125.310364      920.503113      142.062486      0.020081        6.479565       
319             146.154340      923.438477      142.075130      0.020084        6.499649       
320             138.423197      926.216492      142.063889      0.020069        6.519718       
321             107.383700      928.372864      141.957400      0.020081        6.539799       
322             136.020163      931.103333      141.939232      0.020074        6.559873       
323             231.888621      935.761047      142.213811      0.020086        6.579959       
324             141.038525      938.597473      142.210230      0.020111        6.600070       
325             123.699170      941.086548      142.153966      0.020122        6.620192       
326             159.038477      944.280518      142.205032      0.020083        6.640275       
327             132.013543      946.933594      142.174280      0.020097        6.660372       
328             131.876330      949.579956      142.143347      0.020067        6.680439       
329             145.444445      952.502808      142.153247      0.020096        6.700535       
330             152.580289      955.565552      142.184390      0.020073        6.720608       
331             157.859837      959.115662      142.236670      0.022489        6.743097       
332             161.294425      962.363647      142.293413      0.020137        6.763234       
333             112.282343      964.620972      142.204468      0.020104        6.783338       
334             106.611640      966.761414      142.099433      0.020077        6.803415       
335             117.778659      969.124878      142.027909      0.020067        6.823482       
336             118.108845      971.497803      141.957688      0.020091        6.843573       
337             99.200721       973.492432      141.832433      0.020107        6.863680       
338             135.351251      976.209473      141.813533      0.020074        6.883754       
339             246.942608      981.163635      142.119030      0.020062        6.903816       
340             181.051796      984.795715      142.231833      0.020061        6.923877       
341             104.711105      986.899780      142.123258      0.020094        6.943971       
342             135.764701      989.626343      142.104921      0.020083        6.964054       
343             141.014232      992.482727      142.101758      0.020256        6.984310       
344             140.726869      995.307678      142.097817      0.020074        7.004384       
345             98.400641       997.282776      141.972955      0.020072        7.024456       
346             176.814031      1000.831787     142.072228      0.020072        7.044528       
347             200.676610      1004.858765     142.238694      0.020067        7.064595       
348             136.490790      1007.604004     142.222376      0.020113        7.084708       
349             120.916529      1010.034668     142.162094      0.020102        7.104810       
350             158.713266      1013.225281     142.208793      0.020103        7.124913       
351             129.026492      1015.817810     142.171722      0.020093        7.145006       
352             124.363839      1018.316528     142.121787      0.020092        7.165098       
353             188.218075      1022.095947     142.250609      0.020080        7.185178       
354             149.303345      1025.096497     142.270281      0.020097        7.205275       
355             133.327368      1027.777710     142.245390      0.020110        7.225385       
356             152.801618      1030.854065     142.274723      0.020133        7.245518       
357             115.488893      1033.177124     142.200566      0.020115        7.265633       
358             108.201588      1035.349487     142.106876      0.020077        7.285710       
359             118.654451      1037.906372     142.037715      0.021549        7.307259       
360             112.959281      1040.189392     141.957509      0.020211        7.327470       
361             98.627126       1042.179688     141.838504      0.020180        7.347650       
362             153.782255      1045.472473     141.873209      0.021412        7.369062       
363             236.522259      1050.217346     142.130175      0.020061        7.389123       
364             173.003413      1053.688660     142.213784      0.020065        7.409188       
365             110.565254      1055.909363     142.128222      0.020085        7.429273       
366             129.976704      1058.519165     142.095469      0.020079        7.449352       
367             145.594095      1061.535583     142.105172      0.020718        7.470070       
368             137.228775      1064.290588     142.092102      0.020076        7.490146       
369             96.764684       1066.232849     141.970959      0.020072        7.510218       
370             187.258038      1069.989807     142.091617      0.020063        7.530281       
371             194.463321      1073.895020     142.230913      0.020082        7.550363       
372             132.231191      1076.551147     142.204380      0.020087        7.570450       
373             113.456909      1078.830383     142.128297      0.020089        7.590539       
374             161.534689      1082.074646     142.179510      0.020084        7.610623       
375             132.364447      1084.731995     142.153687      0.020076        7.630699       
376             147.829635      1087.700562     142.168584      0.020081        7.650780       
377             186.991841      1091.462463     142.286140      0.020118        7.670898       
378             118.869944      1093.847351     142.225055      0.020063        7.690961       
379             153.700159      1096.972229     142.255309      0.020331        7.711292       
380             135.757981      1099.994202     142.236608      0.022260        7.733552       
381             118.837802      1103.027893     142.159624      0.025528        7.759080       
382             113.533906      1105.306519     142.085770      0.020070        7.779150       
383             127.456753      1107.861389     142.048172      0.020045        7.799195       
384             100.114674      1109.872192     141.940459      0.020085        7.819280       
385             97.480085       1111.831055     141.826492      0.020095        7.839375       
386             220.656737      1116.290527     142.029195      0.020210        7.859585       
387             221.349055      1120.730347     142.231107      0.020058        7.879643       
388             128.561604      1123.312378     142.196354      0.020084        7.899727       
389             110.317465      1125.527222     142.115540      0.020077        7.919804       
390             150.210213      1128.542542     142.136005      0.020074        7.939878       
391             139.957410      1131.350647     142.130514      0.020064        7.959942       
392             109.098859      1133.540588     142.047426      0.020073        7.980015       
393             137.402139      1136.296326     142.035780      0.020056        8.000071       
394             232.806089      1140.973633     142.263165      0.020091        8.020162       
395             138.731737      1143.759644     142.254345      0.020082        8.040244       
396             118.611076      1146.141235     142.195447      0.020079        8.060323       
397             156.540725      1149.288330     142.231138      0.020104        8.080427       
398             138.548834      1152.075378     142.221994      0.020116        8.100543       
399             135.686291      1154.803894     142.205810      0.020109        8.120652       
400             116.749314      1157.151489     142.142931      0.020108        8.140760       
401             200.650275      1161.632812     142.303006      0.022334        8.163094       
402             128.102857      1164.210754     142.268085      0.020124        8.183218       
403             126.603484      1166.752319     142.229751      0.020075        8.203293       
404             149.303440      1169.750183     142.247023      0.020079        8.223372       
405             110.405357      1171.967896     142.169433      0.020087        8.243459       
406             116.156230      1174.299500     142.106245      0.020073        8.263532       
407             127.704888      1176.864197     142.071330      0.020083        8.283615       
408             99.432646       1178.862793     141.968118      0.020100        8.303715       
409             87.568656       1181.170227     141.796040      0.026350        8.330065       
410             264.332787      1187.255432     142.133749      0.023021        8.353086       
411             174.984372      1191.588745     142.230852      0.024764        8.377850       
412             103.300803      1193.889771     142.127620      0.022275        8.400125       
413             137.147805      1196.763977     142.115227      0.020957        8.421082       
414             145.047396      1199.676819     142.122202      0.020082        8.441164       
415             136.703069      1202.422363     142.109339      0.020084        8.461248       
416             97.572340       1204.381226     142.003917      0.020076        8.481324       
417             194.402417      1208.282104     142.127594      0.020066        8.501390       
418             191.193806      1212.118408     142.243127      0.020065        8.521455       
419             118.820566      1214.508484     142.187968      0.020115        8.541570       
420             121.618020      1216.953857     142.139660      0.020107        8.561677       
421             131.428328      1219.594910     142.114578      0.020095        8.581772       
422             166.242648      1222.938049     142.170986      0.020110        8.601882       
423             142.757570      1225.806763     142.172354      0.020095        8.621977       
424             183.515733      1229.492493     142.268435      0.020084        8.642061       
425             134.515435      1232.195984     142.250446      0.020098        8.662159       
426             126.086023      1234.727539     142.213065      0.020078        8.682237       
427             155.486242      1237.857788     142.243772      0.020132        8.702369       
428             111.131621      1240.380920     142.162813      0.022704        8.725073       
429             103.735136      1242.463196     142.074609      0.020073        8.745146       
430             121.169055      1245.121887     142.022287      0.021942        8.767088       
431             112.729776      1247.389221     141.955239      0.020113        8.787201       
432             99.350438       1249.384277     141.858098      0.020081        8.807282       
433             163.971914      1252.674866     141.908372      0.020068        8.827350       
434             245.354755      1257.596191     142.142896      0.020058        8.847408       
435             165.252268      1260.915283     142.195239      0.020085        8.867493       
436             100.724568      1262.938538     142.101510      0.020087        8.887580       
437             140.497252      1265.959229     142.097638      0.021500        8.909080       
438             144.308564      1268.857666     142.102612      0.020085        8.929165       
439             119.946056      1271.266663     142.052888      0.020084        8.949249       
440             100.961664      1273.297607     141.960730      0.020116        8.969365       
441             234.720906      1278.010803     142.167932      0.020080        8.989445       
442             156.868609      1281.164490     142.200735      0.020104        9.009549       
443             119.783579      1283.575134     142.150772      0.020125        9.029674       
444             124.325702      1286.074951     142.111168      0.020107        9.049781       
445             153.633522      1289.164368     142.136715      0.020109        9.069890       
446             139.601300      1291.971191     142.131107      0.020106        9.089996       
447             191.805249      1295.825134     142.240667      0.020093        9.110089       
448             153.799605      1298.916199     142.266111      0.020098        9.130187       
449             121.854834      1301.366821     142.221250      0.020111        9.150298       
450             133.037496      1304.038879     142.201136      0.020085        9.170383       
451             147.501121      1307.001587     142.212719      0.020086        9.190469       
452             122.271651      1309.522095     142.168092      0.020614        9.211083       
453             101.983094      1311.614380     142.078786      0.020516        9.231599       
454             129.660702      1314.657776     142.047292      0.023472        9.255071       
455             99.358215       1316.655273     141.954763      0.020104        9.275175       
456             98.260595       1318.632080     141.860195      0.020118        9.295293       
457             215.847812      1322.966736     142.019697      0.020082        9.315375       
458             227.119159      1327.524109     142.202614      0.020066        9.335441       
459             130.638354      1330.152161     142.177747      0.020117        9.355558       
460             104.382177      1332.249512     142.096747      0.020093        9.375651       
461             148.746602      1335.236938     142.110962      0.020084        9.395735       
462             141.898375      1338.084839     142.110509      0.020070        9.415805       
463             114.218548      1340.377319     142.051180      0.020071        9.435876       
464             120.023133      1342.785583     142.004438      0.020065        9.455941       
465             215.089302      1347.101135     142.159184      0.020064        9.476005       
466             167.392545      1350.458862     142.212485      0.020059        9.496064       
467             130.952793      1353.089966     142.188712      0.020092        9.516156       
468             138.576733      1355.872864     142.181106      0.020082        9.536238       
469             130.652623      1358.500549     142.156843      0.020112        9.556350       
470             176.701820      1362.050842     142.229321      0.020092        9.576442       
471             138.735822      1364.845398     142.221988      0.020143        9.596585       
472             135.765577      1367.574829     142.208491      0.020104        9.616689       
473             158.159401      1370.761108     142.241836      0.020146        9.636835       
474             130.027326      1373.374268     142.216417      0.020097        9.656932       
475             149.802236      1376.382446     142.232158      0.020081        9.677013       
476             107.930506      1378.547424     142.161203      0.020059        9.697072       
477             116.299716      1380.882141     142.107775      0.020075        9.717147       
478             124.983402      1383.393433     142.072439      0.020093        9.737240       
479             96.592181       1385.334839     141.978755      0.020099        9.757339       
480             97.752211       1387.299561     141.887840      0.020099        9.777438       
481             234.604996      1392.118347     142.082208      0.020540        9.797978       
482             212.842651      1396.388184     142.226791      0.020061        9.818039       
483             122.685292      1398.847778     142.186970      0.020048        9.838087       
484             115.248432      1401.161621     142.132107      0.020077        9.858164       
485             151.512803      1404.202332     142.151165      0.020069        9.878233       
486             139.415930      1406.999573     142.145621      0.020064        9.898297       
487             105.649116      1409.120056     142.071766      0.020071        9.918368       
488             147.565241      1412.081543     142.082859      0.020069        9.938437       
489             224.149180      1416.582458     142.248335      0.020080        9.958517       
490             139.426425      1419.382141     142.242656      0.020080        9.978597       
491             119.957172      1421.793640     142.197850      0.020103        9.998700       
492             142.307168      1424.656860     142.198069      0.020120        10.018820      
493             134.180222      1427.355225     142.182008      0.020110        10.038930      
494             121.478151      1429.796814     142.140639      0.020099        10.059029      
495             190.372429      1433.611877     142.236538      0.020040        10.079069      
496             159.036717      1436.816467     142.270057      0.020150        10.099219      
497             125.600144      1439.344421     142.236902      0.020127        10.119346      
498             143.933289      1442.234314     142.240261      0.020078        10.139424      
499             126.155571      1444.761841     142.208541      0.020035        10.159459      
500             64.433936       1446.055481     142.055147      0.020077        10.179536      
