1               105.346457      2.371033        105.346457      0.022507        0.022507       
2               105.056383      4.482666        105.209614      0.020100        0.042607       
3               93.017997       6.704773        100.829718      0.023889        0.066496       
4               125.983563      9.235657        106.665782      0.020089        0.086585       
5               127.079868      11.788818       110.510502      0.020091        0.106676       
6               103.722855      14.258667       109.271864      0.023812        0.130488       
7               106.929911      17.221802       108.861635      0.027711        0.158199       
8               139.952430      20.031067       112.362384      0.020073        0.178272       
9               109.164937      22.221680       112.038881      0.020067        0.198339       
10              104.201617      24.313110       111.318668      0.020071        0.218410       
11              209.932705      28.524780       119.614799      0.020062        0.238472       
12              245.485307      33.438660       129.362022      0.020017        0.258489       
13              246.346642      38.380127       137.786403      0.020059        0.278548       
14              179.691808      41.984924       140.601671      0.020061        0.298609       
15              139.011005      44.774597       140.501502      0.020068        0.318677       
16              108.818059      46.959229       138.623801      0.020076        0.338753       
17              106.392756      49.095276       136.820433      0.020077        0.358830       
18              145.802829      52.022705       137.296402      0.020078        0.378908       
19              139.797748      54.829285       137.422264      0.020076        0.398984       
20              138.641081      57.612366       137.480649      0.020074        0.419058       
21              136.775674      60.357727       137.448425      0.020072        0.439130       
22              129.558281      62.957703       137.103608      0.020068        0.459198       
23              119.819888      65.362488       136.379829      0.020070        0.479268       
24              102.157099      67.412781       135.004307      0.020070        0.499338       
25              96.035783       69.340027       133.498702      0.020068        0.519406       
26              145.777479      72.265198       133.955419      0.020066        0.539472       
27              223.133970      76.732117       137.146293      0.020019        0.559491       
28              240.422902      81.555481       140.721351      0.020062        0.579553       
29              152.259614      84.612854       141.107734      0.020080        0.599633       
30              110.749839      86.837708       140.123648      0.020089        0.619722       
31              120.534703      89.257080       139.509092      0.020072        0.639794       
32              120.312724      91.671997       138.925171      0.020072        0.659866       
33              115.231529      93.984924       138.225727      0.020072        0.679938       
34              134.842355      96.691345       138.128717      0.020071        0.700009       
35              150.947618      99.721619       138.486091      0.020075        0.720084       
36              119.259903      102.114807      137.964830      0.020067        0.740151       
37              105.346686      104.229431      137.103579      0.020073        0.760224       
38              138.033260      106.999207      137.127487      0.020066        0.780290       
39              209.473167      111.204590      138.942171      0.020076        0.800366       
40              123.176176      113.679199      138.556119      0.020090        0.820456       
41              128.650356      116.257996      138.319878      0.020045        0.840501       
42              126.760181      118.803467      138.050141      0.020081        0.860582       
43              170.224623      122.223450      138.784145      0.020091        0.880673       
44              115.063219      124.556702      138.250251      0.020278        0.900951       
45              82.259116       126.215210      137.024676      0.020162        0.921113       
46              79.184829       127.909607      135.711527      0.021398        0.942511       
47              111.349645      130.145508      135.203329      0.020080        0.962591       
48              116.102093      132.476257      134.813108      0.020075        0.982666       
49              107.553333      134.635498      134.267337      0.020076        1.002742       
50              112.598921      136.896484      133.841944      0.020080        1.022822       
51              124.177280      139.389343      133.655906      0.020075        1.042897       
52              129.816708      141.996582      133.583368      0.020084        1.062981       
53              108.942713      144.271851      133.108567      0.020885        1.083866       
54              105.665727      146.392456      132.609670      0.020069        1.103935       
55              108.325546      148.567200      132.175930      0.020076        1.124011       
56              158.550886      151.748840      132.638544      0.020067        1.144078       
57              253.129002      156.826355      134.714690      0.020059        1.164137       
58              253.712739      161.915833      136.730487      0.020060        1.184197       
59              194.315076      165.813599      137.689660      0.020059        1.204256       
60              147.217271      168.770752      137.845973      0.020087        1.224343       
61              105.387468      170.958069      137.304910      0.020755        1.245098       
62              101.579418      172.998596      136.737678      0.020088        1.265186       
63              130.189891      175.612549      136.635391      0.020078        1.285264       
64              139.624914      178.415100      136.681360      0.020072        1.305336       
65              148.232580      181.390869      136.856318      0.020075        1.325411       
66              142.759938      184.256775      136.944401      0.020075        1.345486       
67              135.075610      186.966797      136.916945      0.020063        1.365549       
68              114.615428      189.266785      136.593966      0.020067        1.385616       
69              99.862164       191.271118      136.069494      0.020071        1.405687       
70              95.588004       193.190430      135.499394      0.020079        1.425766       
71              201.523372      197.234802      136.415844      0.020069        1.445835       
72              277.650779      202.804199      138.348475      0.020059        1.465894       
73              176.114738      206.340759      138.858836      0.020081        1.485975       
74              105.302813      208.455872      138.411307      0.020086        1.506061       
75              109.807958      210.660706      138.034981      0.020079        1.526140       
76              107.206010      212.812866      137.634718      0.020075        1.546215       
77              139.430302      215.611511      137.657729      0.020072        1.566287       
78              132.817437      218.277954      137.596473      0.020076        1.586363       
79              126.880396      220.824951      137.462565      0.020074        1.606437       
80              138.985024      223.616882      137.481368      0.020088        1.626525       
81              103.674742      225.700745      137.068698      0.020100        1.646625       
82              247.874927      230.675842      138.403069      0.020071        1.666696       
83              118.869444      233.064880      138.170328      0.020098        1.686794       
84              125.850068      235.592957      138.025333      0.020088        1.706882       
85              134.847800      238.299622      137.988401      0.020072        1.726954       
86              151.120480      241.332458      138.139257      0.020069        1.747023       
87              127.852559      243.916870      138.021595      0.020214        1.767237       
88              121.055592      246.348877      137.830893      0.020090        1.787327       
89              75.537355       247.864685      137.139265      0.020067        1.807394       
90              87.315332       249.795227      136.537131      0.022110        1.829504       
91              110.197212      252.006775      136.251327      0.020069        1.849573       
92              113.657753      254.287659      136.008816      0.020068        1.869641       
93              105.732036      256.409912      135.687225      0.020072        1.889713       
94              120.792854      258.833862      135.530722      0.020067        1.909780       
95              126.851658      261.379395      135.440475      0.020067        1.929847       
96              123.186401      263.851746      135.314347      0.020070        1.949917       
97              108.058705      266.021240      135.036574      0.020077        1.969994       
98              105.694582      268.143799      134.740482      0.020082        1.990076       
99              102.873600      270.210632      134.421982      0.020091        2.010167       
100             229.403925      274.830139      135.364034      0.020137        2.030304       
101             257.402660      279.997498      136.558898      0.020075        2.050379       
102             245.531246      284.922363      137.614602      0.020058        2.070437       
103             145.678853      287.843079      137.691943      0.020049        2.090486       
104             126.042278      290.374512      137.581086      0.020084        2.110570       
105             105.948449      292.502380      137.282910      0.020084        2.130654       
106             99.499039       294.500122      136.930181      0.020078        2.150732       
107             144.475007      297.400024      136.999943      0.020072        2.170804       
108             140.191075      300.213379      137.029173      0.020068        2.190872       
109             139.972093      303.022339      137.055885      0.020068        2.210940       
110             145.068009      305.932983      137.127940      0.020064        2.231004       
111             131.091710      308.562683      137.074149      0.020060        2.251064       
112             108.639779      310.742432      136.822949      0.020064        2.271128       
113             97.098482       312.691101      136.474996      0.020069        2.291197       
114             100.575336      314.710754      136.163090      0.020081        2.311278       
115             226.836279      319.262451      136.943519      0.020066        2.331344       
116             261.215864      324.502441      138.003695      0.020060        2.351404       
117             169.708174      327.912048      138.272292      0.020091        2.371495       
118             104.114148      330.002869      137.985467      0.020082        2.391577       
119             110.061503      332.212463      137.753011      0.020076        2.411653       
120             115.150461      334.524109      137.566417      0.020075        2.431728       
121             130.962912      337.153320      137.512346      0.020076        2.451804       
122             131.424092      339.792053      137.462894      0.020078        2.471882       
123             133.211568      342.936646      137.422679      0.023606        2.495488       
124             107.042671      345.084778      137.180320      0.020068        2.515556       
125             157.564145      348.246460      137.341631      0.020066        2.535622       
126             221.021985      352.680603      137.998517      0.020062        2.555684       
127             126.740781      355.226318      137.910729      0.020086        2.575770       
128             106.832788      357.372803      137.670185      0.020092        2.595862       
129             139.789804      360.180481      137.686460      0.020085        2.615947       
130             114.797538      362.501343      137.510922      0.020217        2.636164       
131             167.102219      365.861267      137.734918      0.020107        2.656271       
132             114.036573      368.152832      137.556983      0.020095        2.676366       
133             78.922159       369.742798      137.118914      0.020146        2.696512       
134             88.946012       371.966003      136.676482      0.024995        2.721507       
135             114.123217      374.257141      136.511330      0.020076        2.741583       
136             109.131844      376.448181      136.312284      0.020077        2.761660       
137             110.077845      378.658875      136.122882      0.020083        2.781743       
138             119.667952      381.060730      136.005006      0.020071        2.801814       
139             132.852577      383.749268      135.982400      0.020237        2.822051       
140             107.349854      385.903564      135.780228      0.020068        2.842119       
141             110.753200      388.126160      135.604752      0.020068        2.862187       
142             105.917347      390.251709      135.398051      0.020068        2.882255       
143             103.425751      392.326843      135.177023      0.020064        2.902319       
144             248.163383      397.304504      135.952516      0.020058        2.922377       
145             259.152163      402.502319      136.792302      0.020057        2.942434       
146             232.071784      407.155823      137.437214      0.020052        2.962486       
147             150.628242      410.177124      137.525926      0.020058        2.982544       
148             116.516411      412.516541      137.385439      0.020078        3.002622       
149             98.858904       414.502319      137.129416      0.020087        3.022709       
150             113.571246      416.781921      136.974012      0.020072        3.042781       
151             141.040781      419.612610      137.000660      0.020070        3.062851       
152             147.630381      422.575256      137.069854      0.020068        3.082919       
153             143.493893      425.455322      137.111406      0.020071        3.102990       
154             136.788355      428.199707      137.109331      0.020063        3.123053       
155             122.578254      430.659485      137.016558      0.020067        3.143120       
156             101.338006      432.693237      136.790194      0.020069        3.163189       
157             94.746629       434.595276      136.525050      0.020075        3.183264       
158             152.858550      437.663147      136.627385      0.020070        3.203334       
159             262.131151      442.922546      137.408581      0.020064        3.223398       
160             203.850735      447.015869      137.819917      0.020080        3.243478       
161             137.205281      449.771912      137.816134      0.020087        3.263565       
162             115.902415      452.101318      137.682009      0.020098        3.283663       
163             114.500532      454.401978      137.541022      0.020093        3.303756       
164             134.020891      457.094055      137.519749      0.020087        3.323843       
165             130.934226      459.723083      137.480205      0.020079        3.343922       
166             116.356719      462.059875      137.354099      0.020083        3.364005       
167             94.259131       463.953918      137.098211      0.020094        3.384099       
168             243.501864      468.840027      137.725412      0.020066        3.404165       
169             124.383448      471.337646      137.647174      0.020080        3.424245       
170             120.775894      473.763672      137.548782      0.020087        3.444332       
171             128.579190      476.346313      137.496778      0.020086        3.464418       
172             128.966719      478.961243      137.447145      0.020276        3.484694       
173             159.028328      482.153259      137.570742      0.020072        3.504766       
174             130.866448      484.782104      137.532535      0.020088        3.524854       
175             142.902108      487.655151      137.562988      0.020105        3.544959       
176             94.610733       489.552002      137.321432      0.020049        3.565008       
177             76.683402       491.090271      136.982136      0.020060        3.585068       
178             107.983743      493.403931      136.809858      0.021426        3.606494       
179             110.747461      495.627075      136.665595      0.020074        3.626568       
180             105.997015      498.162842      136.464613      0.023923        3.650491       
181             109.807333      500.367004      136.318834      0.020073        3.670564       
182             121.014888      502.795410      136.235622      0.020067        3.690631       
183             132.275772      505.451111      136.214197      0.020077        3.710708       
184             108.925542      507.637573      136.067374      0.020073        3.730781       
185             107.301732      509.791870      135.913402      0.020077        3.750858       
186             105.505885      511.910217      135.751500      0.020078        3.770936       
187             149.698256      514.914062      135.825321      0.020066        3.791002       
188             267.245618      520.274475      136.516999      0.020058        3.811060       
189             259.695325      525.483704      137.161937      0.020059        3.831119       
190             190.421045      529.302979      137.439312      0.020057        3.851176       
191             142.378877      532.160950      137.464924      0.020073        3.871249       
192             108.873604      534.345825      137.317475      0.020068        3.891317       
193             95.540162       536.263794      137.103055      0.020075        3.911392       
194             126.169530      538.796143      137.047237      0.020071        3.931463       
195             148.444544      541.770081      137.105021      0.020034        3.951497       
196             142.169034      544.623413      137.130612      0.020070        3.971567       
197             141.089439      547.455078      137.150517      0.020070        3.991637       
198             138.776272      550.239624      137.158648      0.020065        4.011702       
199             109.330954      552.433350      137.020158      0.020065        4.031767       
200             101.613792      554.473450      136.844718      0.020077        4.051844       
201             100.133048      556.483521      136.663735      0.020074        4.071918       
202             227.267363      561.043640      137.108009      0.020065        4.091983       
203             255.730734      566.174622      137.686807      0.020064        4.112047       
204             174.301474      569.674072      137.864709      0.020077        4.132124       
205             127.037831      572.226135      137.812327      0.020089        4.152213       
206             110.505053      574.445740      137.680866      0.020086        4.172299       
207             111.442814      576.683289      137.555208      0.020078        4.192377       
208             130.126807      579.300659      137.519738      0.020114        4.212491       
209             132.451659      581.965454      137.495648      0.020119        4.232610       
210             126.011692      584.496399      137.441410      0.020085        4.252695       
211             124.019667      586.985474      137.378366      0.020070        4.272765       
212             133.991099      589.676819      137.362517      0.020086        4.292851       
213             170.923355      593.109985      137.518815      0.020086        4.312937       
214             166.508083      596.458130      137.653343      0.020108        4.333045       
215             117.706813      598.860291      137.559838      0.020408        4.353453       
216             132.374712      601.515198      137.536060      0.020056        4.373509       
217             116.761454      603.860352      137.441091      0.020085        4.393594       
218             169.698990      607.271301      137.587993      0.020100        4.413694       
219             109.792148      609.475708      137.462122      0.020078        4.433772       
220             83.539399       611.152344      137.219134      0.020070        4.453842       
221             94.968108       613.305176      137.005176      0.022669        4.476511       
222             106.654263      615.447327      136.869607      0.020085        4.496596       
223             106.517340      617.585449      136.734715      0.020073        4.516669       
224             107.095121      619.734741      136.603600      0.020069        4.536738       
225             124.865096      622.240784      136.551899      0.020070        4.556808       
226             119.575978      624.640076      136.477476      0.020065        4.576873       
227             113.108596      626.910278      136.375444      0.020071        4.596944       
228             113.504775      629.188660      136.276011      0.020073        4.617017       
229             104.740693      631.291748      136.139461      0.020079        4.637096       
230             102.560693      633.352295      135.994603      0.020091        4.657187       
231             212.634586      637.619446      136.323430      0.020068        4.677255       
232             264.353823      642.922119      136.870160      0.020059        4.697314       
233             261.107340      648.161499      137.398619      0.020066        4.717380       
234             132.139383      651.214844      137.372984      0.023107        4.740487       
235             144.952417      654.125488      137.404954      0.020080        4.760567       
236             104.555718      656.225281      137.266958      0.020083        4.780650       
237             104.808950      658.328796      137.131263      0.020070        4.800720       
238             139.739969      661.160767      137.142229      0.020266        4.820986       
239             148.058377      664.132446      137.187487      0.020071        4.841057       
240             141.221161      666.966614      137.204140      0.020069        4.861126       
241             142.269413      669.822388      137.224970      0.020073        4.881199       
242             135.361575      672.538147      137.217343      0.020063        4.901262       
243             100.423858      674.553955      137.067270      0.020073        4.921335       
244             97.891562       676.519226      136.908107      0.020076        4.941411       
245             116.107876      678.849976      136.823950      0.020074        4.961485       
246             262.640367      684.120117      137.330746      0.020066        4.981551       
247             241.584816      688.966309      137.748879      0.020060        5.001611       
248             127.761215      691.532776      137.708926      0.020088        5.021699       
249             113.357953      693.808777      137.611952      0.020078        5.041777       
250             115.487435      696.129150      137.524134      0.020092        5.061869       
251             124.823230      698.636475      137.473932      0.020087        5.081956       
252             126.183505      701.169861      137.429503      0.020077        5.102033       
253             132.759673      703.835144      137.411200      0.020076        5.122109       
254             129.135749      706.427673      137.378891      0.020076        5.142185       
255             96.089172       708.356567      137.218332      0.020074        5.162259       
256             196.216792      712.295227      137.446853      0.020073        5.182332       
257             186.484494      716.040955      137.636183      0.020086        5.202418       
258             131.740943      718.719116      137.613236      0.020329        5.222747       
259             118.150094      721.093933      137.538618      0.020100        5.242847       
260             136.166107      723.827332      137.533383      0.020074        5.262921       
261             152.215410      726.882751      137.589168      0.020073        5.282994       
262             127.908643      729.452820      137.552490      0.020093        5.303087       
263             94.430432       731.348511      137.389865      0.020075        5.323162       
264             74.498838       732.843628      137.153649      0.020069        5.343231       
265             104.805519      735.177856      137.019373      0.022272        5.365503       
266             105.950342      737.304810      136.903562      0.020075        5.385578       
267             106.620760      739.445435      136.791089      0.020077        5.405655       
268             109.697952      741.648499      136.690806      0.020083        5.425738       
269             121.364950      744.084900      136.634310      0.020075        5.445813       
270             136.899608      746.832886      136.635284      0.020073        5.465886       
271             107.133041      748.983582      136.527325      0.020075        5.485961       
272             107.084395      751.133301      136.419976      0.020075        5.506036       
273             110.742728      753.356018      136.326716      0.020071        5.526107       
274             104.419211      755.451294      136.211275      0.020066        5.546173       
275             242.783612      760.321533      136.595348      0.020060        5.566233       
276             264.947097      765.636902      137.056296      0.020062        5.586295       
277             225.397090      770.158142      137.372371      0.020059        5.606354       
278             156.189023      773.291138      137.439455      0.020059        5.626413       
279             120.627652      775.715271      137.379622      0.020096        5.646509       
280             104.056802      777.806396      137.261446      0.020096        5.666605       
281             114.264621      780.100830      137.180243      0.020080        5.686685       
282             141.381386      782.938354      137.195018      0.020070        5.706755       
283             149.601517      785.940857      137.238497      0.020070        5.726825       
284             139.352102      788.737793      137.245879      0.020071        5.746896       
285             139.611678      792.031372      137.255551      0.023591        5.770487       
286             117.108278      794.380798      137.185748      0.020062        5.790549       
287             95.139907       796.290161      137.040528      0.020069        5.810618       
288             99.829822       798.293945      136.912432      0.020072        5.830690       
289             172.008168      801.745117      137.032785      0.020064        5.850754       
290             262.417703      807.009216      137.461213      0.020060        5.870814       
291             208.518781      811.191895      137.703171      0.020059        5.890873       
292             115.503143      813.510620      137.627775      0.020075        5.910948       
293             107.238858      815.666443      137.524773      0.020103        5.931051       
294             115.655279      818.265564      137.442221      0.022473        5.953524       
295             132.218510      820.919189      137.424671      0.020070        5.973594       
296             143.728635      823.807129      137.445804      0.020093        5.993687       
297             136.976117      826.560486      137.444234      0.020101        6.013788       
298             129.792433      829.166199      137.418775      0.020076        6.033864       
299             114.625963      831.467773      137.343178      0.020079        6.053943       
300             158.107375      834.716248      137.413410      0.020546        6.074489       
301             213.329974      839.003540      137.663746      0.020097        6.094586       
302             109.839574      841.209229      137.572370      0.020081        6.114667       
303             128.945544      843.798584      137.544131      0.020081        6.134748       
304             115.722486      846.122986      137.472917      0.020086        6.154834       
305             170.306699      849.551941      137.579975      0.020134        6.174968       
306             117.039241      851.903259      137.513363      0.020090        6.195058       
307             78.616150       853.482422      137.323010      0.020087        6.215145       
308             88.537556       855.550659      137.140334      0.023360        6.238505       
309             108.989613      857.738953      137.050024      0.020078        6.258583       
310             111.305483      859.973633      136.967702      0.020077        6.278660       
311             107.736460      862.136658      136.874529      0.020077        6.298737       
312             124.535428      864.637329      136.835317      0.020080        6.318817       
313             125.333103      867.153015      136.798896      0.020072        6.338889       
314             116.899672      869.795532      136.728186      0.022605        6.361494       
315             106.371388      871.930725      136.632699      0.020073        6.381567       
316             104.375438      874.026062      136.531543      0.020075        6.401642       
317             105.535146      876.145630      136.434602      0.020084        6.421726       
318             236.421124      880.889893      136.746072      0.020067        6.441793       
319             254.551019      885.995422      137.111728      0.020057        6.461850       
320             242.771237      890.864685      137.438671      0.020057        6.481907       
321             159.577508      894.065491      137.506968      0.020058        6.501965       
322             123.724184      896.549377      137.464542      0.020076        6.522041       
323             105.183980      898.661682      137.365452      0.020082        6.542123       
324             106.526405      900.799561      137.271138      0.020069        6.562192       
325             141.681260      903.642395      137.284581      0.020065        6.582257       
326             141.086199      906.473572      137.296136      0.020067        6.602324       
327             142.102130      909.325562      137.310701      0.020070        6.622394       
328             142.054468      912.176453      137.325033      0.020069        6.642463       
329             136.140343      914.902527      137.321473      0.020024        6.662487       
330             102.002085      916.949097      137.215428      0.020064        6.682551       
331             96.485421       918.885559      137.093468      0.020070        6.702621       
332             115.459666      921.202026      137.028905      0.020063        6.722684       
333             263.459245      926.486755      137.405023      0.020059        6.742743       
334             241.545391      931.332397      137.713942      0.020061        6.762804       
335             137.379041      934.102783      137.712946      0.020166        6.782970       
336             93.162468       936.213379      137.564644      0.022655        6.805625       
337             114.884693      938.846191      137.488529      0.022917        6.828542       
338             120.946668      941.276978      137.439985      0.020098        6.848640       
339             133.953963      943.967041      137.429793      0.020082        6.868722       
340             132.529574      946.628235      137.415509      0.020080        6.888802       
341             110.804251      949.273132      137.323618      0.023870        6.912672       
342             130.068002      951.886719      137.302589      0.020094        6.932766       
343             223.626734      956.413818      137.553925      0.020244        6.953010       
344             164.011688      959.712585      137.630239      0.020113        6.973123       
345             94.004003       961.911621      137.484374      0.023393        6.996516       
346             154.655617      965.018188      137.533531      0.020087        7.016603       
347             119.759526      967.422241      137.482826      0.020074        7.036677       
348             169.400106      970.828369      137.573769      0.020107        7.056784       
349             112.456494      973.090881      137.502362      0.020119        7.076903       
350             85.005117       974.798889      137.353732      0.020093        7.096996       
351             80.072931       976.680603      137.164687      0.023500        7.120496       
352             108.150707      978.850647      137.083157      0.020065        7.140561       
353             109.579765      981.049255      137.006093      0.020064        7.160625       
354             107.961179      983.215820      136.924921      0.020068        7.180693       
355             116.816315      985.560791      136.868863      0.020074        7.200767       
356             121.161765      988.018921      136.824733      0.020288        7.221055       
357             119.939757      990.592468      136.774709      0.021457        7.242512       
358             108.941205      992.780334      136.697742      0.020083        7.262595       
359             108.408948      994.955994      136.619786      0.020069        7.282664       
360             104.012052      997.044556      136.530126      0.020080        7.302744       
361             193.684044      1000.931213     136.686747      0.020067        7.322811       
362             247.548880      1005.896301     136.989566      0.020057        7.342868       
363             270.471127      1011.321411     137.353195      0.020058        7.362926       
364             159.408966      1014.518677     137.413113      0.020057        7.382983       
365             136.430095      1017.258057     137.410447      0.020079        7.403062       
366             104.702462      1019.360901     137.321952      0.020084        7.423146       
367             94.130936       1021.251709     137.205393      0.020087        7.443233       
368             130.934718      1023.879700     137.188529      0.020071        7.463304       
369             139.889087      1026.687134     137.195772      0.020069        7.483373       
370             147.100081      1029.638550     137.222256      0.020064        7.503437       
371             140.483102      1032.456360     137.230949      0.020058        7.523495       
372             137.609742      1035.217224     137.231957      0.020063        7.543558       
373             102.056997      1037.558105     137.125328      0.022937        7.566495       
374             94.782397       1039.460388     137.013311      0.020070        7.586565       
375             136.278108      1042.196716     137.011370      0.020079        7.606644       
376             211.588136      1046.442444     137.207583      0.020066        7.626710       
377             248.940699      1051.437439     137.500768      0.020065        7.646775       
378             137.595305      1054.197876     137.501016      0.020062        7.666837       
379             131.996508      1056.847046     137.486644      0.020070        7.686907       
380             104.878252      1058.953735     137.401656      0.020087        7.706994       
381             102.171113      1061.005127     137.310113      0.020078        7.727072       
382             138.603201      1063.787170     137.313463      0.020072        7.747144       
383             131.994951      1066.435913     137.299722      0.020067        7.767211       
384             129.142182      1069.028442     137.278693      0.020075        7.787286       
385             140.254165      1071.846008     137.286349      0.020089        7.807375       
386             124.530145      1074.419922     137.252668      0.020669        7.828044       
387             236.984318      1079.181885     137.508016      0.020094        7.848138       
388             134.873298      1081.892029     137.501287      0.020094        7.868232       
389             114.501710      1084.191223     137.442741      0.020080        7.888312       
390             136.515532      1086.933411     137.440386      0.020087        7.908399       
391             118.525080      1089.312683     137.392495      0.020074        7.928473       
392             168.485285      1092.690308     137.470914      0.020047        7.948520       
393             107.507314      1094.849915     137.395379      0.020088        7.968608       
394             73.965922       1096.338257     137.235613      0.020122        7.988730       
395             93.968469       1098.478577     137.112603      0.022777        8.011507       
396             114.451938      1100.776428     137.055957      0.020077        8.031584       
397             110.738904      1102.999512     136.990341      0.020075        8.051659       
398             107.319972      1105.154175     136.916541      0.020077        8.071736       
399             125.088935      1107.665710     136.887194      0.020078        8.091814       
400             129.470909      1110.264709     136.868841      0.020074        8.111888       
401             109.831893      1112.485840     136.801605      0.020223        8.132111       
402             112.713250      1114.749573     136.742261      0.020084        8.152195       
403             101.770836      1116.793945     136.656299      0.020088        8.172283       
404             100.825780      1118.821350     136.568353      0.020108        8.192391       
405             242.046132      1123.681152     136.826228      0.020078        8.212469       
406             269.166075      1129.071472     137.148152      0.020026        8.232495       
407             231.937244      1133.725525     137.378630      0.020066        8.252561       
408             153.731691      1136.809998     137.418292      0.020064        8.272625       
409             116.165937      1139.145630     137.366765      0.020106        8.292731       
410             95.301998       1141.062439     137.264989      0.020113        8.312844       
411             117.419030      1143.419861     137.217173      0.020077        8.332921       
412             139.686200      1146.223083     137.223105      0.020068        8.352989       
413             141.873965      1149.070068     137.234251      0.020067        8.373056       
414             141.921641      1151.918152     137.245459      0.020068        8.393124       
415             145.183282      1154.830383     137.264384      0.020059        8.413183       
416             121.504440      1157.268005     137.226893      0.020062        8.433245       
417             99.387774       1159.262817     137.137050      0.020071        8.453316       
418             96.462176       1161.199585     137.040669      0.020078        8.473394       
419             146.601756      1164.142029     137.063263      0.020071        8.493465       
420             253.305347      1169.214722     137.336696      0.020026        8.513491       
421             228.455850      1173.805542     137.551264      0.020095        8.533586       
422             92.998297       1175.853271     137.436601      0.022019        8.555605       
423             139.751680      1179.060852     137.442795      0.022952        8.578557       
424             115.030246      1181.373535     137.390391      0.020105        8.598662       
425             134.201373      1184.068970     137.382959      0.020085        8.618747       
426             137.042634      1186.820923     137.382168      0.020081        8.638828       
427             132.196241      1189.475952     137.370140      0.020084        8.658912       
428             134.650741      1192.218384     137.363758      0.020367        8.679279       
429             98.394375       1194.193848     137.273822      0.020077        8.699356       
430             147.864353      1197.162964     137.298211      0.020080        8.719436       
431             223.139641      1201.640930     137.495324      0.020068        8.739504       
432             114.159865      1203.937256     137.441738      0.020115        8.759619       
433             128.604047      1206.522583     137.421502      0.020103        8.779722       
434             122.398344      1208.982178     137.387195      0.020095        8.799817       
435             169.305636      1212.390808     137.460055      0.020133        8.819950       
436             113.357079      1214.668945     137.405259      0.020097        8.840047       
437             76.265774       1216.197388     137.266965      0.020041        8.860088       
438             81.337640       1218.102234     137.119522      0.023419        8.883507       
439             105.751516      1220.225830     137.048775      0.020081        8.903588       
440             112.144117      1222.476562     136.992763      0.020070        8.923658       
441             107.076967      1224.815552     136.919711      0.021844        8.945502       
442             109.605472      1227.015991     136.858548      0.020076        8.965578       
443             124.305977      1229.510315     136.830517      0.020066        8.985644       
444             127.003491      1232.059021     136.808619      0.020068        9.005712       
445             109.690952      1234.281250     136.747753      0.020259        9.025971       
446             104.966971      1236.388672     136.677218      0.020077        9.046048       
447             103.985259      1238.477112     136.604796      0.020084        9.066132       
448             193.145687      1242.352966     136.729667      0.020067        9.086199       
449             258.235492      1247.532654     136.997303      0.020058        9.106257       
450             255.073339      1252.649170     137.256826      0.020059        9.126316       
451             160.532989      1255.869141     137.307871      0.020058        9.146374       
452             139.988584      1258.681091     137.313745      0.020087        9.166461       
453             103.041741      1260.746460     137.238967      0.020044        9.186505       
454             98.469485       1262.724121     137.154392      0.020084        9.206589       
455             131.334469      1265.359741     137.141734      0.020068        9.226657       
456             142.749937      1268.224304     137.153905      0.020067        9.246724       
457             149.385279      1271.222168     137.180393      0.020068        9.266792       
458             142.470113      1274.081116     137.191823      0.020067        9.286859       
459             130.843508      1276.706360     137.178137      0.020064        9.306923       
460             111.316224      1278.939697     137.122506      0.020063        9.326986       
461             93.917554       1280.824341     137.029751      0.020067        9.347053       
462             95.245112       1282.737244     136.940160      0.020084        9.367137       
463             219.834239      1287.148438     137.117354      0.020066        9.387203       
464             274.230735      1292.649780     137.409748      0.020061        9.407264       
465             163.739742      1295.939148     137.465856      0.020089        9.427353       
466             106.501309      1298.113159     137.398953      0.020413        9.447766       
467             104.706282      1300.389893     137.323884      0.021744        9.469510       
468             131.944004      1303.039856     137.312498      0.020084        9.489594       
469             128.516661      1305.620728     137.293923      0.020082        9.509676       
470             134.795085      1308.328491     137.288656      0.020088        9.529764       
471             118.065886      1310.723694     137.247821      0.020287        9.550051       
472             129.359045      1313.322388     137.231262      0.020089        9.570140       
473             121.623447      1315.764343     137.198585      0.020078        9.590218       
474             236.553802      1320.512451     137.406098      0.020072        9.610290       
475             98.596996       1322.902344     137.308460      0.024239        9.634529       
476             136.457214      1325.648682     137.306686      0.020126        9.654655       
477             110.230537      1328.275696     137.240014      0.023832        9.678487       
478             186.822158      1332.027832     137.342690      0.020084        9.698571       
479             115.979569      1334.688171     137.292284      0.022938        9.721509       
480             89.989094       1336.495422     137.194765      0.020083        9.741592       
481             79.763851       1338.653992     137.035664      0.027062        9.768654       
482             110.111532      1340.949707     136.978323      0.020849        9.789503       
483             110.498558      1343.168518     136.924120      0.020080        9.809583       
484             107.671730      1345.330566     136.864363      0.020080        9.829663       
485             112.849335      1347.794067     136.811148      0.021830        9.851493       
486             128.685361      1350.496460     136.793864      0.021000        9.872493       
487             122.197988      1352.949951     136.764240      0.020078        9.892571       
488             114.613501      1355.250244     136.719391      0.020070        9.912641       
489             102.872195      1357.498413     136.644934      0.021854        9.934495       
490             106.623838      1359.639526     136.584373      0.020081        9.954576       
491             174.840291      1363.147522     136.661325      0.020064        9.974640       
492             268.635638      1368.535278     136.926153      0.020056        9.994696       
493             259.815556      1373.746399     137.172270      0.020057        10.014753      
494             160.729665      1376.970154     137.219355      0.020057        10.034810      
495             135.912084      1379.698181     137.216745      0.020072        10.054882      
496             85.534622       1381.727661     137.095075      0.023727        10.078609      
497             94.943304       1384.089661     136.991284      0.024878        10.103487      
498             173.911762      1387.583374     137.064549      0.020089        10.123576      
499             141.646423      1390.427917     137.073620      0.020082        10.143658      
500             149.439493      1393.429260     137.098055      0.020084        10.163742      
501             140.688270      1396.253296     137.105132      0.020073        10.183815      
502             127.685851      1398.816589     137.086600      0.020075        10.203890      
503             95.658415       1400.737793     137.005219      0.020084        10.223974      
504             99.384572       1402.734131     136.931450      0.020087        10.244061      
505             138.837945      1405.519775     136.935177      0.020064        10.264125      
506             275.893511      1411.054199     137.206225      0.020060        10.284185      
507             219.705871      1415.461060     137.366817      0.020058        10.304243      
508             124.387371      1417.954529     137.341615      0.020046        10.324289      
509             86.173065       1420.039917     137.221957      0.024200        10.348489      
510             154.415573      1423.141663     137.255267      0.020087        10.368576      
511             136.663031      1425.884216     137.254123      0.020068        10.388644      
512             127.919832      1428.450928     137.236129      0.020065        10.408709      
513             102.724158      1430.511780     137.169737      0.020062        10.428771      
514             109.136228      1432.725281     137.115323      0.020282        10.449053      
515             163.236105      1435.999634     137.165371      0.020059        10.469112      
516             208.307846      1440.183289     137.301590      0.020084        10.489196      
517             110.734300      1442.407166     137.250820      0.020083        10.509279      
518             132.033561      1445.057739     137.240873      0.020075        10.529354      
519             117.581942      1447.419373     137.203445      0.020085        10.549439      
520             192.344192      1451.281067     137.308186      0.020077        10.569516      
521             117.885862      1453.645386     137.271401      0.020056        10.589572      
522             117.814170      1456.007324     137.234635      0.020048        10.609620      
523             70.779600       1457.426880     137.109248      0.020056        10.629676      
524             97.153089       1459.741455     137.019895      0.023824        10.653500      
525             111.265584      1461.973999     136.971480      0.020065        10.673565      
526             109.681959      1464.174438     136.920283      0.020062        10.693627      
527             108.444764      1466.350708     136.866945      0.020068        10.713695      
528             122.854842      1468.816650     136.840743      0.020072        10.733767      
529             129.868117      1471.422974     136.827730      0.020069        10.753836      
530             111.603408      1473.663635     136.780725      0.020077        10.773913      
531             107.903880      1475.829590     136.727025      0.020073        10.793986      
532             108.343103      1478.004578     136.674333      0.020075        10.814061      
533             100.058032      1480.014343     136.606448      0.020086        10.834147      
534             240.298815      1484.950562     136.802681      0.020542        10.854689      
535             257.573166      1490.117737     137.025471      0.020061        10.874750      
536             238.906780      1494.909729     137.213040      0.020058        10.894808      
537             152.473775      1497.967896     137.241083      0.020057        10.914865      
538             120.332008      1500.384644     137.210027      0.020084        10.934949      
539             99.791736       1502.389160     137.141417      0.020087        10.955036      
540             105.792852      1504.512634     137.084085      0.020072        10.975108      
541             147.408127      1507.471558     137.102932      0.020073        10.995181      
542             141.326483      1510.307556     137.110627      0.020067        11.015248      
543             140.270472      1513.122925     137.116374      0.020071        11.035319      
544             145.527354      1516.042786     137.131639      0.020064        11.055383      
545             116.751687      1518.445068     137.093778      0.020576        11.075959      
546             101.433792      1520.731995     137.021337      0.022546        11.098505      
547             94.593545       1522.630676     136.944744      0.020072        11.118577      
548             195.934166      1526.562683     137.051022      0.020068        11.138645      
549             245.823032      1531.494385     137.246581      0.020062        11.158707      
550             188.394635      1535.277161     137.338452      0.020079        11.178786      
551             140.804989      1538.103821     137.344666      0.020075        11.198861      
552             113.081769      1540.374390     137.301241      0.020079        11.218940      
553             109.885772      1542.581116     137.252255      0.020082        11.239022      
554             121.252538      1545.015503     137.223725      0.020077        11.259099      
555             134.015873      1547.705872     137.218015      0.020075        11.279174      
556             130.015271      1550.333740     137.205131      0.020212        11.299386      
557             129.251634      1552.928467     137.191026      0.020075        11.319461      
558             96.400952       1554.860535     137.118931      0.020042        11.339503      
559             196.467079      1558.803040     137.223772      0.020067        11.359570      
560             191.771385      1562.655151     137.320057      0.020087        11.379657      
561             102.350187      1564.711060     137.258438      0.020087        11.399744      
562             124.447161      1567.210083     137.235911      0.020081        11.419825      
563             134.153260      1569.902405     137.230503      0.020069        11.439894      
564             148.696204      1572.886292     137.250580      0.020067        11.459961      
565             136.212605      1575.622803     137.248763      0.020090        11.480051      
566             99.333398       1577.611755     137.182748      0.020023        11.500074      
567             76.679349       1579.150940     137.077325      0.020073        11.520147      
568             108.058259      1581.674316     137.018621      0.023352        11.543499      
569             111.790355      1583.918396     136.974826      0.020074        11.563573      
570             109.777539      1586.122070     136.927694      0.020074        11.583647      
571             112.468218      1588.380432     136.885367      0.020080        11.603727      
572             128.582756      1590.961731     136.871028      0.020075        11.623802      
573             123.696546      1593.459412     136.848182      0.020192        11.643994      
574             111.287931      1596.106506     136.796075      0.023786        11.667780      
575             104.830888      1598.212769     136.741125      0.020092        11.687872      
576             101.587452      1600.252441     136.680840      0.020078        11.707950      
577             208.330981      1604.433228     136.803442      0.020068        11.728018      
578             245.939178      1609.365784     136.989755      0.020056        11.748074      
579             260.968046      1614.600281     137.201068      0.020058        11.768132      
580             168.711677      1617.984131     137.254682      0.020057        11.788189      
581             127.263500      1620.538818     137.237697      0.020074        11.808263      
582             104.063574      1622.629456     137.181352      0.020090        11.828353      
583             95.021678       1624.535400     137.109980      0.020058        11.848411      
584             144.412102      1627.437073     137.122343      0.020093        11.868504      
585             143.364423      1630.734741     137.134417      0.023002        11.891506      
586             142.155947      1633.588806     137.142881      0.020077        11.911583      
587             139.938858      1636.398499     137.147586      0.020078        11.931661      
588             126.436047      1638.936829     137.129593      0.020076        11.951737      
589             105.338691      1641.051819     137.076276      0.020078        11.971815      
590             112.461970      1643.310730     137.035048      0.020086        11.991901      
591             153.653536      1646.395325     137.062822      0.020075        12.011976      
592             215.960026      1650.729858     137.194432      0.020071        12.032047      
593             235.591202      1655.457703     137.358273      0.020068        12.052115      
594             142.408320      1658.336487     137.366729      0.020215        12.072330      
595             98.923620       1660.339294     137.302366      0.020246        12.092576      
596             90.526687       1662.506775     137.209934      0.023943        12.116519      
597             146.410901      1665.450073     137.225175      0.020103        12.136622      
598             130.810024      1668.077393     137.214576      0.020085        12.156707      
599             139.156425      1670.899902     137.217810      0.020283        12.176990      
600             107.651541      1673.236694     137.165198      0.021707        12.198697      
601             135.929726      1676.201050     137.162994      0.021808        12.220505      
602             230.219157      1680.839966     137.316178      0.020150        12.240655      
603             105.676835      1682.967346     137.264230      0.020131        12.260786      
604             126.369972      1685.511047     137.246374      0.020129        12.280915      
605             128.770107      1688.102417     137.232507      0.020124        12.301039      
606             145.582737      1691.029358     137.246132      0.020105        12.321144      
607             158.231117      1694.222778     137.280449      0.020182        12.341326      
608             121.219068      1696.665100     137.254271      0.020148        12.361474      
609             79.163269       1698.256836     137.159934      0.020107        12.381581      
610             78.149819       1699.971130     137.055573      0.021936        12.403517      
611             112.352076      1702.222778     137.015723      0.020041        12.423558      
612             115.036103      1704.530518     136.980288      0.020061        12.443619      
613             104.887635      1706.635193     136.928620      0.020066        12.463685      
614             113.947902      1708.922241     136.891673      0.020071        12.483756      
615             128.364572      1711.497620     136.877991      0.020063        12.503819      
616             124.273912      1713.993164     136.857781      0.020081        12.523900      
617             110.317578      1716.207458     136.815313      0.020072        12.543972      
618             103.069692      1718.274109     136.761458      0.020051        12.564023      
619             90.551694       1720.421814     136.674389      0.023718        12.587741      
620             181.669075      1724.737000     136.759134      0.023753        12.611494      
621             300.489658      1730.768127     137.019295      0.020071        12.631565      
622             246.950754      1735.724182     137.193676      0.020069        12.651634      
623             159.766350      1738.930054     137.229421      0.020066        12.671700      
624             116.543173      1741.274902     137.196628      0.020120        12.691820      
625             96.511254       1743.346130     137.127948      0.021461        12.713281      
626             122.141699      1746.061340     137.101789      0.022230        12.735511      
627             142.888741      1748.929260     137.110895      0.020071        12.755582      
628             143.103704      1751.801208     137.120309      0.020069        12.775651      
629             142.391032      1754.658569     137.128575      0.020067        12.795718      
630             144.962679      1757.566956     137.140839      0.020063        12.815781      
631             122.423082      1760.023987     137.117826      0.020070        12.835851      
632             97.207516       1761.975525     137.055502      0.020076        12.855927      
633             100.680339      1763.996582     136.998792      0.020074        12.876001      
634             157.001427      1767.146973     137.029916      0.020066        12.896067      
635             241.298458      1771.992004     137.192008      0.020079        12.916146      
636             216.655800      1777.001953     137.334019      0.023124        12.939270      
637             125.397183      1779.521057     137.315515      0.020089        12.959359      
638             122.167599      1781.973694     137.292085      0.020076        12.979435      
639             150.291912      1785.000122     137.312222      0.020137        12.999572      
640             107.126271      1787.155396     137.265577      0.020119        13.019691      
641             124.969232      1789.668152     137.246616      0.020107        13.039798      
642             134.486793      1792.395813     137.242330      0.020282        13.060080      
643             136.283396      1795.134155     137.240857      0.020093        13.080173      
644             122.459188      1797.594360     137.218189      0.020090        13.100263      
645             122.641871      1800.056519     137.195885      0.020076        13.120339      
646             246.448715      1805.002991     137.362760      0.020071        13.140410      
647             109.109296      1807.196960     137.319592      0.020108        13.160518      
648             127.626419      1809.761230     137.304816      0.020092        13.180610      
649             125.548402      1812.283875     137.286921      0.020093        13.200703      
650             174.045468      1815.784973     137.342851      0.020116        13.220819      
651             113.828804      1818.072021     137.307170      0.020092        13.240911      
652             80.644894       1819.687500     137.221576      0.020032        13.260943      
653             84.002040       1821.373169     137.141164      0.020067        13.281010      
654             109.920443      1823.579712     137.100082      0.020074        13.301084      
655             112.478161      1825.837036     137.062988      0.020069        13.321153      
656             110.247736      1828.049377     137.022654      0.020067        13.341220      
657             114.976260      1830.610474     136.985906      0.022275        13.363495      
658             119.661630      1833.011963     136.959928      0.020069        13.383564      
659             126.632393      1835.632874     136.943982      0.020697        13.404261      
660             107.438534      1837.789917     136.899854      0.020077        13.424338      
661             107.454719      1839.946533     136.855898      0.020070        13.444408      
662             106.573805      1842.087708     136.810713      0.020091        13.464499      
663             157.071386      1845.239502     136.840862      0.020066        13.484565      
664             264.942117      1850.553711     137.031127      0.020058        13.504623      
665             258.481970      1855.738342     137.211247      0.020058        13.524681      
666             182.709868      1859.402954     137.278621      0.020057        13.544738      
667             147.744530      1862.369812     137.294114      0.020081        13.564819      
668             103.886200      1864.456055     137.244729      0.020082        13.584901      
669             100.205158      1866.467773     137.190072      0.020076        13.604977      
670             129.792085      1869.072571     137.179175      0.020069        13.625046      
671             140.306649      1871.888245     137.183775      0.020068        13.645114      
672             148.951695      1874.877258     137.201056      0.020067        13.665181      
673             141.525421      1877.717957     137.207398      0.020072        13.685253      
674             134.342446      1880.413269     137.203204      0.020063        13.705316      
675             115.868554      1882.738403     137.172012      0.020067        13.725383      
676             94.545489       1884.635742     137.109779      0.020068        13.745451      
677             96.540102       1886.572144     137.050664      0.020058        13.765509      
678             221.223548      1891.011658     137.173196      0.020068        13.785577      
679             261.003721      1896.247131     137.353117      0.020059        13.805636      
680             175.095725      1899.762878     137.407930      0.020079        13.825715      
681             110.270871      1901.978882     137.368543      0.020096        13.845811      
682             113.979888      1904.268738     137.334656      0.020090        13.865901      
683             112.992837      1906.538086     137.299449      0.020084        13.885985      
684             121.793209      1909.006104     137.276853      0.020264        13.906249      
685             139.172318      1911.799988     137.279586      0.020075        13.926324      
686             128.708072      1914.383545     137.267249      0.020073        13.946397      
687             106.115893      1917.365295     137.204612      0.028099        13.974496      
688             175.795487      1920.892456     137.259939      0.020064        13.994560      
689             216.880140      1925.247192     137.374012      0.020079        14.014639      
690             106.353691      1927.384583     137.329593      0.020097        14.034736      
691             124.321871      1929.881836     137.311002      0.020087        14.054823      
692             132.930671      1932.549622     137.304757      0.020069        14.074892      
693             147.966688      1935.519165     137.319938      0.020069        14.094961      
694             127.212257      1938.075623     137.305547      0.020096        14.115057      
695             99.607156       1940.092468     137.251546      0.020248        14.135305      
696             78.259110       1941.659607     137.168092      0.020025        14.155330      
697             100.876824      1943.897156     137.111314      0.022181        14.177511      
698             109.970872      1946.105591     137.072924      0.020082        14.197593      
699             105.562497      1948.225708     137.028412      0.020084        14.217677      
700             111.976808      1950.474426     136.993078      0.020082        14.237759      
701             99.066415       1952.825867     136.929955      0.023736        14.261495      
702             149.910056      1955.834412     136.948195      0.020069        14.281564      
703             112.688009      1958.095947     136.914152      0.020069        14.301633      
704             108.037669      1960.264587     136.873679      0.020073        14.321706      
705             104.747224      1962.367493     136.828707      0.020076        14.341782      
706             128.266605      1964.941162     136.816745      0.020065        14.361847      
707             265.638949      1970.269348     136.996410      0.020058        14.381905      
708             251.008525      1975.304077     137.155197      0.020058        14.401963      
709             207.628468      1979.468689     137.253211      0.020058        14.422021      
710             157.974956      1982.639404     137.282009      0.020071        14.442092      
711             104.042859      1984.730042     137.235826      0.020094        14.462186      
712             100.289616      1986.745361     137.184561      0.020095        14.482281      
713             118.286200      1989.120667     137.158393      0.020081        14.502362      
714             147.456536      1992.081299     137.172631      0.020078        14.522440      
715             141.573444      1994.920837     137.178700      0.020057        14.542497      
716             148.306855      1997.897949     137.194040      0.020074        14.562571      
717             135.275078      2000.612244     137.191400      0.020065        14.582636      
718             119.062651      2003.001831     137.166483      0.020070        14.602706      
719             99.773976       2005.004395     137.115159      0.020071        14.622777      
720             96.555915       2006.943237     137.059539      0.020080        14.642857      
721             181.033954      2010.575684     137.119715      0.020065        14.662922      
722             253.292856      2015.656738     137.278431      0.020060        14.682982      
723             213.763008      2019.944824     137.382783      0.020060        14.703042      
724             111.816747      2022.190552     137.347908      0.020084        14.723126      
725             101.011861      2024.218567     137.298426      0.020077        14.743203      
726             127.925040      2026.785767     137.285685      0.020068        14.763271      
727             110.547015      2029.021912     137.249099      0.020228        14.783499      
728             154.991256      2032.135376     137.273174      0.020088        14.803587      
729             128.170488      2034.711731     137.260831      0.020101        14.823688      
730             129.513105      2037.311707     137.250353      0.020075        14.843763      
731             118.903208      2039.699402     137.225566      0.020081        14.863844      
732             138.135717      2042.471924     137.226793      0.020071        14.883915      
733             226.102055      2047.013184     137.346564      0.020085        14.904000      
734             106.121702      2049.146973     137.304495      0.020107        14.924107      
735             126.144184      2051.681335     137.289491      0.020091        14.944198      
736             121.447412      2054.120850     137.268226      0.020087        14.964285      
737             166.211160      2057.470337     137.307150      0.020152        14.984437      
738             121.546954      2059.908447     137.286081      0.020059        15.004496      
739             87.191777       2061.658386     137.219164      0.020070        15.024566      
740             92.437117       2063.872070     137.147898      0.023948        15.048514      
741             116.283643      2066.219604     137.119946      0.020188        15.068702      
742             107.251044      2068.665894     137.074803      0.022809        15.091511      
743             112.005665      2070.915527     137.041483      0.020085        15.111596      
744             119.061858      2073.306885     137.017618      0.020085        15.131681      
745             125.471624      2075.826355     137.002316      0.020080        15.151761      
746             116.035471      2078.157043     136.974558      0.020086        15.171847      
747             110.164202      2080.369141     136.939122      0.020080        15.191927      
748             106.898531      2082.581299     136.898257      0.020694        15.212621      
749             105.556991      2084.700989     136.856940      0.020081        15.232702      
750             240.500049      2089.527344     136.993303      0.020068        15.252770      
751             251.370995      2094.569092     137.143509      0.020057        15.272827      
752             241.042764      2099.403687     137.279776      0.020057        15.292884      
753             162.491611      2102.662781     137.312798      0.020057        15.312941      
754             120.030741      2105.072998     137.290166      0.020080        15.333021      
755             103.866472      2107.158325     137.246458      0.020077        15.353098      
756             106.464802      2109.294861     137.206276      0.020068        15.373166      
757             150.567987      2112.315857     137.223692      0.020064        15.393230      
758             143.399770      2115.193604     137.231734      0.020068        15.413298      
759             140.194116      2118.007019     137.235585      0.020068        15.433366      
760             148.815543      2120.996277     137.250638      0.020087        15.453453      
761             124.202013      2123.674072     137.232458      0.021560        15.475013      
762             101.309843      2125.852234     137.182619      0.021500        15.496513      
763             96.780930       2127.794434     137.130366      0.020068        15.516581      
764             160.449263      2131.013367     137.160477      0.020062        15.536643      
765             238.379033      2135.796204     137.291022      0.020064        15.556707      
766             226.168183      2140.336304     137.405559      0.020074        15.576781      
767             141.186353      2143.171326     137.410427      0.020080        15.596861      
768             108.985707      2145.360413     137.373868      0.020086        15.616947      
769             103.533754      2147.440613     137.330387      0.020092        15.637039      
770             132.280364      2150.130005     137.323829      0.020331        15.657370      
771             133.998819      2152.819763     137.319572      0.020073        15.677443      
772             132.471127      2155.476074     137.313379      0.020052        15.697495      
773             111.230021      2157.709351     137.280059      0.020078        15.717573      
774             128.741137      2160.292542     137.269172      0.020065        15.737638      
775             146.688180      2163.235840     137.281166      0.020065        15.757703      
776             228.719460      2167.835388     137.397711      0.020110        15.777813      
777             111.532458      2170.077637     137.364795      0.020104        15.797917      
778             132.078316      2172.731750     137.358080      0.020095        15.818012      
779             133.338715      2175.412659     137.352977      0.020106        15.838118      
780             174.123828      2178.919861     137.399681      0.020142        15.858260      
781             110.461469      2181.142456     137.365545      0.020121        15.878381      
782             85.716056       2182.863892     137.300301      0.020083        15.898464      
783             77.673908       2184.420166     137.225252      0.020036        15.918500      
784             114.919941      2186.726379     137.197167      0.020068        15.938568      
785             111.768520      2188.969238     137.165192      0.020067        15.958635      
786             107.593889      2191.128540     137.128051      0.020069        15.978704      
787             113.254563      2193.401672     137.098101      0.020071        15.998775      
788             129.299761      2195.996460     137.088332      0.020068        16.018843      
789             123.952481      2198.484558     137.071892      0.020073        16.038916      
790             109.132307      2200.675171     137.036969      0.020073        16.058989      
791             105.866639      2202.800232     136.998056      0.020073        16.079062      
792             107.854606      2204.966492     136.961697      0.020085        16.099147      
793             183.297078      2208.644897     137.019383      0.020068        16.119215      
794             259.136200      2213.842651     137.171151      0.020058        16.139273      
795             253.418991      2218.925476     137.315438      0.020057        16.159330      
796             160.023669      2222.135071     137.343589      0.020057        16.179387      
797             145.775823      2225.063416     137.354045      0.020088        16.199475      
798             102.055498      2227.113098     137.310336      0.020084        16.219559      
799             102.098155      2229.163025     137.266801      0.020078        16.239637      
800             126.638066      2231.704651     137.253682      0.020070        16.259707      
801             147.250204      2234.659668     137.266004      0.020068        16.279775      
802             140.112897      2237.471313     137.269509      0.020067        16.299842      
803             143.369356      2240.348450     137.277010      0.020068        16.319910      
804             133.085479      2243.018677     137.271863      0.020064        16.339974      
805             117.075559      2245.367798     137.247093      0.020065        16.360039      
806             99.932941       2247.373352     137.201376      0.020069        16.380108      
807             101.235714      2249.405457     137.157356      0.020073        16.400181      
808             195.214555      2253.760498     137.236223      0.022309        16.422490      
809             259.248849      2258.962585     137.385123      0.020066        16.442556      
810             197.930726      2262.933472     137.458907      0.020062        16.462618      
811             109.612793      2265.134277     137.424987      0.020078        16.482696      
812             100.516991      2267.173767     137.379609      0.020290        16.502986      
813             114.408614      2269.470520     137.351700      0.020075        16.523061      
814             139.105784      2272.262512     137.353828      0.020071        16.543132      
815             131.957874      2274.909851     137.347293      0.020062        16.563194      
816             110.484401      2277.126831     137.314788      0.020066        16.583260      
817             149.999645      2280.137024     137.330120      0.020068        16.603328      
818             211.695365      2284.386597     137.419921      0.020074        16.623402      
819             141.226401      2287.223694     137.424516      0.020089        16.643491      
820             136.793519      2289.975159     137.423754      0.020114        16.663605      
821             112.114869      2292.229004     137.393258      0.020103        16.683708      
822             129.318826      2294.827148     137.383547      0.020091        16.703799      
823             114.994609      2297.137390     137.356651      0.020090        16.723889      
824             173.162953      2300.621948     137.399683      0.020123        16.744012      
825             118.775223      2303.006836     137.377376      0.020079        16.764091      
826             71.667028       2304.444763     137.298825      0.020064        16.784155      
827             92.206809       2306.505493     137.238863      0.022349        16.806504      
828             109.624775      2308.704895     137.205937      0.020063        16.826567      
829             111.815141      2310.948242     137.175699      0.020063        16.846630      
830             111.444919      2313.183716     137.145098      0.020059        16.866689      
831             120.984411      2315.944580     137.123263      0.022820        16.889509      
832             129.184038      2318.538208     137.113836      0.020077        16.909586      
833             110.638572      2320.759277     137.082442      0.020075        16.929661      
834             109.620443      2323.040588     137.048726      0.020811        16.950472      
835             104.352591      2325.130249     137.010145      0.020025        16.970497      
836             100.614019      2327.149170     136.967161      0.020066        16.990563      
837             263.264507      2332.429993     137.116091      0.020059        17.010622      
838             244.737040      2337.338928     137.242842      0.020058        17.030680      
839             238.605529      2342.124878     137.362082      0.020058        17.050738      
840             152.510292      2345.183777     137.379880      0.020057        17.070795      
841             112.623708      2347.445374     137.350793      0.020081        17.090876      
842             106.494043      2349.584839     137.314564      0.020090        17.110966      
843             109.169437      2351.776306     137.281584      0.020074        17.131040      
844             139.915838      2354.591553     137.284674      0.020121        17.151161      
845             143.546275      2357.940918     137.293181      0.023333        17.174494      
846             147.248949      2360.896057     137.304801      0.020069        17.194563      
847             141.402219      2363.732727     137.309576      0.020061        17.214624      
848             126.524057      2366.271179     137.297021      0.020063        17.234687      
849             96.590591       2368.209656     137.249675      0.020069        17.254756      
850             96.694746       2370.150513     137.202553      0.020072        17.274828      
851             159.711143      2373.354797     137.228665      0.020063        17.294891      
852             265.236118      2378.675964     137.376981      0.020062        17.314953      
853             216.458778      2383.018127     137.468494      0.020060        17.335013      
854             121.422942      2385.456543     137.449927      0.020082        17.355095      
855             108.678418      2387.670105     137.416200      0.020368        17.375463      
856             107.963949      2389.832947     137.382283      0.020033        17.395496      
857             123.326418      2392.307861     137.366086      0.020068        17.415564      
858             133.148820      2394.980957     137.361230      0.020076        17.435640      
859             137.373951      2397.738464     137.361245      0.020073        17.455713      
860             122.681576      2400.200684     137.344386      0.020070        17.475783      
861             97.467112       2402.157043     137.298637      0.020072        17.495855      
862             216.261608      2406.496765     137.389100      0.020067        17.515922      
863             178.643186      2410.086243     137.436370      0.020093        17.536015      
864             109.642669      2412.294556     137.404484      0.020141        17.556156      
865             128.686754      2414.882446     137.394510      0.020110        17.576266      
866             128.676506      2417.468201     137.384554      0.020095        17.596361      
867             142.269905      2420.910706     137.391262      0.024197        17.620558      
868             126.662137      2423.458008     137.379031      0.020111        17.640669      
869             88.074047       2425.225830     137.322994      0.020072        17.660741      
870             84.184111       2427.142029     137.254594      0.022762        17.683503      
871             107.134593      2429.292542     137.220443      0.020073        17.703576      
872             106.666361      2431.434082     137.185832      0.020077        17.723653      
873             112.047800      2433.683105     137.157395      0.020072        17.743725      
874             113.730615      2435.966248     137.130921      0.020075        17.763800      
875             122.395728      2438.422607     137.114292      0.020069        17.783869      
876             127.965857      2440.991394     137.103977      0.020074        17.803943      
877             111.134295      2443.296875     137.073753      0.020745        17.824688      
878             106.993936      2445.444885     137.039912      0.020076        17.844764      
879             107.412275      2447.602905     137.006592      0.020091        17.864855      
880             168.862311      2450.992310     137.042344      0.020072        17.884927      
881             267.364292      2456.355103     137.188336      0.020058        17.904985      
882             255.815778      2461.486511     137.321086      0.020059        17.925044      
883             175.604638      2465.008789     137.363877      0.020058        17.945102      
884             138.205764      2467.784790     137.364819      0.020086        17.965188      
885             107.296834      2469.940491     137.331230      0.020091        17.985279      
886             103.823597      2472.025269     137.293862      0.020080        18.005359      
887             133.841878      2474.711609     137.290018      0.020071        18.025430      
888             143.379542      2477.588806     137.296790      0.020067        18.045497      
889             141.778695      2480.434021     137.301768      0.020068        18.065565      
890             140.008230      2483.243286     137.304771      0.020065        18.085630      
891             137.088734      2485.993286     137.304532      0.020060        18.105690      
892             108.806032      2488.176697     137.272981      0.020067        18.125757      
893             96.320393       2490.109558     137.227693      0.020067        18.145824      
894             120.841458      2492.534363     137.209592      0.020066        18.165890      
895             213.820778      2496.824463     137.294115      0.020064        18.185954      
896             248.244724      2501.804749     137.416376      0.020062        18.206016      
897             167.040865      2505.157593     137.449001      0.020072        18.226088      
898             115.174687      2507.495178     137.424225      0.020296        18.246384      
899             102.750312      2509.559021     137.386097      0.020086        18.266470      
900             129.400001      2512.158020     137.377326      0.020085        18.286555      
901             125.426197      2514.676453     137.364217      0.020079        18.306634      
902             138.009972      2517.447693     137.364925      0.020080        18.326714      
903             124.068623      2519.937378     137.350382      0.020067        18.346781      
904             96.652174       2521.877380     137.305905      0.020072        18.366853      
905             199.625943      2525.885071     137.373950      0.020076        18.386929      
906             190.542411      2529.714783     137.432006      0.020099        18.407028      
907             116.436532      2532.052246     137.409133      0.020075        18.427103      
908             122.121986      2534.504456     137.392493      0.020080        18.447183      
909             131.041335      2537.137207     137.385583      0.020091        18.467274      
910             163.655105      2540.427002     137.414147      0.020102        18.487376      
911             108.793746      2542.613647     137.383065      0.020099        18.507475      
912             95.791202       2544.536560     137.338002      0.020074        18.527549      
913             81.791793       2546.178040     137.277899      0.020069        18.547618      
914             69.711872       2547.576599     137.204896      0.020062        18.567680      
915             64.926874       2548.878967     137.126897      0.020059        18.587739      
