#timestep       power           acc-energy      avg-power       dt              acc-time       
1               10.674000       0.220045        10.674000       0.020615        0.020615       
2               10.674000       0.436012        10.674000       0.020233        0.040848       
3               10.674000       0.650527        10.674000       0.020097        0.060945       
4               10.674000       0.892528        10.674000       0.022672        0.083617       
5               10.674000       1.107406        10.674000       0.020131        0.103748       
6               10.674000       1.322402        10.674000       0.020142        0.123890       
7               10.674000       1.537173        10.674000       0.020121        0.144011       
8               10.674000       1.751945        10.674000       0.020121        0.164132       
9               10.674000       2.282069        10.674000       0.049665        0.213797       
10              10.674000       2.557661        10.674000       0.025819        0.239616       
11              10.674000       2.772358        10.674000       0.020114        0.259730       
12              10.674000       2.986895        10.674000       0.020099        0.279829       
13              10.674000       3.201431        10.674000       0.020099        0.299928       
14              10.674000       3.454288        10.674000       0.023689        0.323617       
15              10.674000       3.673916        10.674000       0.020576        0.344193       
16              10.674000       4.003721        10.674000       0.030898        0.375091       
17              10.674000       4.224193        10.674000       0.020655        0.395746       
18              10.674000       4.479024        10.674000       0.023874        0.419620       
19              10.674000       4.694361        10.674000       0.020174        0.439794       
20              10.674000       4.909645        10.674000       0.020169        0.459963       
21              10.674000       5.124748        10.674000       0.020152        0.480115       
22              10.674000       5.339359        10.674000       0.020106        0.500221       
23              10.679000       5.553932        10.674193       0.020093        0.520314       
24              10.679000       5.768815        10.674372       0.020122        0.540436       
25              10.679000       5.983484        10.674538       0.020102        0.560538       
26              10.679000       6.210125        10.674701       0.021223        0.581761       
27              10.679000       6.432857        10.674850       0.020857        0.602618       
28              10.679000       6.648177        10.674984       0.020163        0.622781       
29              10.679000       6.863914        10.675110       0.020202        0.642983       
30              10.679000       7.081627        10.675230       0.020387        0.663370       
31              10.679000       7.316950        10.675351       0.022036        0.685406       
32              10.679000       7.535282        10.675457       0.020445        0.705851       
33              10.679000       7.789303        10.675572       0.023787        0.729638       
34              10.679000       8.024124        10.675672       0.021989        0.751627       
35              10.679000       8.269773        10.675771       0.023003        0.774630       
36              10.679000       8.487037        10.675854       0.020345        0.794975       
37              10.679000       8.704312        10.675932       0.020346        0.815321       
38              10.679000       8.921298        10.676007       0.020319        0.835640       
39              10.679000       9.166691        10.676087       0.022979        0.858619       
40              10.679000       9.382418        10.676154       0.020201        0.878820       
41              10.679000       9.599714        10.676218       0.020348        0.899168       
42              10.679000       9.814992        10.676279       0.020159        0.919327       
43              10.679000       10.031658       10.676338       0.020289        0.939616       
44              10.679000       10.249787       10.676395       0.020426        0.960042       
45              10.679000       10.465674       10.676449       0.020216        0.980258       
46              10.679000       10.689677       10.676502       0.020976        1.001234       
47              10.679000       10.908703       10.676552       0.020510        1.021744       
48              10.679000       11.123575       10.676599       0.020121        1.041865       
49              10.679000       11.337978       10.676645       0.020077        1.061942       
50              10.679000       11.569498       10.676692       0.021680        1.083622       
51              10.679000       11.785214       10.676734       0.020200        1.103822       
52              10.679000       12.004593       10.676776       0.020543        1.124365       
53              10.679000       12.219347       10.676815       0.020110        1.144475       
54              10.679000       12.455834       10.676856       0.022145        1.166620       
55              10.679000       12.671731       10.676893       0.020217        1.186837       
56              10.679000       12.887372       10.676928       0.020193        1.207030       
57              10.679000       13.203535       10.676977       0.029606        1.236636       
58              10.679000       13.613096       10.677038       0.038352        1.274988       
59              10.679000       13.832442       10.677069       0.020540        1.295528       
60              10.679000       14.046984       10.677099       0.020090        1.315618       
61              10.679000       14.261760       10.677128       0.020112        1.335730       
62              10.679000       14.476557       10.677155       0.020114        1.355844       
63              10.679000       14.691269       10.677182       0.020106        1.375950       
64              10.679000       14.924274       10.677211       0.021819        1.397769       
65              10.679000       15.157781       10.677238       0.021866        1.419635       
66              10.679000       15.377534       10.677263       0.020578        1.440213       
67              10.679000       15.594456       10.677288       0.020313        1.460526       
68              10.679000       15.811325       10.677311       0.020308        1.480834       
69              10.679000       16.033310       10.677334       0.020787        1.501621       
70              10.780000       16.252133       10.678704       0.020299        1.521920       
71              10.780000       16.469123       10.680026       0.020129        1.542049       
72              10.780000       16.690857       10.681342       0.020569        1.562618       
73              10.780000       16.909066       10.682604       0.020242        1.582860       
74              10.780000       17.126369       10.683828       0.020158        1.603018       
75              10.780000       17.359206       10.685107       0.021599        1.624617       
76              10.780000       17.575928       10.686267       0.020104        1.644721       
77              10.780000       17.792638       10.687399       0.020103        1.664824       
78              10.780000       18.009499       10.688504       0.020117        1.684941       
79              10.780000       18.228193       10.689593       0.020287        1.705228       
80              10.780000       18.447340       10.690658       0.020329        1.725557       
81              10.780000       18.665333       10.691693       0.020222        1.745779       
82              10.780000       18.883477       10.692705       0.020236        1.766015       
83              10.780000       19.100996       10.693691       0.020178        1.786193       
84              10.780000       19.353496       10.694808       0.023423        1.809616       
85              10.780000       19.570325       10.695744       0.020114        1.829730       
86              10.780000       19.789331       10.696670       0.020316        1.850046       
87              10.780000       20.006839       10.697569       0.020177        1.870223       
88              10.780000       20.224013       10.698447       0.020146        1.890369       
89              10.780000       20.442373       10.699312       0.020256        1.910625       
90              10.780000       20.665432       10.700176       0.020692        1.931317       
91              10.780000       20.883544       10.701004       0.020233        1.951550       
92              10.780000       21.104502       10.701825       0.020497        1.972047       
93              10.780000       21.322409       10.702618       0.020214        1.992261       
94              10.780000       21.541523       10.703400       0.020326        2.012587       
95              10.780000       21.758859       10.704159       0.020161        2.032748       
96              10.780000       21.976539       10.704905       0.020193        2.052941       
97              10.780000       22.193778       10.705635       0.020152        2.073093       
98              10.780000       22.447356       10.706470       0.023523        2.096616       
99              10.780000       22.664228       10.707169       0.020118        2.116734       
100             10.780000       22.881057       10.707854       0.020114        2.136848       
101             10.780000       23.097875       10.708527       0.020113        2.156961       
102             10.780000       23.314725       10.709187       0.020116        2.177077       
103             10.780000       23.541849       10.709866       0.021069        2.198146       
104             10.780000       23.860247       10.710796       0.029536        2.227682       
105             10.780000       24.244533       10.711886       0.035648        2.263330       
106             10.780000       24.463226       10.712491       0.020287        2.283617       
107             10.780000       24.679926       10.713080       0.020102        2.303719       
108             10.780000       24.896669       10.713659       0.020106        2.323825       
109             10.780000       25.113336       10.714228       0.020099        2.343924       
110             10.780000       25.329917       10.714787       0.020091        2.364015       
111             10.780000       25.546616       10.715337       0.020102        2.384117       
112             10.780000       25.776015       10.715909       0.021280        2.405397       
113             10.780000       25.994428       10.716444       0.020261        2.425658       
114             10.780000       26.220410       10.716989       0.020963        2.446621       
115             10.780000       26.439405       10.717508       0.020315        2.466936       
116             10.780000       26.658315       10.718018       0.020307        2.487243       
117             10.868000       26.912343       10.719414       0.023374        2.510617       
118             10.868000       27.131475       10.720598       0.020163        2.530780       
119             10.868000       27.350606       10.721763       0.020163        2.550943       
120             10.868000       27.571455       10.722919       0.020321        2.571264       
121             10.868000       27.792238       10.724056       0.020315        2.591579       
122             10.868000       28.011837       10.725170       0.020206        2.611785       
123             10.868000       28.230458       10.726261       0.020116        2.631901       
124             10.868000       28.449068       10.727336       0.020115        2.652016       
125             10.868000       28.667634       10.728395       0.020111        2.672127       
126             10.868000       28.886559       10.729440       0.020144        2.692271       
127             10.868000       29.109527       10.730487       0.020516        2.712787       
128             10.868000       29.330430       10.731510       0.020326        2.733113       
129             10.868000       29.552898       10.732525       0.020470        2.753583       
130             10.868000       29.774518       10.733521       0.020392        2.773975       
131             10.868000       30.031503       10.734657       0.023646        2.797621       
132             10.868000       30.251428       10.735615       0.020236        2.817857       
133             10.868000       30.472385       10.736563       0.020331        2.838188       
134             10.868000       30.691745       10.737491       0.020184        2.858372       
135             10.868000       30.913115       10.738415       0.020369        2.878741       
136             10.868000       31.136974       10.739335       0.020598        2.899339       
137             10.868000       31.359040       10.740236       0.020433        2.919772       
138             10.868000       31.585659       10.741142       0.020852        2.940624       
139             10.868000       31.807095       10.742015       0.020375        2.960999       
140             10.868000       32.042094       10.742928       0.021623        2.982622       
141             10.868000       32.261301       10.743768       0.020170        3.002792       
142             10.868000       32.479672       10.744594       0.020093        3.022885       
143             10.868000       32.699782       10.745415       0.020253        3.043138       
144             10.868000       32.918772       10.746222       0.020150        3.063288       
145             10.868000       33.150630       10.747064       0.021334        3.084622       
146             10.868000       33.370544       10.747852       0.020235        3.104857       
147             10.868000       33.590414       10.748630       0.020231        3.125088       
148             10.868000       33.810143       10.749397       0.020218        3.145306       
149             10.868000       34.029894       10.750155       0.020220        3.165526       
150             10.868000       34.249243       10.750901       0.020183        3.185709       
151             10.868000       34.509119       10.751774       0.023912        3.209621       
152             10.868000       34.903649       10.753074       0.036302        3.245923       
153             10.868000       35.172273       10.753942       0.024717        3.270640       
154             10.868000       35.421987       10.754738       0.022977        3.293617       
155             10.868000       35.640630       10.755425       0.020118        3.313735       
156             10.868000       35.859272       10.756105       0.020118        3.333853       
157             10.868000       36.077817       10.756776       0.020109        3.353962       
158             10.868000       36.310914       10.757482       0.021448        3.375410       
159             10.868000       36.607784       10.758370       0.027316        3.402726       
160             10.868000       36.830600       10.759026       0.020502        3.423228       
161             10.868000       37.051242       10.759669       0.020302        3.443530       
162             10.868000       37.271851       10.760304       0.020299        3.463829       
163             10.868000       37.492493       10.760931       0.020302        3.484131       
164             10.868000       37.713201       10.761552       0.020308        3.504439       
165             10.886000       37.934067       10.762268       0.020289        3.524728       
166             10.886000       38.153681       10.762972       0.020174        3.544902       
167             10.886000       38.390234       10.763722       0.021730        3.566632       
168             10.886000       38.611590       10.764415       0.020334        3.586966       
169             10.886000       38.833294       10.765101       0.020366        3.607332       
170             10.886000       39.052527       10.765772       0.020139        3.627471       
171             10.886000       39.315370       10.766567       0.024145        3.651616       
172             10.886000       39.534559       10.767222       0.020135        3.671751       
173             10.886000       39.755480       10.767875       0.020294        3.692045       
174             10.886000       39.976629       10.768522       0.020315        3.712360       
175             10.886000       40.208087       10.769191       0.021262        3.733622       
176             10.886000       40.427832       10.769819       0.020186        3.753808       
177             10.886000       40.647566       10.770440       0.020185        3.773993       
178             10.886000       40.868138       10.771057       0.020262        3.794255       
179             10.886000       41.087425       10.771664       0.020144        3.814399       
180             10.886000       41.307519       10.772267       0.020218        3.834617       
181             10.886000       41.526360       10.772860       0.020103        3.854720       
182             10.886000       41.745375       10.773448       0.020119        3.874839       
183             10.886000       42.004288       10.774134       0.023784        3.898623       
184             10.886000       42.224577       10.774712       0.020236        3.918859       
185             10.886000       42.445236       10.775285       0.020270        3.939129       
186             10.886000       42.671034       10.775865       0.020742        3.959871       
187             10.886000       42.918853       10.776494       0.022765        3.982636       
188             10.886000       43.142582       10.777056       0.020552        4.003188       
189             10.886000       43.361914       10.777602       0.020148        4.023336       
190             10.886000       43.581778       10.778143       0.020197        4.043533       
191             10.886000       43.833092       10.778756       0.023086        4.066619       
192             10.886000       44.052619       10.779285       0.020166        4.086785       
193             10.886000       44.271722       10.779808       0.020127        4.106912       
194             10.886000       44.491456       10.780327       0.020185        4.127097       
195             10.886000       44.710613       10.780840       0.020132        4.147229       
196             10.886000       44.954307       10.781405       0.022386        4.169615       
197             10.886000       45.173061       10.781906       0.020095        4.189710       
198             10.886000       45.498650       10.782644       0.029909        4.219619       
199             10.886000       45.825176       10.783374       0.029995        4.249614       
200             10.886000       46.119141       10.784022       0.027004        4.276618       
201             10.886000       46.338462       10.784500       0.020147        4.296765       
202             10.886000       46.557553       10.784973       0.020126        4.316891       
203             10.886000       46.776634       10.785442       0.020125        4.337016       
204             10.886000       46.995541       10.785906       0.020109        4.357125       
205             10.886000       47.214523       10.786366       0.020116        4.377241       
206             10.886000       47.439504       10.786834       0.020667        4.397908       
207             10.886000       47.697677       10.787366       0.023716        4.421624       
208             10.886000       47.919044       10.787818       0.020335        4.441959       
209             10.886000       48.140454       10.788265       0.020339        4.462298       
210             10.886000       48.361755       10.788708       0.020329        4.482627       
211             10.886000       48.582959       10.789147       0.020320        4.502947       
212             10.910000       48.804683       10.789690       0.020323        4.523270       
213             10.910000       49.025054       10.790225       0.020199        4.543469       
214             10.910000       49.248807       10.790763       0.020509        4.563978       
215             10.910000       49.470793       10.791293       0.020347        4.584325       
216             10.910000       49.691109       10.791813       0.020194        4.604519       
217             10.910000       49.912430       10.792332       0.020286        4.624805       
218             10.910000       50.132277       10.792842       0.020151        4.644956       
219             10.910000       50.352485       10.793349       0.020184        4.665140       
220             10.910000       50.572092       10.793850       0.020129        4.685269       
221             10.910000       50.805130       10.794377       0.021360        4.706629       
222             10.910000       51.028272       10.794878       0.020453        4.727082       
223             10.910000       51.263339       10.795400       0.021546        4.748628       
224             10.910000       51.485794       10.795890       0.020390        4.769018       
225             10.932000       51.708019       10.796468       0.020328        4.789346       
226             10.930000       51.973334       10.797141       0.024274        4.813620       
227             10.930000       52.195607       10.797700       0.020336        4.833956       
228             10.930000       52.432383       10.798290       0.021663        4.855619       
229             10.930000       52.653049       10.798836       0.020189        4.875808       
230             10.930000       52.878655       10.799389       0.020641        4.896449       
231             10.922000       53.101912       10.799898       0.020441        4.916890       
232             10.922000       53.339749       10.800437       0.021776        4.938666       
233             10.922000       53.566992       10.800947       0.020806        4.959472       
234             10.922000       53.791374       10.801446       0.020544        4.980016       
235             10.922000       54.011408       10.801932       0.020146        5.000162       
236             10.918000       54.231472       10.802398       0.020156        5.020318       
237             10.918000       54.451349       10.802860       0.020139        5.040457       
238             10.918000       54.704210       10.803386       0.023160        5.063617       
239             10.918000       54.923837       10.803840       0.020116        5.083733       
240             10.918000       55.143321       10.804289       0.020103        5.103836       
241             10.904000       55.363506       10.804682       0.020193        5.124029       
242             10.904000       55.582861       10.805071       0.020117        5.144146       
243             10.904000       55.907931       10.805641       0.029812        5.173958       
244             10.904000       56.144167       10.806051       0.021665        5.195623       
245             10.902000       56.567578       10.806763       0.038838        5.234461       
246             10.902000       56.849570       10.807231       0.025866        5.260327       
247             10.902000       57.092553       10.807631       0.022288        5.282615       
248             10.902000       57.311716       10.807989       0.020103        5.302718       
249             10.904000       57.530898       10.808351       0.020101        5.322819       
250             10.904000       57.749992       10.808711       0.020093        5.342912       
251             10.904000       57.969075       10.809068       0.020092        5.363004       
252             10.904000       58.249798       10.809522       0.025745        5.388749       
253             10.904000       58.470103       10.809874       0.020204        5.408953       
254             10.904000       58.690036       10.810224       0.020170        5.429123       
255             10.904000       58.909894       10.810571       0.020163        5.449286       
256             10.904000       59.129806       10.810916       0.020168        5.469454       
257             10.904000       59.351266       10.811260       0.020310        5.489764       
258             10.906000       59.571196       10.811607       0.020166        5.509930       
259             10.906000       59.790352       10.811950       0.020095        5.530025       
260             10.906000       60.009836       10.812291       0.020125        5.550150       
261             10.906000       60.229275       10.812629       0.020121        5.570271       
262             10.906000       60.450482       10.812968       0.020283        5.590554       
263             10.888000       60.668928       10.813236       0.020063        5.610617       
264             10.888000       60.887722       10.813503       0.020095        5.630712       
265             10.888000       61.106614       10.813768       0.020104        5.650816       
266             10.888000       61.354970       10.814067       0.022810        5.673626       
267             10.888000       61.575419       10.814330       0.020247        5.693873       
268             10.892000       61.794413       10.814603       0.020106        5.713979       
269             10.892000       62.014541       10.814876       0.020210        5.734189       
270             10.892000       62.234516       10.815146       0.020196        5.754385       
271             10.892000       62.454142       10.815415       0.020164        5.774549       
272             10.892000       62.673768       10.815681       0.020164        5.794713       
273             10.892000       62.892774       10.815945       0.020107        5.814820       
274             10.892000       63.112106       10.816208       0.020137        5.834957       
275             10.892000       63.333006       10.816470       0.020281        5.855238       
276             10.892000       63.552241       10.816729       0.020128        5.875366       
277             10.892000       63.772956       10.816988       0.020264        5.895630       
278             10.892000       63.993737       10.817245       0.020270        5.915900       
279             10.892000       64.214202       10.817499       0.020241        5.936141       
280             10.892000       64.433621       10.817751       0.020145        5.956286       
281             10.892000       64.656417       10.818006       0.020455        5.976741       
282             10.892000       64.876272       10.818255       0.020185        5.996926       
283             10.892000       65.095670       10.818501       0.020143        6.017069       
284             10.892000       65.314207       10.818746       0.020064        6.037133       
285             10.892000       65.534116       10.818990       0.020190        6.057323       
286             10.892000       65.787824       10.819270       0.023293        6.080616       
287             10.892000       66.006971       10.819509       0.020120        6.100736       
288             10.892000       66.226052       10.819748       0.020114        6.120850       
289             10.892000       66.452236       10.819992       0.020766        6.141616       
290             10.892000       66.671263       10.820227       0.020109        6.161725       
291             10.892000       66.895910       10.820466       0.020625        6.182350       
292             10.892000       67.252427       10.820843       0.032732        6.215082       
293             10.892000       67.548210       10.821153       0.027156        6.242238       
294             10.892000       67.781060       10.821394       0.021378        6.263616       
295             10.892000       68.000098       10.821620       0.020110        6.283726       
296             10.892000       68.219071       10.821845       0.020104        6.303830       
297             10.892000       68.437989       10.822068       0.020099        6.323929       
298             10.892000       68.656831       10.822289       0.020092        6.344021       
299             10.892000       68.876120       10.822510       0.020133        6.364154       
300             10.892000       69.098556       10.822732       0.020422        6.384576       
301             10.892000       69.338659       10.822970       0.022044        6.406620       
302             10.892000       69.558220       10.823187       0.020158        6.426778       
303             10.892000       69.777825       10.823402       0.020162        6.446940       
304             10.892000       69.997418       10.823616       0.020161        6.467101       
305             10.892000       70.217110       10.823829       0.020170        6.487271       
306             10.892000       70.436682       10.824040       0.020159        6.507430       
307             10.892000       70.655600       10.824249       0.020099        6.527529       
308             10.892000       70.874431       10.824457       0.020091        6.547620       
309             10.892000       71.093949       10.824664       0.020154        6.567774       
310             10.892000       71.314860       10.824872       0.020282        6.588056       
311             10.892000       71.533789       10.825076       0.020100        6.608156       
312             10.892000       71.752675       10.825279       0.020096        6.628252       
313             10.892000       71.971680       10.825480       0.020107        6.648359       
314             10.892000       72.215422       10.825704       0.022378        6.670737       
315             10.892000       72.435756       10.825904       0.020229        6.690966       
316             10.918000       72.656289       10.826181       0.020199        6.711165       
317             10.918000       72.877422       10.826457       0.020254        6.731419       
318             10.918000       73.098773       10.826732       0.020274        6.751693       
319             10.918000       73.319371       10.827005       0.020205        6.771898       
320             10.918000       73.540068       10.827276       0.020214        6.792112       
321             10.918000       73.760535       10.827544       0.020193        6.812305       
322             10.918000       73.981635       10.827813       0.020251        6.832556       
323             10.918000       74.202310       10.828079       0.020212        6.852768       
324             10.918000       74.422450       10.828342       0.020163        6.872931       
325             10.918000       74.641956       10.828604       0.020105        6.893036       
326             10.918000       74.861615       10.828864       0.020119        6.913155       
327             10.918000       75.083240       10.829125       0.020299        6.933454       
328             10.918000       75.304417       10.829384       0.020258        6.953712       
329             10.918000       75.524141       10.829640       0.020125        6.973837       
330             10.918000       75.745766       10.829896       0.020299        6.994136       
331             10.918000       75.965414       10.830149       0.020118        7.014254       
332             10.918000       76.185183       10.830400       0.020129        7.034383       
333             10.918000       76.404645       10.830650       0.020101        7.054484       
334             10.918000       76.632329       10.830907       0.020854        7.075338       
335             10.918000       76.852578       10.831155       0.020173        7.095511       
336             10.918000       77.072903       10.831401       0.020180        7.115691       
337             10.918000       77.293109       10.831646       0.020169        7.135860       
338             10.918000       77.513303       10.831889       0.020168        7.156028       
339             10.918000       77.776568       10.832178       0.024113        7.180141       
340             10.918000       78.143850       10.832579       0.033640        7.213781       
341             10.918000       78.416680       10.832874       0.024989        7.238770       
342             10.918000       78.647476       10.833121       0.021139        7.259909       
343             10.918000       78.867135       10.833356       0.020119        7.280028       
344             10.918000       79.086816       10.833589       0.020121        7.300149       
345             10.918000       79.343050       10.833860       0.023469        7.323618       
346             10.918000       79.562786       10.834090       0.020126        7.343744       
347             10.918000       79.782445       10.834320       0.020119        7.363863       
348             10.918000       80.025993       10.834572       0.022307        7.386170       
349             10.918000       80.252083       10.834806       0.020708        7.406878       
350             10.918000       80.489550       10.835049       0.021750        7.428628       
351             10.918000       80.711371       10.835275       0.020317        7.448945       
352             10.918000       80.933126       10.835500       0.020311        7.469256       
353             10.918000       81.154871       10.835724       0.020310        7.489566       
354             10.918000       81.376441       10.835946       0.020294        7.509860       
355             10.918000       81.596777       10.836166       0.020181        7.530041       
356             10.918000       81.854321       10.836422       0.023589        7.553630       
357             10.918000       82.076645       10.836641       0.020363        7.573993       
358             10.918000       82.299972       10.836860       0.020455        7.594448       
359             10.918000       82.519653       10.837075       0.020121        7.614569       
360             10.918000       82.739302       10.837288       0.020118        7.634687       
361             10.918000       82.959245       10.837500       0.020145        7.654832       
362             10.918000       83.183577       10.837716       0.020547        7.675379       
363             10.918000       83.406632       10.837929       0.020430        7.695809       
364             10.915000       83.631142       10.838134       0.020569        7.716378       
365             10.915000       83.853852       10.838337       0.020404        7.736782       
366             10.915000       84.074946       10.838537       0.020256        7.757038       
367             10.915000       84.310514       10.838750       0.021582        7.778620       
368             10.915000       84.532197       10.838948       0.020310        7.798930       
369             10.915000       84.754219       10.839146       0.020341        7.819271       
370             10.915000       84.976449       10.839343       0.020360        7.839631       
371             10.915000       85.212824       10.839551       0.021656        7.861287       
372             10.915000       85.456305       10.839765       0.022307        7.883594       
373             10.915000       85.678240       10.839958       0.020333        7.903927       
374             10.915000       85.898570       10.840150       0.020186        7.924113       
375             10.915000       86.119315       10.840340       0.020224        7.944337       
376             10.915000       86.340103       10.840530       0.020228        7.964565       
377             10.915000       86.561667       10.840719       0.020299        7.984864       
378             10.915000       86.780797       10.840905       0.020076        8.004940       
379             10.915000       86.999795       10.841091       0.020064        8.025004       
380             10.915000       87.219099       10.841275       0.020092        8.045096       
381             10.915000       87.438655       10.841459       0.020115        8.065211       
382             10.915000       87.658101       10.841642       0.020105        8.085316       
383             10.915000       87.878474       10.841825       0.020190        8.105506       
384             10.915000       88.119838       10.842024       0.022113        8.127619       
385             10.915000       88.342973       10.842207       0.020443        8.148062       
386             10.915000       88.571653       10.842393       0.020951        8.169013       
387             10.915000       88.841494       10.842613       0.024722        8.193735       
388             10.915000       89.244923       10.842938       0.036961        8.230696       
389             10.915000       89.489365       10.843133       0.022395        8.253091       
390             10.915000       89.710797       10.843309       0.020287        8.273378       
391             10.915000       89.930254       10.843483       0.020106        8.293484       
392             10.915000       90.149504       10.843656       0.020087        8.313571       
393             10.915000       90.368852       10.843828       0.020096        8.333667       
394             10.915000       90.620170       10.844024       0.023025        8.356692       
395             10.915000       90.947674       10.844278       0.030005        8.386697       
396             10.915000       91.169085       10.844449       0.020285        8.406982       
397             10.915000       91.389175       10.844618       0.020164        8.427146       
398             10.915000       91.609265       10.844786       0.020164        8.447310       
399             10.915000       91.829410       10.844953       0.020169        8.467479       
400             10.915000       92.049271       10.845119       0.020143        8.487622       
401             10.915000       92.269393       10.845285       0.020167        8.507789       
402             10.915000       92.488763       10.845449       0.020098        8.527887       
403             10.915000       92.708613       10.845613       0.020142        8.548029       
404             10.915000       92.928223       10.845776       0.020120        8.568149       
405             10.915000       93.149404       10.845939       0.020264        8.588413       
406             10.915000       93.368785       10.846100       0.020099        8.608512       
407             10.915000       93.588111       10.846261       0.020094        8.628606       
408             10.915000       93.807513       10.846421       0.020101        8.648707       
409             10.915000       94.027833       10.846580       0.020185        8.668892       
410             10.915000       94.249243       10.846740       0.020285        8.689177       
411             10.921000       94.469902       10.846912       0.020205        8.709382       
412             10.921000       94.690670       10.847084       0.020215        8.729597       
413             10.921000       94.910707       10.847254       0.020148        8.749745       
414             10.921000       95.130797       10.847423       0.020153        8.769898       
415             10.921000       95.350408       10.847592       0.020109        8.790007       
416             10.921000       95.569909       10.847759       0.020099        8.810106       
417             10.921000       95.789814       10.847926       0.020136        8.830242       
418             10.921000       96.034335       10.848111       0.022390        8.852632       
419             10.921000       96.256698       10.848278       0.020361        8.872993       
420             10.921000       96.477368       10.848444       0.020206        8.893199       
421             10.921000       96.698529       10.848608       0.020251        8.913450       
422             10.921000       96.921044       10.848774       0.020375        8.933825       
423             10.921000       97.141386       10.848936       0.020176        8.954001       
424             10.921000       97.362558       10.849099       0.020252        8.974253       
425             10.921000       97.582398       10.849260       0.020130        8.994383       
426             10.921000       97.801626       10.849420       0.020074        9.014457       
427             10.921000       98.054589       10.849603       0.023163        9.037620       
428             10.921000       98.274713       10.849762       0.020156        9.057776       
429             10.921000       98.494465       10.849920       0.020122        9.077898       
430             10.921000       98.714229       10.850077       0.020123        9.098021       
431             10.921000       98.934014       10.850234       0.020125        9.118146       
432             10.921000       99.153766       10.850389       0.020122        9.138268       
433             10.921000       99.373322       10.850544       0.020104        9.158372       
434             10.921000       99.616282       10.850715       0.022247        9.180619       
435             10.921000       100.047399      10.851016       0.039476        9.220095       
436             10.921000       100.326114      10.851209       0.025521        9.245616       
437             10.921000       100.545680      10.851361       0.020105        9.265721       
438             10.921000       100.765247      10.851511       0.020105        9.285826       
439             10.921000       100.984759      10.851662       0.020100        9.305926       
440             10.921000       101.204206      10.851811       0.020094        9.326020       
441             10.921000       101.423609      10.851960       0.020090        9.346110       
442             10.921000       101.756863      10.852184       0.030515        9.376625       
443             10.921000       102.018945      10.852360       0.023998        9.400623       
444             10.921000       102.239080      10.852507       0.020157        9.420780       
445             10.921000       102.459804      10.852654       0.020211        9.440991       
446             10.921000       102.717867      10.852824       0.023630        9.464621       
447             10.921000       102.938996      10.852970       0.020248        9.484869       
448             10.921000       103.187547      10.853133       0.022759        9.507628       
449             10.921000       103.410237      10.853278       0.020391        9.528019       
450             10.921000       103.632763      10.853422       0.020376        9.548395       
451             10.921000       103.855213      10.853566       0.020369        9.568764       
452             10.921000       104.075533      10.853708       0.020174        9.588938       
453             10.921000       104.295362      10.853849       0.020129        9.609067       
454             10.921000       104.515060      10.853989       0.020117        9.629184       
455             10.921000       104.735031      10.854129       0.020142        9.649326       
456             10.921000       104.960626      10.854272       0.020657        9.669983       
457             10.921000       105.208030      10.854428       0.022654        9.692637       
458             10.910000       105.432198      10.854546       0.020547        9.713184       
459             10.910000       105.654435      10.854662       0.020370        9.733554       
460             10.910000       105.875984      10.854777       0.020307        9.753861       
461             10.910000       106.097337      10.854891       0.020289        9.774150       
462             10.910000       106.317686      10.855005       0.020197        9.794347       
463             10.910000       106.538930      10.855119       0.020279        9.814626       
464             10.910000       106.769775      10.855237       0.021159        9.835785       
465             10.910000       107.019079      10.855364       0.022851        9.858636       
466             10.910000       107.242341      10.855477       0.020464        9.879100       
467             10.910000       107.462396      10.855588       0.020170        9.899270       
468             10.910000       107.687186      10.855701       0.020604        9.919874       
469             10.910000       107.911190      10.855813       0.020532        9.940406       
470             10.910000       108.164749      10.855940       0.023241        9.963647       
471             10.910000       108.391110      10.856052       0.020748        9.984395       
472             10.910000       108.610695      10.856160       0.020127        10.004522      
473             10.910000       108.829921      10.856268       0.020094        10.024616      
474             10.910000       109.080938      10.856391       0.023008        10.047624      
475             10.910000       109.315067      10.856506       0.021460        10.069084      
476             10.910000       109.535874      10.856613       0.020239        10.089323      
477             10.910000       109.756660      10.856720       0.020237        10.109560      
478             10.910000       109.977402      10.856826       0.020233        10.129793      
479             10.910000       110.198111      10.856932       0.020230        10.150023      
480             10.910000       110.450394      10.857053       0.023124        10.173147      
481             10.910000       110.917691      10.857275       0.042832        10.215979      
482             10.910000       111.176607      10.857397       0.023732        10.239711      
483             10.910000       111.399902      10.857502       0.020467        10.260178      
484             10.910000       111.619412      10.857605       0.020120        10.280298      
485             10.910000       111.838921      10.857707       0.020120        10.300418      
486             10.910000       112.070202      10.857814       0.021199        10.321617      
487             10.910000       112.301963      10.857922       0.021243        10.342860      
488             10.910000       112.605937      10.858062       0.027862        10.370722      
489             10.910000       112.828916      10.858164       0.020438        10.391160      
490             10.910000       113.050269      10.858265       0.020289        10.411449      
491             10.910000       113.314040      10.858385       0.024177        10.435626      
492             10.910000       113.535535      10.858485       0.020302        10.455928      
493             10.910000       113.756932      10.858585       0.020293        10.476221      
494             10.910000       113.977084      10.858683       0.020179        10.496400      
495             10.910000       114.197161      10.858782       0.020172        10.516572      
496             10.910000       114.418929      10.858881       0.020327        10.536899      
497             10.910000       114.641023      10.858979       0.020357        10.557256      
498             10.910000       114.864264      10.859078       0.020462        10.577718      
499             10.910000       115.084308      10.859175       0.020169        10.597887      
500             10.910000       115.303817      10.859271       0.020120        10.618007      
501             10.910000       115.523402      10.859367       0.020127        10.638134      
502             10.910000       115.744799      10.859464       0.020293        10.658427      
503             10.910000       115.968509      10.859561       0.020505        10.678932      
504             10.910000       116.190811      10.859657       0.020376        10.699308      
505             10.897000       116.412325      10.859727       0.020328        10.719636      
506             10.897000       116.634417      10.859798       0.020381        10.740017      
507             10.897000       116.880743      10.859876       0.022605        10.762622      
508             10.897000       117.101081      10.859946       0.020220        10.782842      
509             10.897000       117.320644      10.860015       0.020149        10.802991      
510             10.897000       117.542823      10.860085       0.020389        10.823380      
511             10.897000       117.765198      10.860154       0.020407        10.843787      
512             10.897000       117.987628      10.860223       0.020412        10.864199      
513             10.897000       118.208140      10.860292       0.020236        10.884435      
514             10.897000       118.471782      10.860373       0.024194        10.908629      
515             10.897000       118.694157      10.860442       0.020407        10.929036      
516             10.897000       118.914723      10.860509       0.020241        10.949277      
517             10.897000       119.138547      10.860577       0.020540        10.969817      
518             10.897000       119.357806      10.860644       0.020121        10.989938      
519             10.897000       119.576618      10.860710       0.020080        11.010018      
520             10.897000       119.811993      10.860782       0.021600        11.031618      
521             10.897000       120.031153      10.860847       0.020112        11.051730      
522             10.897000       120.250270      10.860913       0.020108        11.071838      
523             10.897000       120.469540      10.860979       0.020122        11.091960      
524             10.897000       120.688951      10.861044       0.020135        11.112095      
525             10.897000       120.909168      10.861109       0.020209        11.132304      
526             10.897000       121.154220      10.861181       0.022488        11.154792      
527             10.897000       121.495917      10.861282       0.031357        11.186149      
528             10.897000       121.850963      10.861386       0.032582        11.218731      
529             10.897000       122.089455      10.861455       0.021886        11.240617      
530             10.897000       122.308757      10.861518       0.020125        11.260742      
531             10.897000       122.527896      10.861582       0.020110        11.280852      
532             10.897000       122.747023      10.861645       0.020109        11.300961      
533             10.897000       122.967372      10.861708       0.020221        11.321182      
534             10.897000       123.209612      10.861777       0.022230        11.343412      
535             10.897000       123.432663      10.861840       0.020469        11.363881      
536             10.897000       123.680526      10.861911       0.022746        11.386627      
537             10.897000       123.901528      10.861973       0.020281        11.406908      
538             10.897000       124.122802      10.862035       0.020306        11.427214      
539             10.897000       124.344033      10.862097       0.020302        11.447516      
540             10.897000       124.564806      10.862159       0.020260        11.467776      
541             10.897000       124.784566      10.862220       0.020167        11.487943      
542             10.897000       125.031787      10.862289       0.022687        11.510630      
543             10.897000       125.253715      10.862350       0.020366        11.530996      
544             10.897000       125.500259      10.862418       0.022625        11.553621      
545             10.897000       125.719845      10.862478       0.020151        11.573772      
546             10.897000       125.939114      10.862538       0.020122        11.593894      
547             10.897000       126.158536      10.862598       0.020136        11.614030      
548             10.897000       126.377893      10.862657       0.020130        11.634160      
549             10.897000       126.600323      10.862717       0.020412        11.654572      
550             10.897000       126.823744      10.862778       0.020503        11.675075      
551             10.897000       127.047132      10.862838       0.020500        11.695575      
552             10.883000       127.268677      10.862873       0.020357        11.715932      
553             10.883000       127.488188      10.862907       0.020170        11.736102      
554             10.883000       127.709526      10.862942       0.020338        11.756440      
555             10.883000       127.961925      10.862982       0.023192        11.779632      
556             10.883000       128.185113      10.863016       0.020508        11.800140      
557             10.883000       128.406800      10.863051       0.020370        11.820510      
558             10.883000       128.626615      10.863085       0.020198        11.840708      
559             10.883000       128.848563      10.863119       0.020394        11.861102      
560             10.883000       129.068660      10.863153       0.020224        11.881326      
561             10.883000       129.333259      10.863193       0.024313        11.905639      
562             10.883000       129.556415      10.863227       0.020505        11.926144      
563             10.883000       129.779701      10.863261       0.020517        11.946661      
564             10.867000       129.999128      10.863268       0.020192        11.966853      
565             10.867000       130.218032      10.863274       0.020144        11.986997      
566             10.858000       130.435985      10.863265       0.020073        12.007070      
567             10.858000       130.659128      10.863256       0.020551        12.027621      
568             10.858000       130.877797      10.863247       0.020139        12.047760      
569             10.858000       131.096227      10.863239       0.020117        12.067877      
570             10.858000       131.314690      10.863230       0.020120        12.087997      
571             10.853000       131.533064      10.863213       0.020121        12.108118      
572             10.853000       131.751491      10.863196       0.020126        12.128244      
573             10.853000       131.985992      10.863178       0.021607        12.149851      
574             10.853000       132.265652      10.863156       0.025768        12.175619      
575             10.849000       132.689577      10.863111       0.039075        12.214694      
576             10.849000       132.909410      10.863088       0.020263        12.234957      
577             10.849000       133.127573      10.863065       0.020109        12.255066      
578             10.849000       133.345670      10.863041       0.020103        12.275169      
579             10.849000       133.564766      10.863018       0.020195        12.295364      
580             10.852000       133.806244      10.862999       0.022252        12.317616      
581             10.852000       134.024576      10.862981       0.020119        12.337735      
582             10.852000       134.245327      10.862962       0.020342        12.358077      
583             10.852000       134.489942      10.862943       0.022541        12.380618      
584             10.852000       134.708718      10.862925       0.020160        12.400778      
585             10.851000       134.927615      10.862905       0.020173        12.420951      
586             10.851000       135.146524      10.862886       0.020174        12.441125      
587             10.851000       135.365236      10.862867       0.020156        12.461281      
588             10.851000       135.584090      10.862848       0.020169        12.481450      
589             10.851000       135.802141      10.862829       0.020095        12.501545      
590             10.857000       136.021192      10.862819       0.020176        12.521721      
591             10.857000       136.240612      10.862810       0.020210        12.541931      
592             10.857000       136.459228      10.862801       0.020136        12.562067      
593             10.857000       136.677769      10.862791       0.020129        12.582196      
594             10.857000       136.896081      10.862782       0.020108        12.602304      
595             10.856000       137.114341      10.862771       0.020105        12.622409      
596             10.856000       137.332536      10.862760       0.020099        12.642508      
597             10.856000       137.550937      10.862750       0.020118        12.662626      
598             10.856000       137.778880      10.862739       0.020997        12.683623      
599             10.856000       137.998725      10.862728       0.020251        12.703874      
600             10.860000       138.234985      10.862723       0.021755        12.725629      
601             10.860000       138.455595      10.862719       0.020314        12.745943      
602             10.860000       138.675358      10.862714       0.020236        12.766179      
603             10.860000       138.894762      10.862710       0.020203        12.786382      
604             10.862000       139.115261      10.862709       0.020300        12.806682      
605             10.862000       139.336780      10.862708       0.020394        12.827076      
606             10.862000       139.558072      10.862707       0.020373        12.847449      
607             10.862000       139.820769      10.862706       0.024185        12.871634      
608             10.862000       140.043984      10.862704       0.020550        12.892184      
609             10.867000       140.265746      10.862711       0.020407        12.912591      
610             10.867000       140.486846      10.862718       0.020346        12.932937      
611             10.867000       140.705730      10.862725       0.020142        12.953079      
612             10.867000       140.924167      10.862731       0.020101        12.973180      
613             10.867000       141.146473      10.862738       0.020457        12.993637      
614             10.867000       141.365606      10.862745       0.020165        13.013802      
615             10.867000       141.602724      10.862752       0.021820        13.035622      
616             10.867000       141.822531      10.862758       0.020227        13.055849      
617             10.867000       142.042327      10.862765       0.020226        13.076075      
618             10.867000       142.262188      10.862771       0.020232        13.096307      
619             10.867000       142.481984      10.862778       0.020226        13.116533      
620             10.867000       142.735218      10.862785       0.023303        13.139836      
621             10.867000       143.214148      10.862799       0.044072        13.183908      
622             10.867000       143.473511      10.862807       0.023867        13.207775      
623             10.867000       143.695122      10.862813       0.020393        13.228168      
624             10.867000       143.928208      10.862820       0.021449        13.249617      
625             10.867000       144.146841      10.862827       0.020119        13.269736      
626             10.867000       144.365344      10.862833       0.020107        13.289843      
627             10.867000       144.583890      10.862839       0.020111        13.309954      
628             10.867000       144.912465      10.862849       0.030236        13.340190      
629             10.867000       145.167089      10.862856       0.023431        13.363621      
630             10.867000       145.387744      10.862862       0.020305        13.383926      
631             10.867000       145.608355      10.862868       0.020301        13.404227      
632             10.867000       145.829151      10.862875       0.020318        13.424545      
633             10.867000       146.049696      10.862881       0.020295        13.444840      
634             10.867000       146.268655      10.862887       0.020149        13.464989      
635             10.867000       146.487919      10.862893       0.020177        13.485166      
636             10.867000       146.708889      10.862899       0.020334        13.505500      
637             10.867000       146.929999      10.862906       0.020347        13.525847      
638             10.867000       147.152534      10.862912       0.020478        13.546325      
639             10.867000       147.371884      10.862918       0.020185        13.566510      
640             10.867000       147.590409      10.862924       0.020109        13.586619      
641             10.867000       147.829450      10.862931       0.021997        13.608616      
642             10.867000       148.048116      10.862937       0.020122        13.628738      
643             10.867000       148.267760      10.862943       0.020212        13.648950      
644             10.867000       148.487871      10.862949       0.020255        13.669205      
645             10.867000       148.706439      10.862955       0.020113        13.689318      
646             10.867000       148.959814      10.862961       0.023316        13.712634      
647             10.867000       149.181109      10.862967       0.020364        13.732998      
648             10.867000       149.400612      10.862973       0.020199        13.753197      
649             10.867000       149.620103      10.862979       0.020198        13.773395      
650             10.867000       149.839867      10.862985       0.020223        13.793618      
651             10.867000       150.058685      10.862991       0.020136        13.813754      
652             10.867000       150.299269      10.862997       0.022139        13.835893      
653             10.867000       150.557263      10.863004       0.023741        13.859634      
654             10.867000       150.781764      10.863010       0.020659        13.880293      
655             10.867000       151.016763      10.863016       0.021625        13.901918      
656             10.862000       151.242464      10.863015       0.020779        13.922697      
657             10.862000       151.461670      10.863013       0.020181        13.942878      
658             10.862000       151.680540      10.863012       0.020150        13.963028      
659             10.862000       151.898866      10.863010       0.020100        13.983128      
660             10.862000       152.154025      10.863009       0.023491        14.006619      
661             10.862000       152.372710      10.863007       0.020133        14.026752      
662             10.862000       152.591199      10.863006       0.020115        14.046867      
663             10.862000       152.809721      10.863004       0.020118        14.066985      
664             10.862000       153.028318      10.863003       0.020125        14.087110      
665             10.862000       153.247057      10.863002       0.020138        14.107248      
666             10.862000       153.465579      10.863000       0.020118        14.127366      
667             10.862000       153.757408      10.862998       0.026867        14.154233      
668             10.862000       154.143857      10.862996       0.035578        14.189811      
669             10.862000       154.424151      10.862994       0.025805        14.215616      
670             10.862000       154.642553      10.862993       0.020107        14.235723      
671             10.862000       154.860912      10.862991       0.020103        14.255826      
672             10.862000       155.079249      10.862990       0.020101        14.275927      
673             10.862000       155.297488      10.862988       0.020092        14.296019      
674             10.862000       155.516944      10.862987       0.020204        14.316223      
675             10.862000       155.738518      10.862986       0.020399        14.336622      
676             10.862000       155.958701      10.862984       0.020271        14.356893      
677             10.862000       156.177636      10.862983       0.020156        14.377049      
678             10.862000       156.396657      10.862981       0.020164        14.397213      
679             10.862000       156.615559      10.862980       0.020153        14.417366      
680             10.862000       156.834472      10.862979       0.020154        14.437520      
681             10.862000       157.053395      10.862977       0.020155        14.457675      
682             10.862000       157.271678      10.862976       0.020096        14.477771      
683             10.862000       157.492785      10.862975       0.020356        14.498127      
684             10.862000       157.711285      10.862973       0.020116        14.518243      
685             10.862000       157.929883      10.862972       0.020125        14.538368      
686             10.862000       158.148231      10.862971       0.020102        14.558470      
687             10.862000       158.366503      10.862969       0.020095        14.578565      
688             10.862000       158.584861      10.862968       0.020103        14.598668      
689             10.862000       158.803481      10.862967       0.020127        14.618795      
690             10.862000       159.023958      10.862965       0.020298        14.639093      
691             10.862000       159.279497      10.862964       0.023526        14.662619      
692             10.862000       159.498605      10.862962       0.020172        14.682791      
693             10.862000       159.757425      10.862961       0.023828        14.706619      
694             10.862000       159.976349      10.862959       0.020155        14.726774      
695             10.862000       160.195272      10.862958       0.020155        14.746929      
696             10.862000       160.413620      10.862957       0.020102        14.767031      
697             10.862000       160.632794      10.862956       0.020178        14.787209      
698             10.862000       160.852934      10.862954       0.020267        14.807476      
699             10.862000       161.071380      10.862953       0.020111        14.827587      
700             10.862000       161.293388      10.862952       0.020439        14.848026      
701             10.862000       161.523521      10.862950       0.021187        14.869213      
702             10.862000       161.745866      10.862949       0.020470        14.889683      
703             10.841000       161.972194      10.862918       0.020877        14.910560      
704             10.841000       162.196104      10.862888       0.020654        14.931214      
705             10.841000       162.414875      10.862858       0.020180        14.951394      
706             10.841000       162.633181      10.862829       0.020137        14.971531      
707             10.841000       162.894319      10.862794       0.024088        14.995619      
708             10.841000       163.112786      10.862765       0.020152        15.015771      
709             10.841000       163.330886      10.862736       0.020118        15.035889      
710             10.841000       163.557408      10.862705       0.020895        15.056784      
711             10.841000       163.776342      10.862676       0.020195        15.076979      
712             10.841000       163.994973      10.862647       0.020167        15.097146      
713             10.841000       164.215782      10.862618       0.020368        15.117514      
714             10.841000       164.447140      10.862588       0.021341        15.138855      
715             10.841000       164.891209      10.862529       0.040962        15.179817      
716             10.841000       165.181759      10.862491       0.026801        15.206618      
717             10.841000       165.399858      10.862463       0.020118        15.226736      
718             10.841000       165.617849      10.862435       0.020108        15.246844      
719             10.841000       165.835840      10.862407       0.020108        15.266952      
720             10.841000       166.053776      10.862378       0.020103        15.287055      
721             10.841000       166.271973      10.862350       0.020127        15.307182      
722             10.841000       166.493357      10.862322       0.020421        15.327603      
723             10.841000       166.714459      10.862294       0.020395        15.347998      
724             10.841000       166.934196      10.862265       0.020269        15.368267      
725             10.841000       167.153747      10.862237       0.020252        15.388519      
726             10.841000       167.375533      10.862209       0.020458        15.408977      
727             10.841000       167.595225      10.862181       0.020265        15.429242      
728             10.841000       167.814788      10.862154       0.020253        15.449495      
729             10.841000       168.033614      10.862126       0.020185        15.469680      
730             10.841000       168.253458      10.862098       0.020279        15.489959      
731             10.841000       168.473303      10.862071       0.020279        15.510238      
732             10.841000       168.693072      10.862043       0.020272        15.530510      
733             10.841000       168.911095      10.862016       0.020111        15.550621      
734             10.841000       169.129346      10.861989       0.020132        15.570753      
735             10.841000       169.347684      10.861962       0.020140        15.590893      
736             10.841000       169.570532      10.861934       0.020556        15.611449      
737             10.841000       169.793834      10.861907       0.020598        15.632047      
738             10.841000       170.027686      10.861878       0.021571        15.653618      
739             10.841000       170.246229      10.861851       0.020159        15.673777      
740             10.841000       170.466096      10.861824       0.020281        15.694058      
741             10.841000       170.691946      10.861796       0.020833        15.714891      
742             10.841000       170.938471      10.861766       0.022740        15.737631      
743             10.841000       171.159117      10.861740       0.020353        15.757984      
744             10.841000       171.379591      10.861713       0.020337        15.778321      
745             10.841000       171.598351      10.861686       0.020179        15.798500      
746             10.841000       171.819128      10.861660       0.020365        15.818865      
747             10.841000       172.038030      10.861633       0.020192        15.839057      
748             10.841000       172.263165      10.861606       0.020767        15.859824      
749             10.841000       172.499987      10.861578       0.021845        15.881669      
750             10.841000       172.721306      10.861552       0.020415        15.902084      
751             10.831000       172.939983      10.861513       0.020190        15.922274      
752             10.831000       173.159420      10.861474       0.020260        15.942534      
753             10.831000       173.376917      10.861436       0.020081        15.962615      
754             10.831000       173.626127      10.861392       0.023009        15.985624      
755             10.831000       173.845867      10.861353       0.020288        16.005912      
756             10.831000       174.064924      10.861315       0.020225        16.026137      
757             10.831000       174.283991      10.861277       0.020226        16.046363      
758             10.831000       174.503146      10.861239       0.020234        16.066597      
759             10.831000       174.722300      10.861201       0.020234        16.086831      
760             10.831000       174.941054      10.861163       0.020197        16.107028      
761             10.831000       175.175220      10.861122       0.021620        16.128648      
762             10.831000       175.609175      10.861048       0.040066        16.168714      
763             10.831000       175.911393      10.860996       0.027903        16.196617      
764             10.831000       176.129377      10.860959       0.020126        16.216743      
765             10.831000       176.347297      10.860922       0.020120        16.236863      
766             10.831000       176.565195      10.860885       0.020118        16.256981      
767             10.831000       176.782963      10.860848       0.020106        16.277087      
768             10.831000       177.011606      10.860809       0.021110        16.298197      
769             10.831000       177.239923      10.860771       0.021080        16.319277      
770             10.831000       177.461948      10.860733       0.020499        16.339776      
771             10.831000       177.681752      10.860696       0.020294        16.360070      
772             10.831000       177.901697      10.860660       0.020307        16.380377      
773             10.831000       178.121631      10.860623       0.020306        16.400683      
774             10.831000       178.341609      10.860586       0.020310        16.420993      
775             10.831000       178.597513      10.860544       0.023627        16.444620      
776             10.831000       178.816234      10.860507       0.020194        16.464814      
777             10.831000       179.037262      10.860471       0.020407        16.485221      
778             10.831000       179.258388      10.860434       0.020416        16.505637      
779             10.831000       179.480824      10.860398       0.020537        16.526174      
780             10.831000       179.699177      10.860362       0.020160        16.546334      
781             10.831000       179.917606      10.860326       0.020167        16.566501      
782             10.831000       180.135862      10.860291       0.020151        16.586652      
783             10.831000       180.358839      10.860254       0.020587        16.607239      
784             10.831000       180.580983      10.860218       0.020510        16.627749      
785             10.831000       180.801643      10.860182       0.020373        16.648122      
786             10.831000       181.027480      10.860146       0.020851        16.668973      
787             10.831000       181.283688      10.860105       0.023655        16.692628      
788             10.831000       181.504608      10.860069       0.020397        16.713025      
789             10.831000       181.724888      10.860034       0.020338        16.733363      
790             10.831000       181.944400      10.859999       0.020267        16.753630      
791             10.831000       182.165082      10.859963       0.020375        16.774005      
792             10.831000       182.383673      10.859929       0.020182        16.794187      
793             10.831000       182.605037      10.859894       0.020438        16.814625      
794             10.831000       182.824430      10.859859       0.020256        16.834881      
795             10.831000       183.048632      10.859823       0.020700        16.855581      
796             10.831000       183.287423      10.859786       0.022047        16.877628      
797             10.831000       183.508830      10.859751       0.020442        16.898070      
798             10.810000       183.730965      10.859690       0.020549        16.918619      
799             10.810000       183.948581      10.859631       0.020131        16.938750      
800             10.810000       184.166208      10.859572       0.020132        16.958882      
801             10.810000       184.384224      10.859514       0.020168        16.979050      
802             10.810000       184.628757      10.859448       0.022621        17.001671      
803             10.810000       184.846286      10.859389       0.020123        17.021794      
804             10.810000       185.063751      10.859331       0.020117        17.041911      
805             10.810000       185.281335      10.859273       0.020128        17.062039      
806             10.810000       185.500043      10.859214       0.020232        17.082271      
807             10.810000       185.718902      10.859156       0.020246        17.102517      
808             10.810000       186.040889      10.859071       0.029786        17.132303      
809             10.810000       186.391122      10.858978       0.032399        17.164702      
810             10.810000       186.649632      10.858910       0.023914        17.188616      
811             10.810000       186.867400      10.858853       0.020145        17.208761      
812             10.810000       187.084627      10.858796       0.020095        17.228856      
813             10.810000       187.301843      10.858739       0.020094        17.248950      
814             10.810000       187.518994      10.858682       0.020088        17.269038      
815             10.810000       187.736232      10.858626       0.020096        17.289134      
816             10.810000       187.957242      10.858568       0.020445        17.309579      
817             10.810000       188.176545      10.858511       0.020287        17.329866      
818             10.810000       188.394593      10.858455       0.020171        17.350037      
819             10.810000       188.612653      10.858399       0.020172        17.370209      
820             10.810000       188.830582      10.858342       0.020160        17.390369      
821             10.810000       189.048620      10.858286       0.020170        17.410539      
822             10.810000       189.266647      10.858231       0.020169        17.430708      
823             10.810000       189.483917      10.858175       0.020099        17.450807      
824             10.810000       189.701857      10.858119       0.020161        17.470968      
825             10.810000       189.919419      10.858064       0.020126        17.491094      
826             10.810000       190.173692      10.858000       0.023522        17.514616      
827             10.810000       190.390919      10.857945       0.020095        17.534711      
828             10.810000       190.608157      10.857890       0.020096        17.554807      
829             10.810000       190.825568      10.857835       0.020112        17.574919      
830             10.810000       191.043865      10.857780       0.020194        17.595113      
831             10.810000       191.276399      10.857722       0.021511        17.616624      
832             10.810000       191.495096      10.857667       0.020231        17.636855      
833             10.810000       191.712928      10.857612       0.020151        17.657006      
834             10.810000       191.930706      10.857558       0.020146        17.677152      
835             10.810000       192.148463      10.857504       0.020144        17.697296      
836             10.810000       192.366414      10.857450       0.020162        17.717458      
837             10.810000       192.583847      10.857396       0.020114        17.737572      
838             10.810000       192.801917      10.857342       0.020173        17.757745      
839             10.810000       193.019273      10.857289       0.020107        17.777852      
840             10.810000       193.238165      10.857235       0.020249        17.798101      
841             10.810000       193.460019      10.857181       0.020523        17.818624      
842             10.810000       193.687115      10.857125       0.021008        17.839632      
843             10.810000       193.906655      10.857071       0.020309        17.859941      
844             10.810000       194.124769      10.857018       0.020177        17.880118      
845             10.810000       194.343974      10.856965       0.020278        17.900396      
846             10.763000       194.560418      10.856860       0.020110        17.920506      
847             10.763000       194.776873      10.856754       0.020111        17.940617      
848             10.763000       195.002896      10.856645       0.021000        17.961617      
849             10.763000       195.219329      10.856540       0.020109        17.981726      
850             10.763000       195.435622      10.856436       0.020096        18.001822      
851             10.763000       195.651948      10.856331       0.020099        18.021921      
852             10.763000       195.868284      10.856227       0.020100        18.042021      
853             10.763000       196.084728      10.856124       0.020110        18.062131      
854             10.763000       196.303227      10.856019       0.020301        18.082432      
855             10.763000       196.519585      10.855916       0.020102        18.102534      
856             10.763000       196.863022      10.855752       0.031909        18.134443      
857             10.763000       197.171974      10.855606       0.028705        18.163148      
858             10.763000       197.435323      10.855481       0.024468        18.187616      
859             10.763000       197.651713      10.855379       0.020105        18.207721      
860             10.763000       197.867995      10.855277       0.020095        18.227816      
861             10.763000       198.084246      10.855176       0.020092        18.247908      
862             10.763000       198.300431      10.855074       0.020086        18.267994      
863             10.763000       198.527940      10.854968       0.021138        18.289132      
864             10.763000       198.753780      10.854862       0.020983        18.310115      
865             10.763000       198.971472      10.854761       0.020226        18.330341      
866             10.763000       199.188508      10.854660       0.020165        18.350506      
867             10.763000       199.405027      10.854560       0.020117        18.370623      
868             10.763000       199.621826      10.854460       0.020143        18.390766      
869             10.763000       199.838798      10.854359       0.020159        18.410925      
870             10.763000       200.055694      10.854260       0.020152        18.431077      
871             10.763000       200.272041      10.854160       0.020101        18.451178      
872             10.763000       200.488646      10.854061       0.020125        18.471303      
873             10.763000       200.705219      10.853962       0.020122        18.491425      
874             10.763000       200.923471      10.853862       0.020278        18.511703      
875             10.763000       201.139765      10.853764       0.020096        18.531799      
876             10.763000       201.356036      10.853665       0.020094        18.551893      
877             10.763000       201.572383      10.853567       0.020101        18.571994      
878             10.763000       201.789408      10.853469       0.020164        18.592158      
879             10.763000       202.007607      10.853370       0.020273        18.612431      
880             10.763000       202.225148      10.853272       0.020212        18.632643      
881             10.763000       202.461708      10.853166       0.021979        18.654622      
882             10.763000       202.680865      10.853068       0.020362        18.674984      
883             10.763000       202.899397      10.852970       0.020304        18.695288      
884             10.763000       203.118693      10.852872       0.020375        18.715663      
885             10.763000       203.335686      10.852775       0.020161        18.735824      
886             10.763000       203.570437      10.852671       0.021811        18.757635      
887             10.763000       203.787753      10.852574       0.020191        18.777826      
888             10.763000       204.004337      10.852478       0.020123        18.797949      
889             10.763000       204.222008      10.852382       0.020224        18.818173      
890             10.763000       204.485174      10.852266       0.024451        18.842624      
891             10.763000       204.703383      10.852170       0.020274        18.862898      
892             10.763000       204.921043      10.852075       0.020223        18.883121      
893             10.763000       205.137896      10.851980       0.020148        18.903269      
894             10.796000       205.355090      10.851920       0.020118        18.923387      
895             10.796000       205.572252      10.851861       0.020115        18.943502      
896             10.796000       205.789435      10.851802       0.020117        18.963619      
897             10.796000       206.037710      10.851734       0.022997        18.986616      
898             10.796000       206.254732      10.851675       0.020102        19.006718      
899             10.796000       206.471710      10.851616       0.020098        19.026816      
900             10.796000       206.688720      10.851558       0.020101        19.046917      
901             10.796000       206.905860      10.851499       0.020113        19.067030      
902             10.796000       207.122827      10.851441       0.020097        19.087127      
903             10.796000       207.373068      10.851373       0.023179        19.110306      
904             10.856000       207.789059      10.851383       0.038319        19.148625      
905             10.856000       208.019510      10.851388       0.021228        19.169853      
906             10.856000       208.239908      10.851393       0.020302        19.190155      
907             10.861000       208.458236      10.851403       0.020102        19.210257      
908             10.861000       208.676542      10.851413       0.020100        19.230357      
909             10.861000       208.894848      10.851423       0.020100        19.250457      
910             10.861000       209.113144      10.851433       0.020099        19.270556      
911             10.861000       209.427776      10.851447       0.028969        19.299525      
912             10.867000       209.669088      10.851465       0.022206        19.321731      
913             10.867000       209.888493      10.851481       0.020190        19.341921      
914             10.867000       210.107757      10.851497       0.020177        19.362098      
915             10.867000       210.327064      10.851514       0.020181        19.382279      
916             10.867000       210.546403      10.851530       0.020184        19.402463      
917             10.872000       210.765528      10.851551       0.020155        19.422618      
918             10.872000       210.984186      10.851572       0.020112        19.442730      
919             10.872000       211.203159      10.851593       0.020141        19.462871      
920             10.872000       211.421991      10.851614       0.020128        19.482999      
921             10.872000       211.640746      10.851635       0.020121        19.503120      
922             10.879000       211.859457      10.851664       0.020104        19.523224      
923             10.879000       212.078147      10.851692       0.020102        19.543326      
924             10.879000       212.296815      10.851720       0.020100        19.563426      
925             10.879000       212.515624      10.851748       0.020113        19.583539      
926             10.885000       212.748825      10.851784       0.021424        19.604963      
927             10.885000       212.970313      10.851818       0.020348        19.625311      
928             10.885000       213.213168      10.851856       0.022311        19.647622      
929             10.885000       213.434155      10.851890       0.020302        19.667924      
930             10.885000       213.670338      10.851927       0.021698        19.689622      
931             10.887000       213.892226      10.851963       0.020381        19.710003      
932             10.887000       214.113918      10.851999       0.020363        19.730366      
933             10.887000       214.336579      10.852036       0.020452        19.750818      
934             10.887000       214.556246      10.852071       0.020177        19.770995      
935             10.887000       214.802673      10.852111       0.022635        19.793630      
936             10.891000       215.025154      10.852151       0.020428        19.814058      
937             10.891000       215.245348      10.852191       0.020218        19.834276      
938             10.891000       215.471282      10.852231       0.020745        19.855021      
939             10.891000       215.697042      10.852272       0.020729        19.875750      
940             10.891000       215.922594      10.852312       0.020710        19.896460      
941             10.888000       216.141933      10.852348       0.020145        19.916605      
942             10.888000       216.361163      10.852384       0.020135        19.936740      
943             10.888000       216.581155      10.852420       0.020205        19.956945      
944             10.888000       216.806221      10.852457       0.020671        19.977616      
945             10.888000       217.025135      10.852493       0.020106        19.997722      
946             10.899000       217.244292      10.852540       0.020108        20.017830      
947             10.899000       217.463438      10.852586       0.020107        20.037937      
948             10.899000       217.682748      10.852633       0.020122        20.058059      
949             10.899000       217.902058      10.852679       0.020122        20.078181      
950             10.899000       218.121237      10.852726       0.020110        20.098291      
951             10.895000       218.488311      10.852796       0.033692        20.131983      
952             10.895000       218.798840      10.852856       0.028502        20.160485      
953             10.895000       219.061747      10.852906       0.024131        20.184616      
954             10.895000       219.280759      10.852948       0.020102        20.204718      
955             10.895000       219.499814      10.852990       0.020106        20.224824      
956             10.895000       219.718825      10.853032       0.020102        20.244926      
957             10.895000       219.937793      10.853073       0.020098        20.265024      
958             10.895000       220.156760      10.853115       0.020098        20.285122      
959             10.895000       220.391123      10.853159       0.021511        20.306633      
960             10.895000       220.612171      10.853201       0.020289        20.326922      
961             10.895000       220.832065      10.853243       0.020183        20.347105      
962             10.895000       221.051817      10.853284       0.020170        20.367275      
963             10.895000       221.271657      10.853325       0.020178        20.387453      
964             10.895000       221.491387      10.853366       0.020168        20.407621      
965             10.895000       221.711139      10.853407       0.020170        20.427791      
966             10.895000       221.930129      10.853448       0.020100        20.447891      
967             10.895000       222.149554      10.853489       0.020140        20.468031      
968             10.895000       222.368968      10.853530       0.020139        20.488170      
969             10.895000       222.589952      10.853571       0.020283        20.508453      
970             10.895000       222.808930      10.853612       0.020099        20.528552      
971             10.895000       223.027527      10.853652       0.020064        20.548616      
972             10.895000       223.246495      10.853692       0.020098        20.568714      
973             10.895000       223.466062      10.853733       0.020153        20.588867      
974             10.895000       223.687035      10.853773       0.020282        20.609149      
975             10.895000       223.942784      10.853820       0.023474        20.632623      
976             10.895000       224.162721      10.853861       0.020187        20.652810      
977             10.895000       224.381983      10.853901       0.020125        20.672935      
978             10.895000       224.601702      10.853941       0.020167        20.693102      
979             10.895000       224.821226      10.853981       0.020149        20.713251      
980             10.895000       225.040782      10.854021       0.020152        20.733403      
981             10.895000       225.260294      10.854060       0.020148        20.753551      
982             10.895000       225.481234      10.854100       0.020279        20.773830      
983             10.895000       225.700561      10.854140       0.020131        20.793961      
984             10.895000       225.922612      10.854180       0.020381        20.814342      
985             10.895000       226.143563      10.854220       0.020280        20.834622      
986             10.895000       226.364176      10.854259       0.020249        20.854871      
987             10.895000       226.589016      10.854299       0.020637        20.875508      
988             10.895000       226.811100      10.854339       0.020384        20.895892      
989             10.895000       227.030318      10.854378       0.020121        20.916013      
990             10.895000       227.249601      10.854417       0.020127        20.936140      
991             10.895000       227.468929      10.854456       0.020131        20.956271      
992             10.895000       227.687439      10.854495       0.020056        20.976327      
