#timestep       power           acc-energy      avg-power       dt              acc-time       
1               10.352000       0.207682        10.352000       0.020062        0.020062       
2               10.352000       0.441782        10.352000       0.022614        0.042676       
3               10.352000       0.650872        10.352000       0.020198        0.062874       
4               10.352000       0.859858        10.352000       0.020188        0.083062       
5               10.352000       1.068885        10.352000       0.020192        0.103254       
6               10.352000       1.277944        10.352000       0.020195        0.123449       
7               10.352000       1.486754        10.352000       0.020171        0.143620       
8               10.352000       1.925141        10.352000       0.042348        0.185968       
9               10.352000       2.211984        10.352000       0.027709        0.213677       
10              10.352000       2.420443        10.352000       0.020137        0.233814       
11              10.352000       2.628839        10.352000       0.020131        0.253945       
12              10.352000       2.837276        10.352000       0.020135        0.274080       
13              10.352000       3.045610        10.352000       0.020125        0.294205       
14              10.352000       3.254048        10.352000       0.020135        0.314340       
15              10.352000       3.521191        10.352000       0.025806        0.340146       
16              10.352000       3.754484        10.352000       0.022536        0.362682       
17              10.352000       3.964837        10.352000       0.020320        0.383002       
18              10.352000       4.175210        10.352000       0.020322        0.403324       
19              10.352000       4.385677        10.352000       0.020331        0.423655       
20              10.352000       4.595957        10.352000       0.020313        0.443968       
21              10.352000       4.805046        10.352000       0.020198        0.464166       
22              10.352000       5.048557        10.352000       0.023523        0.487689       
23              10.352000       5.269748        10.352000       0.021367        0.509056       
24              10.352000       5.482657        10.352000       0.020567        0.529623       
25              10.352000       5.691260        10.352000       0.020151        0.549774       
26              10.428000       5.901531        10.354689       0.020164        0.569938       
27              10.428000       6.112427        10.357201       0.020224        0.590162       
28              10.428000       6.325940        10.359575       0.020475        0.610637       
29              10.428000       6.538650        10.361787       0.020398        0.631035       
30              10.428000       6.751277        10.363859       0.020390        0.651425       
31              10.428000       6.964936        10.365815       0.020489        0.671914       
32              10.428000       7.212852        10.367940       0.023774        0.695688       
33              10.428000       7.425531        10.369651       0.020395        0.716083       
34              10.428000       7.639722        10.371278       0.020540        0.736623       
35              10.428000       7.852828        10.372809       0.020436        0.757059       
36              10.428000       8.063839        10.374246       0.020235        0.777294       
37              10.428000       8.275298        10.375612       0.020278        0.797572       
38              10.428000       8.490209        10.376932       0.020609        0.818181       
39              10.428000       8.703378        10.378177       0.020442        0.838623       
40              10.428000       8.917538        10.379368       0.020537        0.859160       
41              10.428000       9.142042        10.380557       0.021529        0.880689       
42              10.428000       9.355962        10.381637       0.020514        0.901203       
43              10.428000       9.566420        10.382652       0.020182        0.921385       
44              10.428000       9.788505        10.383677       0.021297        0.942682       
45              10.428000       10.000100       10.384611       0.020291        0.962973       
46              10.428000       10.211121       10.385504       0.020236        0.983209       
47              10.428000       10.421923       10.386360       0.020215        1.003424       
48              10.428000       10.632819       10.387182       0.020224        1.023648       
49              10.428000       10.843767       10.387973       0.020229        1.043877       
50              10.428000       11.054162       10.388732       0.020176        1.064053       
51              10.428000       11.342517       10.389727       0.027652        1.091705       
52              10.428000       11.666379       10.390786       0.031057        1.122762       
53              10.428000       11.915755       10.391562       0.023914        1.146676       
54              10.428000       12.125597       10.392190       0.020123        1.166799       
55              10.428000       12.336034       10.392799       0.020180        1.186979       
56              10.428000       12.548400       10.393393       0.020365        1.207344       
57              10.428000       12.758702       10.393961       0.020167        1.227511       
58              10.428000       12.973310       10.394523       0.020580        1.248091       
59              10.428000       13.187512       10.395065       0.020541        1.268632       
60              10.428000       13.402923       10.395592       0.020657        1.289289       
61              10.428000       13.615258       10.396096       0.020362        1.309651       
62              10.428000       13.827634       10.396585       0.020366        1.330017       
63              10.428000       14.039990       10.397058       0.020364        1.350381       
64              10.428000       14.251679       10.397517       0.020300        1.370681       
65              10.428000       14.462251       10.397959       0.020193        1.390874       
66              10.428000       14.675087       10.398394       0.020410        1.411284       
67              10.428000       14.908945       10.398857       0.022426        1.433710       
68              10.428000       15.124189       10.399270       0.020641        1.454351       
69              10.428000       15.334188       10.399663       0.020138        1.474489       
70              10.428000       15.544709       10.400046       0.020188        1.494677       
71              10.428000       15.760058       10.400427       0.020651        1.515328       
72              10.428000       16.003729       10.400845       0.023367        1.538695       
73              10.428000       16.216856       10.401201       0.020438        1.559133       
74              10.528000       16.431417       10.402837       0.020380        1.579513       
75              10.528000       16.646041       10.404432       0.020386        1.599899       
76              10.528000       16.860875       10.405988       0.020406        1.620305       
77              10.528000       17.073909       10.407493       0.020235        1.640540       
78              10.528000       17.288807       10.408974       0.020412        1.660952       
79              10.528000       17.500914       10.410401       0.020147        1.681099       
80              10.528000       17.713780       10.411798       0.020219        1.701318       
81              10.528000       17.938742       10.413240       0.021368        1.722686       
82              10.528000       18.154103       10.414586       0.020456        1.743142       
83              10.528000       18.366421       10.415883       0.020167        1.763309       
84              10.528000       18.580003       10.417159       0.020287        1.783596       
85              10.528000       18.797037       10.418425       0.020615        1.804211       
86              10.528000       19.010113       10.419641       0.020239        1.824450       
87              10.528000       19.233644       10.420887       0.021232        1.845682       
88              10.528000       19.446689       10.422049       0.020236        1.865918       
89              10.528000       19.659670       10.423185       0.020230        1.886148       
90              10.528000       19.872757       10.424298       0.020240        1.906388       
91              10.528000       20.085675       10.425387       0.020224        1.926612       
92              10.528000       20.298077       10.426450       0.020175        1.946787       
93              10.528000       20.511164       10.427495       0.020240        1.967027       
94              10.528000       20.950561       10.429583       0.041736        2.008763       
95              10.528000       21.164290       10.430568       0.020301        2.029064       
96              10.528000       21.376145       10.431525       0.020123        2.049187       
97              10.528000       21.587989       10.432463       0.020122        2.069309       
98              10.528000       21.799802       10.433383       0.020119        2.089428       
99              10.528000       22.011941       10.434286       0.020150        2.109578       
100             10.528000       22.228334       10.435191       0.020554        2.130132       
101             10.528000       22.449148       10.436096       0.020974        2.151106       
102             10.528000       22.665740       10.436966       0.020573        2.171679       
103             10.528000       22.878069       10.437804       0.020168        2.191847       
104             10.528000       23.090377       10.438626       0.020166        2.212013       
105             10.528000       23.302548       10.439433       0.020153        2.232166       
106             10.528000       23.550029       10.440356       0.023507        2.255673       
107             10.528000       23.761758       10.441131       0.020111        2.275784       
108             10.528000       23.973844       10.441893       0.020145        2.295929       
109             10.528000       24.186215       10.442643       0.020172        2.316101       
110             10.528000       24.397912       10.443377       0.020108        2.336209       
111             10.528000       24.609536       10.444099       0.020101        2.356310       
112             10.528000       24.821243       10.444809       0.020109        2.376419       
113             10.528000       25.034235       10.445511       0.020231        2.396650       
114             10.528000       25.247459       10.446203       0.020253        2.416903       
115             10.528000       25.461093       10.446884       0.020292        2.437195       
116             10.528000       25.672948       10.447548       0.020123        2.457318       
117             10.528000       25.887024       10.448208       0.020334        2.477652       
118             10.528000       26.100595       10.448856       0.020286        2.497938       
119             10.528000       26.350551       10.449601       0.023742        2.521680       
120             10.528000       26.563617       10.450226       0.020238        2.541918       
121             10.528000       26.775366       10.450836       0.020113        2.562031       
122             10.606000       26.988833       10.452046       0.020127        2.582158       
123             10.606000       27.205164       10.453252       0.020397        2.602555       
124             10.606000       27.420094       10.454432       0.020265        2.622820       
125             10.606000       27.647116       10.455659       0.021405        2.644225       
126             10.606000       27.863446       10.456810       0.020397        2.664622       
127             10.606000       28.081580       10.457953       0.020567        2.685189       
128             10.606000       28.294527       10.459052       0.020078        2.705267       
129             10.606000       28.532218       10.460259       0.022411        2.727678       
130             10.606000       28.745982       10.461328       0.020155        2.747833       
131             10.618000       28.959924       10.462468       0.020149        2.767982       
132             10.618000       29.173760       10.463592       0.020139        2.788121       
133             10.618000       29.387639       10.464699       0.020143        2.808264       
134             10.618000       29.601379       10.465790       0.020130        2.828394       
135             10.618000       29.816744       10.466874       0.020283        2.848677       
136             10.618000       30.252899       10.469022       0.041077        2.889754       
137             10.618000       30.469358       10.470066       0.020386        2.910140       
138             10.618000       30.682918       10.471081       0.020113        2.930253       
139             10.618000       30.896478       10.472083       0.020113        2.950366       
140             10.628000       31.110217       10.473139       0.020111        2.970477       
141             10.628000       31.324095       10.474181       0.020124        2.990601       
142             10.628000       31.542129       10.475229       0.020515        3.011116       
143             10.628000       31.761267       10.476268       0.020619        3.031735       
144             10.628000       31.994541       10.477358       0.021949        3.053684       
145             10.636000       32.210846       10.478408       0.020337        3.074021       
146             10.636000       32.426725       10.479442       0.020297        3.094318       
147             10.636000       32.642582       10.480462       0.020295        3.114613       
148             10.636000       32.862354       10.481487       0.020663        3.135276       
149             10.636000       33.077010       10.482475       0.020182        3.155458       
150             10.640000       33.334764       10.483675       0.024225        3.179683       
151             10.640000       33.550936       10.484668       0.020317        3.200000       
152             10.640000       33.765173       10.485639       0.020135        3.220135       
153             10.640000       33.979420       10.486598       0.020136        3.240271       
154             10.640000       34.194699       10.487550       0.020233        3.260504       
155             10.639000       34.413820       10.488501       0.020596        3.281100       
156             10.639000       34.631813       10.489435       0.020490        3.301590       
157             10.639000       34.848912       10.490354       0.020406        3.321996       
158             10.639000       35.065831       10.491260       0.020389        3.342385       
159             10.639000       35.282952       10.492157       0.020408        3.362793       
160             10.640000       35.499678       10.493047       0.020369        3.383162       
161             10.640000       35.714170       10.493917       0.020159        3.403321       
162             10.640000       35.930821       10.494786       0.020362        3.423683       
163             10.640000       36.145803       10.495638       0.020205        3.443888       
164             10.627000       36.360085       10.496403       0.020164        3.464052       
165             10.627000       36.595240       10.497232       0.022128        3.486180       
166             10.627000       36.834400       10.498064       0.022505        3.508685       
167             10.627000       37.049703       10.498804       0.020260        3.528945       
168             10.627000       37.265357       10.499537       0.020293        3.549238       
169             10.628000       37.480436       10.500266       0.020237        3.569475       
170             10.628000       37.694176       10.500981       0.020111        3.589586       
171             10.628000       37.908808       10.501692       0.020195        3.609781       
172             10.628000       38.123610       10.502395       0.020211        3.629992       
173             10.628000       38.337733       10.503088       0.020147        3.650139       
174             10.603000       38.551288       10.503637       0.020141        3.670280       
175             10.603000       38.764928       10.504179       0.020149        3.690429       
176             10.603000       38.979532       10.504718       0.020240        3.710669       
177             10.603000       39.212989       10.505298       0.022018        3.732687       
178             10.603000       39.526679       10.506066       0.029585        3.762272       
179             10.603000       39.860801       10.506871       0.031512        3.793784       
180             10.603000       40.077802       10.507387       0.020466        3.814250       
181             10.603000       40.291113       10.507889       0.020118        3.834368       
182             10.603000       40.504371       10.508385       0.020113        3.854481       
183             10.603000       40.717661       10.508876       0.020116        3.874597       
184             10.603000       40.930760       10.509362       0.020098        3.894695       
185             10.603000       41.147941       10.509852       0.020483        3.915178       
186             10.603000       41.375312       10.510359       0.021444        3.936622       
187             10.603000       41.619764       10.510899       0.023055        3.959677       
188             10.603000       41.833606       10.511366       0.020168        3.979845       
189             10.603000       42.047489       10.511828       0.020172        4.000017       
190             10.603000       42.261299       10.512285       0.020165        4.020182       
191             10.603000       42.475087       10.512738       0.020163        4.040345       
192             10.603000       42.688218       10.513184       0.020101        4.060446       
193             10.603000       42.902027       10.513628       0.020165        4.080611       
194             10.603000       43.116516       10.514069       0.020229        4.100840       
195             10.603000       43.329837       10.514503       0.020119        4.120959       
196             10.603000       43.543021       10.514933       0.020106        4.141065       
197             10.603000       43.756375       10.515359       0.020122        4.161187       
198             10.603000       43.971732       10.515785       0.020311        4.181498       
199             10.603000       44.185807       10.516204       0.020190        4.201688       
200             10.603000       44.400496       10.516620       0.020248        4.221936       
201             10.603000       44.615037       10.517032       0.020234        4.242170       
202             10.603000       44.829621       10.517440       0.020238        4.262408       
203             10.603000       45.043939       10.517844       0.020213        4.282621       
204             10.603000       45.257219       10.518242       0.020115        4.302736       
205             10.603000       45.470943       10.518637       0.020157        4.322893       
206             10.603000       45.684435       10.519028       0.020135        4.343028       
207             10.603000       45.900301       10.519420       0.020359        4.363387       
208             10.603000       46.116390       10.519809       0.020380        4.383767       
209             10.603000       46.337007       10.520202       0.020807        4.404574       
210             10.603000       46.582191       10.520634       0.023124        4.427698       
211             10.603000       46.801132       10.521017       0.020649        4.448347       
212             10.603000       47.019395       10.521394       0.020585        4.468932       
213             10.603000       47.232971       10.521760       0.020143        4.489075       
214             10.603000       47.446802       10.522124       0.020167        4.509242       
215             10.603000       47.674045       10.522506       0.021432        4.530674       
216             10.603000       47.887261       10.522862       0.020109        4.550783       
217             10.603000       48.100445       10.523214       0.020106        4.570889       
218             10.603000       48.313788       10.523564       0.020121        4.591010       
219             10.603000       48.542018       10.523935       0.021525        4.612535       
220             10.603000       48.819657       10.524381       0.026185        4.638720       
221             10.605000       49.238024       10.525061       0.039450        4.678170       
222             10.605000       49.453306       10.525406       0.020300        4.698470       
223             10.605000       49.666498       10.525745       0.020103        4.718573       
224             10.605000       49.879680       10.526082       0.020102        4.738675       
225             10.605000       50.092798       10.526415       0.020096        4.758771       
226             10.605000       50.305969       10.526745       0.020101        4.778872       
227             10.605000       50.521081       10.527076       0.020284        4.799156       
228             10.605000       50.736479       10.527405       0.020311        4.819467       
229             10.605000       50.951495       10.527730       0.020275        4.839742       
230             10.605000       51.165547       10.528051       0.020184        4.859926       
231             10.605000       51.379577       10.528369       0.020182        4.880108       
232             10.605000       51.593565       10.528684       0.020178        4.900286       
233             10.605000       51.807499       10.528997       0.020173        4.920459       
234             10.605000       52.020819       10.529307       0.020115        4.940574       
235             10.605000       52.234022       10.529613       0.020104        4.960678       
236             10.605000       52.447702       10.529918       0.020149        4.980827       
237             10.605000       52.662846       10.530223       0.020287        5.001114       
238             10.605000       52.876027       10.530522       0.020102        5.021216       
239             10.605000       53.089230       10.530819       0.020104        5.041320       
240             10.605000       53.302369       10.531114       0.020098        5.061418       
241             10.605000       53.517280       10.531409       0.020265        5.081683       
242             10.605000       53.732932       10.531702       0.020335        5.102018       
243             10.605000       53.952085       10.531998       0.020665        5.122683       
244             10.605000       54.185342       10.532310       0.021995        5.144678       
245             10.605000       54.401853       10.532597       0.020416        5.165094       
246             10.605000       54.617877       10.532881       0.020370        5.185464       
247             10.605000       54.833986       10.533164       0.020378        5.205842       
248             10.605000       55.048599       10.533442       0.020237        5.226079       
249             10.605000       55.266278       10.533722       0.020526        5.246605       
250             10.605000       55.511115       10.534034       0.023087        5.269692       
251             10.605000       55.727489       10.534308       0.020403        5.290095       
252             10.605000       55.944043       10.534580       0.020420        5.310515       
253             10.605000       56.160947       10.534850       0.020453        5.330968       
254             10.605000       56.378838       10.535119       0.020546        5.351514       
255             10.605000       56.592284       10.535381       0.020127        5.371641       
256             10.605000       56.807014       10.535642       0.020248        5.391889       
257             10.605000       57.038119       10.535922       0.021792        5.413681       
258             10.605000       57.252456       10.536179       0.020211        5.433892       
259             10.605000       57.483507       10.536453       0.021787        5.455679       
260             10.605000       57.697644       10.536706       0.020192        5.475871       
261             10.605000       57.911918       10.536957       0.020205        5.496076       
262             10.605000       58.125831       10.537206       0.020171        5.516247       
263             10.605000       58.503061       10.537640       0.035571        5.551818       
264             10.605000       58.734643       10.537904       0.021837        5.573655       
265             10.605000       58.948132       10.538146       0.020131        5.593786       
266             10.605000       59.201475       10.538430       0.023889        5.617675       
267             10.605000       59.414763       10.538668       0.020112        5.637787       
268             10.605000       59.627944       10.538903       0.020102        5.657889       
269             10.510000       59.839195       10.538801       0.020100        5.677989       
270             10.510000       60.051624       10.538699       0.020212        5.698201       
271             10.510000       60.265334       10.538597       0.020334        5.718535       
272             10.510000       60.479107       10.538495       0.020340        5.738875       
273             10.510000       60.691346       10.538395       0.020194        5.759069       
274             10.510000       60.903543       10.538296       0.020190        5.779259       
275             10.510000       61.115866       10.538198       0.020202        5.799461       
276             10.510000       61.328095       10.538100       0.020193        5.819654       
277             10.510000       61.539598       10.538003       0.020124        5.839778       
278             10.510000       61.751627       10.537907       0.020174        5.859952       
279             10.510000       61.964055       10.537811       0.020212        5.880164       
280             10.510000       62.175642       10.537716       0.020132        5.900296       
281             10.510000       62.387166       10.537622       0.020126        5.920422       
282             10.510000       62.598596       10.537528       0.020117        5.940539       
283             10.510000       62.811297       10.537435       0.020238        5.960777       
284             10.510000       63.023999       10.537342       0.020238        5.981015       
285             10.510000       63.237068       10.537249       0.020273        6.001288       
286             10.510000       63.450673       10.537157       0.020324        6.021612       
287             10.510000       63.663091       10.537067       0.020211        6.041823       
288             10.510000       63.875582       10.536976       0.020218        6.062041       
289             10.510000       64.088052       10.536887       0.020216        6.082257       
290             10.510000       64.300648       10.536797       0.020228        6.102485       
291             10.510000       64.533897       10.536700       0.022193        6.124678       
292             10.510000       64.745705       10.536613       0.020153        6.144831       
293             10.510000       64.959825       10.536525       0.020373        6.165204       
294             10.510000       65.172621       10.536438       0.020247        6.185451       
295             10.510000       65.384471       10.536352       0.020157        6.205608       
296             10.510000       65.616574       10.536259       0.022084        6.227692       
297             10.510000       65.832744       10.536172       0.020568        6.248260       
298             10.510000       66.044531       10.536088       0.020151        6.268411       
299             10.510000       66.278599       10.535996       0.022271        6.290682       
300             10.510000       66.491447       10.535912       0.020252        6.310934       
301             10.510000       66.705420       10.535829       0.020359        6.331293       
302             10.510000       66.930177       10.535742       0.021385        6.352678       
303             10.510000       67.142794       10.535660       0.020230        6.372908       
304             10.510000       67.354854       10.535579       0.020177        6.393085       
305             10.510000       67.571812       10.535497       0.020643        6.413728       
306             10.510000       68.007473       10.535333       0.041452        6.455180       
307             10.510000       68.254384       10.535241       0.023493        6.478673       
308             10.510000       68.465814       10.535163       0.020117        6.498790       
309             10.510000       68.677075       10.535086       0.020101        6.518891       
310             10.510000       68.888305       10.535009       0.020098        6.538989       
311             10.510000       69.099725       10.534932       0.020116        6.559105       
312             10.510000       69.313593       10.534855       0.020349        6.579454       
313             10.510000       69.529300       10.534778       0.020524        6.599978       
314             10.510000       69.744765       10.534701       0.020501        6.620479       
315             10.510000       69.967598       10.534622       0.021202        6.641681       
316             10.510000       70.181056       10.534547       0.020310        6.661991       
317             10.454000       70.393409       10.534302       0.020313        6.682304       
318             10.454000       70.637739       10.534022       0.023372        6.705676       
319             10.454000       70.848586       10.533782       0.020169        6.725845       
320             10.454000       71.061241       10.533542       0.020342        6.746187       
321             10.454000       71.273970       10.533302       0.020349        6.766536       
322             10.454000       71.484534       10.533067       0.020142        6.786678       
323             10.454000       71.695067       10.532833       0.020139        6.806817       
324             10.454000       71.923592       10.532581       0.021860        6.828677       
325             10.454000       72.135149       10.532349       0.020237        6.848914       
326             10.454000       72.347042       10.532117       0.020269        6.869183       
327             10.454000       72.558850       10.531888       0.020261        6.889444       
328             10.454000       72.791378       10.531637       0.022243        6.911687       
329             10.454000       73.004128       10.531409       0.020351        6.932038       
330             10.454000       73.215978       10.531183       0.020265        6.952303       
331             10.454000       73.426438       10.530961       0.020132        6.972435       
332             10.454000       73.637661       10.530738       0.020205        6.992640       
333             10.454000       73.848226       10.530518       0.020142        7.012782       
334             10.454000       74.061372       10.530296       0.020389        7.033171       
335             10.454000       74.274236       10.530076       0.020362        7.053533       
336             10.454000       74.485846       10.529858       0.020242        7.073775       
337             10.454000       74.697665       10.529641       0.020262        7.094037       
338             10.454000       74.912234       10.529423       0.020525        7.114562       
339             10.454000       75.123927       10.529209       0.020250        7.134812       
340             10.454000       75.352577       10.528979       0.021872        7.156684       
341             10.454000       75.563926       10.528768       0.020217        7.176901       
342             10.454000       75.777992       10.528555       0.020477        7.197378       
343             10.454000       75.989006       10.528347       0.020185        7.217563       
344             10.454000       76.200031       10.528139       0.020186        7.237749       
345             10.454000       76.411097       10.527933       0.020190        7.257939       
346             10.454000       76.639799       10.527711       0.021877        7.279816       
347             10.454000       76.951391       10.527410       0.029806        7.309622       
348             10.454000       77.235520       10.527138       0.027179        7.336801       
349             10.454000       77.449534       10.526935       0.020472        7.357273       
350             10.454000       77.659775       10.526736       0.020111        7.377384       
351             10.454000       77.870141       10.526538       0.020123        7.397507       
352             10.454000       78.080569       10.526341       0.020129        7.417636       
353             10.454000       78.291196       10.526145       0.020148        7.437784       
354             10.454000       78.520264       10.525934       0.021912        7.459696       
355             10.454000       78.734958       10.525736       0.020537        7.480233       
356             10.454000       78.990632       10.525502       0.024457        7.504690       
357             10.454000       79.203193       10.525309       0.020333        7.525023       
358             10.454000       79.415555       10.525117       0.020314        7.545337       
359             10.454000       79.627897       10.524926       0.020312        7.565649       
360             10.454000       79.839862       10.524737       0.020276        7.585925       
361             10.454000       80.050929       10.524549       0.020190        7.606115       
362             10.454000       80.263824       10.524360       0.020365        7.626480       
363             10.454000       80.476417       10.524173       0.020336        7.646816       
364             10.585000       80.691314       10.524334       0.020302        7.667118       
365             10.585000       80.906295       10.524495       0.020310        7.687428       
366             10.585000       81.120779       10.524654       0.020263        7.707691       
367             10.585000       81.336533       10.524813       0.020383        7.728074       
368             10.585000       81.552456       10.524971       0.020399        7.748473       
369             10.585000       81.770084       10.525130       0.020560        7.769033       
370             10.585000       81.999334       10.525297       0.021658        7.790691       
371             10.585000       82.216326       10.525453       0.020500        7.811191       
372             10.585000       82.463603       10.525631       0.023361        7.834552       
373             10.585000       82.697923       10.525798       0.022137        7.856689       
374             10.585000       82.912459       10.525950       0.020268        7.876957       
375             10.585000       83.125557       10.526101       0.020132        7.897089       
376             10.585000       83.341554       10.526253       0.020406        7.917495       
377             10.585000       83.556017       10.526403       0.020261        7.937756       
378             10.585000       83.769220       10.526551       0.020142        7.957898       
379             10.585000       83.982635       10.526699       0.020162        7.978060       
380             10.585000       84.197097       10.526846       0.020261        7.998321       
381             10.585000       84.410258       10.526993       0.020138        8.018459       
382             10.585000       84.623546       10.527138       0.020150        8.038609       
383             10.585000       84.878284       10.527311       0.024066        8.062675       
384             10.585000       85.091318       10.527454       0.020126        8.082801       
385             10.585000       85.305442       10.527598       0.020229        8.103030       
386             10.585000       85.518476       10.527740       0.020126        8.123156       
387             10.585000       85.731488       10.527882       0.020124        8.143280       
388             10.585000       85.986481       10.528050       0.024090        8.167370       
389             10.585000       86.381143       10.528309       0.037285        8.204655       
390             10.585000       86.594727       10.528448       0.020178        8.224833       
391             10.585000       86.807687       10.528586       0.020119        8.244952       
392             10.585000       87.020445       10.528723       0.020100        8.265052       
393             10.585000       87.234855       10.528861       0.020256        8.285308       
394             10.585000       87.482184       10.529019       0.023366        8.308674       
395             10.585000       87.695260       10.529154       0.020130        8.328804       
396             10.585000       87.912358       10.529291       0.020510        8.349314       
397             10.585000       88.129848       10.529428       0.020547        8.369861       
398             10.585000       88.344978       10.529563       0.020324        8.390185       
399             10.585000       88.559631       10.529696       0.020279        8.410464       
400             10.585000       88.774327       10.529829       0.020283        8.430747       
401             10.585000       88.988842       10.529962       0.020266        8.451013       
402             10.585000       89.202331       10.530093       0.020169        8.471182       
403             10.585000       89.417418       10.530224       0.020320        8.491502       
404             10.585000       89.632527       10.530355       0.020322        8.511824       
405             10.585000       89.848926       10.530486       0.020444        8.532268       
406             10.585000       90.061960       10.530614       0.020126        8.552394       
407             10.585000       90.275121       10.530742       0.020138        8.572532       
408             10.585000       90.520269       10.530888       0.023160        8.595692       
409             10.585000       90.737336       10.531017       0.020507        8.616199       
410             10.585000       90.957261       10.531147       0.020777        8.636976       
411             10.585000       91.176444       10.531275       0.020707        8.657683       
412             10.600000       91.409655       10.531450       0.022001        8.679684       
413             10.600000       91.626510       10.531611       0.020458        8.700142       
414             10.600000       91.865656       10.531788       0.022561        8.722703       
415             10.600000       92.082522       10.531947       0.020459        8.743162       
416             10.600000       92.296324       10.532104       0.020170        8.763332       
417             10.600000       92.515023       10.532263       0.020632        8.783964       
418             10.600000       92.755802       10.532438       0.022715        8.806679       
419             10.600000       92.970028       10.532593       0.020210        8.826889       
420             10.600000       93.184890       10.532747       0.020270        8.847159       
421             10.600000       93.423867       10.532918       0.022545        8.869704       
422             10.600000       93.643605       10.533075       0.020730        8.890434       
423             10.600000       93.890044       10.533249       0.023249        8.913683       
424             10.600000       94.105150       10.533401       0.020293        8.933976       
425             10.600000       94.319418       10.533551       0.020214        8.954190       
426             10.600000       94.557759       10.533718       0.022485        8.976675       
427             10.600000       94.771879       10.533866       0.020200        8.996875       
428             10.600000       94.985194       10.534014       0.020124        9.016999       
429             10.600000       95.219804       10.534176       0.022133        9.039132       
430             10.600000       95.511791       10.534376       0.027546        9.066678       
431             10.600000       95.806895       10.534576       0.027840        9.094518       
432             10.600000       96.023814       10.534723       0.020464        9.114982       
433             10.600000       96.237011       10.534867       0.020113        9.135095       
434             10.600000       96.450220       10.535010       0.020114        9.155209       
435             10.600000       96.663396       10.535153       0.020111        9.175320       
436             10.600000       96.911129       10.535317       0.023371        9.198691       
437             10.600000       97.128355       10.535461       0.020493        9.219184       
438             10.600000       97.345220       10.535604       0.020459        9.239643       
439             10.600000       97.560994       10.535746       0.020356        9.259999       
440             10.600000       97.776174       10.535886       0.020300        9.280299       
441             10.600000       97.991311       10.536026       0.020296        9.300595       
442             10.600000       98.206332       10.536165       0.020285        9.320880       
443             10.600000       98.420018       10.536303       0.020159        9.341039       
444             10.600000       98.634170       10.536441       0.020203        9.361242       
445             10.600000       98.849964       10.536578       0.020358        9.381600       
446             10.600000       99.064349       10.536715       0.020225        9.401825       
447             10.600000       99.278035       10.536850       0.020159        9.421984       
448             10.600000       99.491317       10.536985       0.020121        9.442105       
449             10.600000       99.704642       10.537119       0.020125        9.462230       
450             10.600000       99.920511       10.537254       0.020365        9.482595       
451             10.600000       100.154623      10.537400       0.022086        9.504681       
452             10.600000       100.409235      10.537558       0.024020        9.528701       
453             10.600000       100.642276      10.537701       0.021985        9.550686       
454             10.600000       100.859067      10.537834       0.020452        9.571138       
455             10.600000       101.075254      10.537967       0.020395        9.591533       
456             10.600000       101.291134      10.538098       0.020366        9.611899       
457             10.600000       101.504512      10.538227       0.020130        9.632029       
458             10.600000       101.718102      10.538356       0.020150        9.652179       
459             10.518000       101.979022      10.538304       0.024807        9.676986       
460             10.518000       102.194231      10.538261       0.020461        9.697447       
461             10.518000       102.407567      10.538219       0.020283        9.717730       
462             10.518000       102.638574      10.538173       0.021963        9.739693       
463             10.518000       102.855855      10.538131       0.020658        9.760351       
464             10.518000       103.067403      10.538089       0.020113        9.780464       
465             10.518000       103.279362      10.538048       0.020152        9.800616       
466             10.518000       103.521970      10.538001       0.023066        9.823682       
467             10.518000       103.734676      10.537960       0.020223        9.843905       
468             10.518000       103.947539      10.537919       0.020238        9.864143       
469             10.518000       104.160013      10.537878       0.020201        9.884344       
470             10.518000       104.372792      10.537838       0.020230        9.904574       
471             10.496000       104.608837      10.537743       0.022489        9.927063       
472             10.497000       105.003818      10.537589       0.037628        9.964691       
473             10.497000       105.217201      10.537506       0.020328        9.985019       
474             10.497000       105.433156      10.537423       0.020573        10.005592      
475             10.497000       105.643988      10.537342       0.020085        10.025677      
476             10.497000       105.855177      10.537261       0.020119        10.045796      
477             10.510000       106.066670      10.537207       0.020123        10.065919      
478             10.510000       106.278205      10.537152       0.020127        10.086046      
479             10.510000       106.495089      10.537097       0.020636        10.106682      
480             10.510000       106.715789      10.537041       0.020999        10.127681      
481             10.510000       106.929299      10.536987       0.020315        10.147996      
482             10.519000       107.178442      10.536945       0.023685        10.171681      
483             10.519000       107.392272      10.536909       0.020328        10.192009      
484             10.519000       107.606207      10.536873       0.020338        10.212347      
485             10.519000       107.820185      10.536838       0.020342        10.232689      
486             10.519000       108.062090      10.536798       0.022997        10.255686      
487             10.530000       108.276671      10.536784       0.020378        10.276064      
488             10.530000       108.492167      10.536771       0.020465        10.296529      
489             10.530000       108.704210      10.536758       0.020137        10.316666      
490             10.530000       108.916200      10.536745       0.020132        10.336798      
491             10.530000       109.128095      10.536731       0.020123        10.356921      
492             10.545000       109.342928      10.536748       0.020373        10.377294      
493             10.545000       109.558067      10.536764       0.020402        10.397696      
494             10.545000       109.774756      10.536780       0.020549        10.418245      
495             10.545000       110.032466      10.536799       0.024439        10.442684      
496             10.545000       110.247805      10.536815       0.020421        10.463105      
497             10.545000       110.475303      10.536832       0.021574        10.484679      
498             10.545000       110.689103      10.536848       0.020275        10.504954      
499             10.545000       110.902439      10.536864       0.020231        10.525185      
500             10.545000       111.114646      10.536879       0.020124        10.545309      
501             10.540000       111.328988      10.536885       0.020336        10.565645      
502             10.540000       111.569627      10.536892       0.022831        10.588476      
503             10.540000       111.792864      10.536898       0.021180        10.609656      
504             10.540000       112.046203      10.536905       0.024036        10.633692      
505             10.540000       112.260123      10.536911       0.020296        10.653988      
506             10.539000       112.471967      10.536915       0.020101        10.674089      
507             10.539000       112.683917      10.536919       0.020111        10.694200      
508             10.539000       112.895941      10.536923       0.020118        10.714318      
509             10.539000       113.107986      10.536927       0.020120        10.734438      
510             10.539000       113.320093      10.536931       0.020126        10.754564      
511             10.579000       113.532837      10.537009       0.020110        10.774674      
512             10.579000       113.750870      10.537089       0.020610        10.795284      
513             10.579000       114.011600      10.537185       0.024646        10.819930      
514             10.579000       114.402304      10.537327       0.036932        10.856862      
515             10.599000       114.617390      10.537442       0.020293        10.877155      
516             10.599000       114.830493      10.537556       0.020106        10.897261      
517             10.599000       115.043554      10.537669       0.020102        10.917363      
518             10.599000       115.256562      10.537781       0.020097        10.937460      
519             10.599000       115.469655      10.537894       0.020105        10.957565      
520             10.599000       115.685059      10.538007       0.020323        10.977888      
521             10.599000       115.900208      10.538119       0.020299        10.998187      
522             10.599000       116.115155      10.538231       0.020280        11.018467      
523             10.599000       116.329075      10.538343       0.020183        11.038650      
524             10.599000       116.542963      10.538453       0.020180        11.058830      
525             10.599000       116.756935      10.538564       0.020188        11.079018      
526             10.599000       116.970791      10.538673       0.020177        11.099195      
527             10.599000       117.184001      10.538783       0.020116        11.119311      
528             10.599000       117.397624      10.538892       0.020155        11.139466      
529             10.599000       117.611183      10.539000       0.020149        11.159615      
530             10.599000       117.826163      10.539109       0.020283        11.179898      
531             10.599000       118.039213      10.539216       0.020101        11.199999      
532             10.599000       118.252370      10.539324       0.020111        11.220110      
533             10.599000       118.467476      10.539431       0.020295        11.240405      
534             10.599000       118.724809      10.539560       0.024279        11.264684      
535             10.599000       118.938920      10.539666       0.020201        11.284885      
536             10.599000       119.153306      10.539772       0.020227        11.305112      
537             10.599000       119.367830      10.539878       0.020240        11.325352      
538             10.599000       119.582046      10.539983       0.020211        11.345563      
539             10.599000       119.795987      10.540088       0.020185        11.365748      
540             10.599000       120.009345      10.540192       0.020130        11.385878      
541             10.599000       120.222787      10.540296       0.020138        11.406016      
542             10.599000       120.438445      10.540401       0.020347        11.426363      
543             10.599000       120.653870      10.540505       0.020325        11.446688      
544             10.599000       120.868722      10.540608       0.020271        11.466959      
545             10.599000       121.120183      10.540729       0.023725        11.490684      
546             10.599000       121.334315      10.540831       0.020203        11.510887      
547             10.599000       121.549729      10.540934       0.020324        11.531211      
548             10.599000       121.762854      10.541035       0.020108        11.551319      
549             10.599000       121.989206      10.541142       0.021356        11.572675      
550             10.599000       122.202574      10.541242       0.020131        11.592806      
551             10.599000       122.415773      10.541342       0.020115        11.612921      
552             10.599000       122.667542      10.541460       0.023754        11.636675      
553             10.599000       122.880741      10.541559       0.020115        11.656790      
554             10.599000       123.093654      10.541658       0.020088        11.676878      
555             10.599000       123.332735      10.541768       0.022557        11.699435      
556             10.599000       123.716302      10.541945       0.036189        11.735624      
557             10.599000       123.931907      10.542044       0.020342        11.755966      
558             10.599000       124.145021      10.542141       0.020107        11.776073      
559             10.599000       124.358061      10.542238       0.020100        11.796173      
560             10.599000       124.571112      10.542334       0.020101        11.816274      
561             10.599000       124.784077      10.542431       0.020093        11.836367      
562             10.599000       124.997202      10.542527       0.020108        11.856475      
563             10.639000       125.213270      10.542691       0.020309        11.876784      
564             10.639000       125.429199      10.542856       0.020296        11.897080      
565             10.639000       125.643809      10.543019       0.020172        11.917252      
566             10.639000       125.934870      10.543238       0.027358        11.944610      
567             10.639000       126.149544      10.543400       0.020178        11.964788      
568             10.639000       126.403667      10.543590       0.023886        11.988674      
569             10.639000       126.617767      10.543750       0.020124        12.008798      
570             10.639000       126.832228      10.543910       0.020158        12.028956      
571             10.639000       127.046646      10.544069       0.020154        12.049110      
572             10.639000       127.262660      10.544229       0.020304        12.069414      
573             10.639000       127.476855      10.544386       0.020133        12.089547      
574             10.639000       127.714339      10.544561       0.022322        12.111869      
575             10.639000       127.929268      10.544718       0.020202        12.132071      
576             10.639000       128.145591      10.544876       0.020333        12.152404      
577             10.639000       128.360531      10.545032       0.020203        12.172607      
578             10.639000       128.575640      10.545188       0.020219        12.192826      
579             10.639000       128.791453      10.545344       0.020285        12.213111      
580             10.639000       129.005967      10.545498       0.020163        12.233274      
581             10.639000       129.220662      10.545652       0.020180        12.253454      
582             10.639000       129.434559      10.545805       0.020105        12.273559      
583             10.639000       129.648807      10.545958       0.020138        12.293697      
584             10.639000       129.864747      10.546111       0.020297        12.313994      
585             10.639000       130.079676      10.546263       0.020202        12.334196      
586             10.639000       130.295126      10.546415       0.020251        12.354447      
587             10.639000       130.515194      10.546570       0.020685        12.375132      
588             10.639000       130.755125      10.546738       0.022552        12.397684      
589             10.639000       130.971150      10.546889       0.020305        12.417989      
590             10.639000       131.184877      10.547038       0.020089        12.438078      
591             10.622000       131.435524      10.547180       0.023597        12.461675      
592             10.622000       131.649196      10.547300       0.020116        12.481791      
593             10.622000       131.862762      10.547420       0.020106        12.501897      
594             10.622000       132.076328      10.547540       0.020106        12.522003      
595             10.622000       132.289968      10.547659       0.020113        12.542116      
596             10.631000       132.503811      10.547793       0.020115        12.562231      
597             10.631000       132.717494      10.547926       0.020100        12.582331      
598             10.631000       133.116592      10.548173       0.037541        12.619872      
599             10.631000       133.331381      10.548305       0.020204        12.640076      
600             10.631000       133.547339      10.548438       0.020314        12.660390      
601             10.638000       133.761227      10.548580       0.020106        12.680496      
602             10.638000       133.975061      10.548722       0.020101        12.700597      
603             10.638000       134.188640      10.548862       0.020077        12.720674      
604             10.638000       134.402528      10.549003       0.020106        12.740780      
605             10.638000       134.618394      10.549145       0.020292        12.761072      
606             10.647000       134.834475      10.549300       0.020295        12.781367      
607             10.647000       135.049427      10.549454       0.020189        12.801556      
608             10.647000       135.264348      10.549608       0.020186        12.821742      
609             10.647000       135.479183      10.549761       0.020178        12.841920      
610             10.648000       135.694166      10.549915       0.020190        12.862110      
611             10.648000       135.908372      10.550068       0.020117        12.882227      
612             10.648000       136.147409      10.550238       0.022449        12.904676      
613             10.648000       136.361891      10.550391       0.020143        12.924819      
614             10.648000       136.576182      10.550543       0.020125        12.944944      
615             10.670000       136.790724      10.550728       0.020107        12.965051      
616             10.670000       137.005234      10.550912       0.020104        12.985155      
617             10.670000       137.219882      10.551097       0.020117        13.005272      
618             10.670000       137.436707      10.551282       0.020321        13.025593      
619             10.670000       137.653031      10.551467       0.020274        13.045867      
620             10.665000       137.868805      10.551642       0.020232        13.066099      
621             10.665000       138.084131      10.551817       0.020190        13.086289      
622             10.665000       138.299458      10.551992       0.020190        13.106479      
623             10.665000       138.514965      10.552166       0.020207        13.126686      
624             10.665000       138.730356      10.552339       0.020196        13.146882      
625             10.663000       138.945706      10.552509       0.020196        13.167078      
626             10.663000       139.160203      10.552677       0.020116        13.187194      
627             10.663000       139.376331      10.552847       0.020269        13.207463      
628             10.663000       139.593323      10.553016       0.020350        13.227813      
629             10.663000       139.838263      10.553207       0.022971        13.250784      
630             10.659000       140.082919      10.553390       0.022953        13.273737      
631             10.659000       140.304498      10.553555       0.020788        13.294525      
632             10.659000       140.521611      10.553716       0.020369        13.314894      
633             10.659000       140.764573      10.553896       0.022794        13.337688      
634             10.659000       140.980588      10.554055       0.020266        13.357954      
635             10.641000       141.195674      10.554187       0.020213        13.378167      
636             10.641000       141.413921      10.554320       0.020510        13.398677      
637             10.641000       141.628997      10.554450       0.020212        13.418889      
638             10.641000       141.844360      10.554581       0.020239        13.439128      
639             10.641000       142.121133      10.554748       0.026010        13.465138      
640             10.641000       142.468178      10.554956       0.032614        13.497752      
641             10.641000       142.768255      10.555135       0.028200        13.525952      
642             10.641000       142.983416      10.555264       0.020220        13.546172      
643             10.641000       143.197470      10.555391       0.020116        13.566288      
644             10.641000       143.411503      10.555517       0.020114        13.586402      
645             10.641000       143.625430      10.555644       0.020104        13.606506      
646             10.641000       143.839612      10.555770       0.020128        13.626634      
647             10.641000       144.057507      10.555898       0.020477        13.647111      
648             10.641000       144.275063      10.556025       0.020445        13.667556      
649             10.641000       144.521136      10.556169       0.023125        13.690681      
650             10.641000       144.736754      10.556294       0.020263        13.710944      
651             10.641000       144.952692      10.556419       0.020293        13.731237      
652             10.641000       145.191529      10.556557       0.022445        13.753682      
653             10.641000       145.427015      10.556693       0.022130        13.775812      
654             10.641000       145.644155      10.556817       0.020406        13.796218      
655             10.641000       145.860880      10.556942       0.020367        13.816585      
656             10.641000       146.077212      10.557065       0.020330        13.836915      
657             10.641000       146.291362      10.557187       0.020125        13.857040      
658             10.641000       146.505746      10.557309       0.020147        13.877187      
659             10.641000       146.723770      10.557432       0.020489        13.897676      
660             10.641000       146.979249      10.557576       0.024009        13.921685      
661             10.641000       147.196166      10.557698       0.020385        13.942070      
662             10.641000       147.413083      10.557820       0.020385        13.962455      
663             10.641000       147.629734      10.557941       0.020360        13.982815      
664             10.641000       147.846353      10.558062       0.020357        14.003172      
665             10.641000       148.061152      10.558181       0.020186        14.023358      
666             10.641000       148.277430      10.558301       0.020325        14.043683      
667             10.641000       148.492155      10.558420       0.020179        14.063862      
668             10.641000       148.709093      10.558539       0.020387        14.084249      
669             10.641000       148.923754      10.558657       0.020173        14.104422      
670             10.641000       149.140883      10.558776       0.020405        14.124827      
671             10.641000       149.357694      10.558894       0.020375        14.145202      
672             10.641000       149.581708      10.559016       0.021052        14.166254      
673             10.641000       149.796135      10.559133       0.020151        14.186405      
674             10.641000       150.010285      10.559249       0.020125        14.206530      
675             10.641000       150.224552      10.559365       0.020136        14.226666      
676             10.641000       150.448992      10.559485       0.021092        14.247758      
677             10.641000       150.692831      10.559616       0.022915        14.270673      
678             10.641000       150.906513      10.559731       0.020081        14.290754      
679             10.641000       151.120205      10.559845       0.020082        14.310836      
680             10.641000       151.333972      10.559958       0.020089        14.330925      
681             10.641000       151.547910      10.560072       0.020105        14.351030      
682             10.638000       151.831731      10.560217       0.026680        14.377710      
683             10.638000       152.143063      10.560375       0.029266        14.406976      
684             10.638000       152.384524      10.560497       0.022698        14.429674      
685             10.638000       152.598423      10.560605       0.020107        14.449781      
686             10.638000       152.812151      10.560712       0.020091        14.469872      
687             10.638000       153.025868      10.560819       0.020090        14.489962      
688             10.638000       153.239734      10.560926       0.020104        14.510066      
689             10.638000       153.454973      10.561033       0.020233        14.530299      
690             10.638000       153.670180      10.561140       0.020230        14.550529      
691             10.638000       153.895163      10.561252       0.021149        14.571678      
692             10.638000       154.111295      10.561359       0.020317        14.591995      
693             10.638000       154.327300      10.561465       0.020305        14.612300      
694             10.638000       154.565346      10.561582       0.022377        14.634677      
695             10.638000       154.782053      10.561689       0.020371        14.655048      
696             10.638000       155.033450      10.561811       0.023632        14.678680      
697             10.638000       155.249859      10.561917       0.020343        14.699023      
698             10.638000       155.466044      10.562022       0.020322        14.719345      
699             10.638000       155.680432      10.562126       0.020153        14.739498      
700             10.638000       155.894564      10.562229       0.020129        14.759627      
701             10.638000       156.109122      10.562333       0.020169        14.779796      
702             10.638000       156.352594      10.562450       0.022887        14.802683      
703             10.638000       156.571503      10.562555       0.020578        14.823261      
704             10.638000       156.810092      10.562669       0.022428        14.845689      
705             10.638000       157.026990      10.562772       0.020389        14.866078      
706             10.638000       157.243622      10.562875       0.020364        14.886442      
707             10.638000       157.459765      10.562977       0.020318        14.906760      
708             10.638000       157.677100      10.563080       0.020430        14.927190      
709             10.638000       157.893455      10.563182       0.020338        14.947528      
710             10.638000       158.107715      10.563282       0.020141        14.967669      
711             10.638000       158.323050      10.563383       0.020242        14.987911      
712             10.638000       158.575904      10.563502       0.023769        15.011680      
713             10.638000       158.791228      10.563602       0.020241        15.031921      
714             10.638000       159.033423      10.563714       0.022767        15.054688      
715             10.638000       159.250130      10.563815       0.020371        15.075059      
716             10.638000       159.464720      10.563914       0.020172        15.095231      
717             10.638000       159.692852      10.564019       0.021445        15.116676      
718             10.638000       159.907175      10.564117       0.020147        15.136823      
719             10.638000       160.121159      10.564215       0.020115        15.156938      
720             10.638000       160.335174      10.564313       0.020118        15.177056      
721             10.638000       160.549168      10.564411       0.020116        15.197172      
722             10.638000       160.763194      10.564508       0.020119        15.217291      
723             10.638000       160.977039      10.564605       0.020102        15.237393      
724             10.638000       161.318966      10.564760       0.032142        15.269535      
725             10.638000       161.607479      10.564889       0.027121        15.296656      
726             10.638000       161.863929      10.565004       0.024107        15.320763      
727             10.638000       162.077796      10.565100       0.020104        15.340867      
728             10.592000       162.290674      10.565135       0.020098        15.360965      
729             10.592000       162.503456      10.565170       0.020089        15.381054      
730             10.592000       162.716366      10.565205       0.020101        15.401155      
731             10.592000       162.931278      10.565241       0.020290        15.421445      
732             10.592000       163.145617      10.565276       0.020236        15.441681      
733             10.592000       163.358909      10.565311       0.020137        15.461818      
734             10.592000       163.572401      10.565345       0.020156        15.481974      
735             10.592000       163.785893      10.565380       0.020156        15.502130      
736             10.592000       163.999428      10.565415       0.020160        15.522290      
737             10.592000       164.213323      10.565449       0.020194        15.542484      
738             10.592000       164.437841      10.565485       0.021197        15.563681      
739             10.592000       164.651906      10.565520       0.020210        15.583891      
740             10.592000       164.867347      10.565554       0.020340        15.604231      
741             10.592000       165.080310      10.565588       0.020106        15.624337      
742             10.592000       165.293336      10.565622       0.020112        15.644449      
743             10.592000       165.506394      10.565656       0.020115        15.664564      
744             10.592000       165.731855      10.565692       0.021286        15.685850      
745             10.592000       165.959901      10.565728       0.021530        15.707380      
746             10.592000       166.185479      10.565763       0.021297        15.728677      
747             10.592000       166.399056      10.565797       0.020164        15.748841      
748             10.592000       166.612591      10.565830       0.020160        15.769001      
749             10.592000       166.825395      10.565864       0.020091        15.789092      
750             10.592000       167.038421      10.565897       0.020112        15.809204      
751             10.592000       167.251680      10.565930       0.020134        15.829338      
752             10.592000       167.467228      10.565964       0.020350        15.849688      
753             10.592000       167.681726      10.565997       0.020251        15.869939      
754             10.592000       167.895918      10.566030       0.020222        15.890161      
755             10.592000       168.145200      10.566068       0.023535        15.913696      
756             10.592000       168.360631      10.566101       0.020339        15.934035      
757             10.592000       168.592490      10.566137       0.021890        15.955925      
758             10.592000       168.805717      10.566170       0.020131        15.976056      
759             10.592000       169.034716      10.566205       0.021620        15.997676      
760             10.592000       169.247859      10.566237       0.020123        16.017799      
761             10.592000       169.460811      10.566269       0.020105        16.037904      
762             10.592000       169.673870      10.566301       0.020115        16.058019      
763             10.592000       169.886853      10.566334       0.020108        16.078127      
764             10.592000       170.099869      10.566366       0.020111        16.098238      
765             10.592000       170.313679      10.566398       0.020186        16.118424      
766             10.592000       170.617786      10.566443       0.028711        16.147135      
767             10.592000       170.863266      10.566480       0.023176        16.170311      
768             10.592000       171.078951      10.566512       0.020363        16.190674      
769             10.592000       171.292338      10.566544       0.020146        16.210820      
770             10.592000       171.519134      10.566577       0.021412        16.232232      
771             10.592000       171.732107      10.566609       0.020107        16.252339      
772             10.592000       171.946616      10.566640       0.020252        16.272591      
773             10.592000       172.180689      10.566675       0.022099        16.294690      
774             10.592000       172.424284      10.566710       0.022998        16.317688      
775             10.592000       172.637628      10.566742       0.020142        16.337830      
776             10.592000       172.851586      10.566773       0.020200        16.358030      
777             10.532000       173.063848      10.566730       0.020154        16.378184      
778             10.532000       173.290212      10.566684       0.021493        16.399677      
779             10.532000       173.502358      10.566642       0.020143        16.419820      
780             10.532000       173.732619      10.566596       0.021863        16.441683      
781             10.532000       173.947104      10.566553       0.020365        16.462048      
782             10.532000       174.161683      10.566510       0.020374        16.482422      
783             10.532000       174.377452      10.566468       0.020487        16.502909      
784             10.532000       174.589461      10.566426       0.020130        16.523039      
785             10.532000       174.801744      10.566384       0.020156        16.543195      
786             10.532000       175.059715      10.566333       0.024494        16.567689      
787             10.532000       175.276737      10.566290       0.020606        16.588295      
788             10.532000       175.512506      10.566244       0.022386        16.610681      
789             10.532000       175.727033      10.566202       0.020369        16.631050      
790             10.532000       175.941180      10.566160       0.020333        16.651383      
791             10.532000       176.153631      10.566119       0.020172        16.671555      
792             10.532000       176.367652      10.566077       0.020321        16.691876      
793             10.532000       176.581926      10.566036       0.020345        16.712221      
794             10.532000       176.796315      10.565994       0.020356        16.732577      
795             10.532000       177.009009      10.565953       0.020195        16.752772      
796             10.532000       177.250371      10.565907       0.022917        16.775689      
797             10.532000       177.465729      10.565866       0.020448        16.796137      
798             10.532000       177.678633      10.565825       0.020215        16.816352      
799             10.532000       177.892138      10.565784       0.020272        16.836624      
800             10.532000       178.108739      10.565743       0.020566        16.857190      
801             10.532000       178.321528      10.565703       0.020204        16.877394      
802             10.532000       178.535127      10.565662       0.020281        16.897675      
803             10.532000       178.746936      10.565622       0.020111        16.917786      
804             10.532000       178.958693      10.565582       0.020106        16.937892      
805             10.532000       179.170491      10.565543       0.020110        16.958002      
806             10.532000       179.398741      10.565500       0.021672        16.979674      
807             10.532000       179.610434      10.565460       0.020100        16.999774      
808             10.532000       179.822201      10.565421       0.020107        17.019881      
809             10.532000       180.203048      10.565350       0.036161        17.056042      
810             10.532000       180.424368      10.565309       0.021014        17.077056      
811             10.532000       180.636640      10.565269       0.020155        17.097211      
812             10.541000       180.848546      10.565241       0.020103        17.117314      
813             10.541000       181.060452      10.565212       0.020103        17.137417      
814             10.541000       181.272231      10.565184       0.020091        17.157508      
815             10.543000       181.484261      10.565158       0.020111        17.177619      
816             10.543000       181.698674      10.565132       0.020337        17.197956      
817             10.543000       181.912676      10.565106       0.020298        17.218254      
818             10.543000       182.125508      10.565080       0.020187        17.238441      
819             10.543000       182.338255      10.565054       0.020179        17.258620      
820             10.541000       182.550983      10.565026       0.020181        17.278801      
821             10.541000       182.763584      10.564998       0.020169        17.298970      
822             10.541000       182.975627      10.564970       0.020116        17.319086      
823             10.541000       183.187469      10.564942       0.020097        17.339183      
824             10.541000       183.400081      10.564915       0.020170        17.359353      
825             10.550000       183.612579      10.564897       0.020142        17.379495      
826             10.550000       183.824677      10.564880       0.020104        17.399599      
827             10.550000       184.036478      10.564863       0.020076        17.419675      
828             10.550000       184.248692      10.564846       0.020115        17.439790      
829             10.570000       184.480132      10.564852       0.021896        17.461686      
830             10.570000       184.694323      10.564858       0.020264        17.481950      
831             10.570000       184.907742      10.564864       0.020191        17.502141      
832             10.570000       185.121182      10.564870       0.020193        17.522334      
833             10.570000       185.334601      10.564876       0.020191        17.542525      
834             10.587000       185.548892      10.564901       0.020241        17.562766      
835             10.587000       185.763162      10.564927       0.020239        17.583005      
836             10.587000       185.976046      10.564952       0.020108        17.603113      
837             10.587000       186.189353      10.564977       0.020148        17.623261      
838             10.587000       186.405571      10.565003       0.020423        17.643684      
839             10.592000       186.628003      10.565035       0.021000        17.664684      
840             10.592000       186.842512      10.565066       0.020252        17.684936      
841             10.592000       187.055676      10.565096       0.020125        17.705061      
842             10.592000       187.269084      10.565127       0.020148        17.725209      
843             10.592000       187.496685      10.565160       0.021488        17.746697      
844             10.595000       187.709729      10.565193       0.020108        17.766805      
845             10.595000       187.922763      10.565227       0.020107        17.786912      
846             10.595000       188.136199      10.565261       0.020145        17.807057      
847             10.595000       188.349444      10.565294       0.020127        17.827184      
848             10.595000       188.562690      10.565328       0.020127        17.847311      
849             10.591000       188.776639      10.565357       0.020201        17.867512      
850             10.591000       189.011378      10.565389       0.022164        17.889676      
851             10.591000       189.224935      10.565417       0.020164        17.909840      
852             10.591000       189.660659      10.565476       0.041141        17.950981      
853             10.592000       189.877096      10.565506       0.020434        17.971415      
854             10.592000       190.090800      10.565536       0.020176        17.991591      
855             10.592000       190.303551      10.565565       0.020086        18.011677      
856             10.592000       190.516715      10.565595       0.020125        18.031802      
857             10.592000       190.729868      10.565624       0.020124        18.051926      
858             10.602000       190.943372      10.565665       0.020138        18.072064      
859             10.602000       191.160925      10.565706       0.020520        18.092584      
860             10.602000       191.379358      10.565747       0.020603        18.113187      
861             10.602000       191.595172      10.565788       0.020356        18.133543      
862             10.602000       191.810562      10.565829       0.020316        18.153859      
863             10.602000       192.025910      10.565869       0.020312        18.174171      
864             10.602000       192.241067      10.565909       0.020294        18.194465      
865             10.602000       192.455111      10.565949       0.020189        18.214654      
866             10.602000       192.699317      10.565995       0.023034        18.237688      
867             10.602000       192.915852      10.566035       0.020424        18.258112      
868             10.602000       193.132844      10.566075       0.020467        18.278579      
869             10.602000       193.345923      10.566115       0.020098        18.298677      
870             10.602000       193.559277      10.566154       0.020124        18.318801      
871             10.602000       193.772717      10.566194       0.020132        18.338933      
872             10.602000       193.991224      10.566234       0.020610        18.359543      
873             10.602000       194.236554      10.566279       0.023140        18.382683      
874             10.602000       194.452485      10.566318       0.020367        18.403050      
875             10.602000       194.671406      10.566358       0.020649        18.423699      
876             10.602000       194.889022      10.566398       0.020526        18.444225      
877             10.602000       195.105642      10.566437       0.020432        18.464657      
878             10.602000       195.381570      10.566487       0.026026        18.490683      
879             10.602000       195.596791      10.566526       0.020300        18.510983      
880             10.602000       195.812488      10.566565       0.020345        18.531328      
881             10.602000       196.032141      10.566605       0.020718        18.552046      
882             10.602000       196.248708      10.566644       0.020427        18.572473      
883             10.602000       196.484475      10.566686       0.022238        18.594711      
884             10.602000       196.704148      10.566725       0.020720        18.615431      
885             10.602000       196.922168      10.566764       0.020564        18.635995      
886             10.602000       197.135682      10.566802       0.020139        18.656134      
887             10.602000       197.349047      10.566840       0.020125        18.676259      
