1               105.976360      2.133728        105.976360      0.020134        0.020134       
2               107.680654      4.648071        106.891530      0.023350        0.043484       
3               109.297916      6.842773        107.651712      0.020080        0.063564       
4               124.527410      9.342163        111.701597      0.020071        0.083635       
5               127.419667      11.977966       114.818362      0.020686        0.104321       
6               106.286405      14.115173       113.439579      0.020108        0.124429       
7               106.866258      16.260193       112.526508      0.020072        0.144501       
8               169.370507      19.660645       119.460952      0.020077        0.164578       
9               259.388010      24.866821       134.670761      0.020071        0.184649       
10              249.666880      29.877136       145.943601      0.020068        0.204717       
11              154.309333      32.973816       146.690464      0.020068        0.224785       
12              113.384423      35.251709       143.957974      0.020090        0.244875       
13              98.568998       37.578430       139.967335      0.023605        0.268480       
14              175.598081      41.103210       142.445965      0.020073        0.288553       
15              143.457557      43.982117       142.511743      0.020068        0.308621       
16              146.593285      46.923218       142.760882      0.020063        0.328684       
17              116.949822      49.269348       141.276142      0.020061        0.348745       
18              96.660788       51.209717       138.847827      0.020074        0.368819       
19              177.738972      54.777649       140.855322      0.020074        0.388893       
20              235.146259      59.496094       145.481806      0.020066        0.408959       
21              187.787843      63.263306       147.460038      0.020061        0.429020       
22              126.808784      65.811401       146.536072      0.020094        0.449114       
23              122.610554      68.277100       145.510672      0.020110        0.469224       
24              124.855545      70.786072       144.662422      0.020095        0.489319       
25              138.875026      73.576904       144.434114      0.020096        0.509415       
26              108.623073      75.759033       143.075469      0.020089        0.529504       
27              202.242916      79.823914       145.239225      0.020099        0.549603       
28              119.932351      82.234314       144.346445      0.020098        0.569701       
29              110.317937      84.449829       143.187725      0.020083        0.589784       
30              99.162798       86.602356       141.624907      0.021707        0.611491       
31              110.783156      88.826660       140.644427      0.020078        0.631569       
32              113.330158      91.101990       139.802883      0.020077        0.651646       
33              117.817278      93.467407       139.145760      0.020077        0.671723       
34              131.375398      96.103455       138.920384      0.020065        0.691788       
35              106.496118      98.241577       138.005910      0.020077        0.711865       
36              112.939356      100.509399      137.318240      0.020080        0.731945       
37              101.766787      102.553589      136.368650      0.020087        0.752032       
38              234.986416      107.269531      138.931994      0.020069        0.772101       
39              259.382678      112.472229      141.981886      0.020058        0.792159       
40              202.303335      116.530029      143.471547      0.020058        0.812217       
41              132.905945      119.198914      143.216629      0.020081        0.832298       
42              102.883059      121.265320      142.266235      0.020085        0.852383       
43              121.003041      123.694214      141.777022      0.020073        0.872456       
44              141.711373      126.548706      141.775541      0.020143        0.892599       
45              151.616206      129.591492      141.991931      0.020069        0.912668       
46              138.189250      132.812683      141.897227      0.023310        0.935978       
47              93.498399       135.009521      140.712017      0.023496        0.959474       
48              143.229207      137.884705      140.763602      0.020074        0.979548       
49              188.355216      141.664429      141.718991      0.020067        0.999615       
50              249.705863      146.676025      143.844447      0.020070        1.019685       
51              140.557156      149.498413      143.780963      0.020080        1.039765       
52              116.506200      151.839722      143.263807      0.020096        1.059861       
53              111.632328      154.081299      142.675664      0.020080        1.079941       
54              140.179912      156.895691      142.630112      0.020077        1.100018       
55              139.470286      159.696533      142.573461      0.020082        1.120100       
56              169.380544      163.095154      143.045220      0.020065        1.140165       
57              141.533526      165.939270      143.019039      0.020095        1.160260       
58              134.027936      168.635376      142.865812      0.020116        1.180376       
59              85.708297       170.359741      141.907914      0.020119        1.200495       
60              104.773596      172.664551      141.239705      0.021998        1.222493       
61              112.609453      174.926086      140.776972      0.020083        1.242576       
62              108.035572      177.094360      140.256541      0.020070        1.262646       
63              120.977354      179.735901      139.928812      0.021835        1.284481       
64              127.229497      182.291687      139.733266      0.020088        1.304569       
65              108.115427      184.464050      139.253674      0.020093        1.324662       
66              106.839633      186.609924      138.769541      0.020085        1.344747       
67              133.684758      189.292175      138.694790      0.020064        1.364811       
68              254.523113      194.397400      140.372411      0.020058        1.384869       
69              258.293308      199.578247      142.055955      0.020058        1.404927       
70              163.743284      202.862610      142.361225      0.020058        1.424985       
71              122.289196      205.317810      142.082354      0.020077        1.445062       
72              101.667522      207.359802      141.528326      0.020085        1.465147       
73              132.450607      210.018616      141.405633      0.020074        1.485221       
74              143.673497      212.901855      141.435867      0.020068        1.505289       
75              152.148515      215.955933      141.576841      0.020073        1.525362       
76              134.265176      218.649963      141.481910      0.020065        1.545427       
77              106.208842      220.779663      141.030102      0.020052        1.565479       
78              102.403125      222.835815      140.540942      0.020079        1.585558       
79              215.793422      227.165710      141.481351      0.020065        1.605623       
80              245.181256      232.083801      142.760885      0.020059        1.625682       
81              129.680317      234.686096      142.601391      0.020067        1.645749       
82              114.213339      236.979614      142.259183      0.020081        1.665830       
83              124.882922      239.486389      142.052294      0.020073        1.685903       
84              130.388313      242.104065      141.915032      0.020076        1.705979       
85              122.450414      244.561890      141.688681      0.020072        1.726051       
86              131.571699      247.202271      141.572407      0.020068        1.746119       
87              189.152089      251.017090      142.115687      0.020168        1.766287       
88              110.538045      253.240784      141.760085      0.020117        1.786404       
89              112.445655      255.499817      141.434080      0.020090        1.806494       
90              95.385399       257.788208      140.830549      0.023991        1.830485       
91              112.818508      260.053040      140.526673      0.020075        1.850560       
92              108.601533      262.233215      140.184063      0.020075        1.870635       
93              120.802484      264.658325      139.978275      0.020075        1.890710       
94              130.199436      267.278198      139.875299      0.020122        1.910832       
95              111.150886      269.511108      139.576455      0.020089        1.930921       
96              105.002472      271.619873      139.220562      0.020083        1.951004       
97              100.635474      273.639526      138.827698      0.020069        1.971073       
98              243.121293      278.516296      139.878369      0.020059        1.991132       
99              270.168131      283.935059      141.177711      0.020057        2.011189       
100             179.395948      287.533203      141.555086      0.020057        2.031246       
101             130.234270      290.148438      141.444264      0.020081        2.051327       
102             102.587193      292.209106      141.067458      0.020087        2.071414       
103             116.605749      294.548218      140.832837      0.020060        2.091474       
104             149.835134      297.554810      140.918386      0.020066        2.111540       
105             144.068882      300.445984      140.948047      0.020068        2.131608       
106             141.288690      303.280518      140.951223      0.020062        2.151670       
107             120.279007      305.694397      140.760191      0.020069        2.171739       
108             98.727437       307.675659      140.375343      0.020068        2.191807       
109             157.568956      310.837280      140.531315      0.020065        2.211872       
110             277.272953      316.400208      141.760494      0.020063        2.231935       
111             155.366361      319.519653      141.881798      0.020078        2.252013       
112             115.232576      321.833984      141.646234      0.020084        2.272097       
113             108.950123      324.023010      141.359639      0.020092        2.292189       
114             125.290364      326.540344      141.220009      0.020092        2.312281       
115             148.339377      329.519592      141.281314      0.020084        2.332365       
116             121.246622      331.954346      141.110294      0.020081        2.352446       
117             189.589369      335.753906      141.519809      0.020041        2.372487       
118             117.825472      338.120667      141.320881      0.020087        2.392574       
119             129.584576      340.722595      141.223207      0.020079        2.412653       
120             84.968842       342.428345      140.758993      0.020075        2.432728       
121             108.765439      344.611267      140.497206      0.020070        2.452798       
122             109.919852      346.817139      140.249063      0.020068        2.472866       
123             111.801465      349.060547      140.020084      0.020066        2.492932       
124             124.428233      351.556702      139.895615      0.020061        2.512993       
125             122.930948      354.023926      139.761200      0.020070        2.533063       
126             110.738686      356.247559      139.532944      0.020080        2.553143       
127             107.527563      358.406067      139.283266      0.020074        2.573217       
128             160.441612      361.625488      139.446982      0.020066        2.593283       
129             252.925135      366.698914      140.317996      0.020059        2.613342       
130             253.346196      371.786865      141.179971      0.020083        2.633425       
131             149.728295      374.787720      141.244538      0.020042        2.653467       
132             111.140096      377.016968      141.018680      0.020058        2.673525       
133             101.511280      379.217529      140.700915      0.021678        2.695203       
134             139.123326      382.316223      140.687985      0.022273        2.717476       
135             144.594395      385.218811      140.716630      0.020074        2.737550       
136             149.106162      388.211670      140.777695      0.020072        2.757622       
137             132.688032      390.873657      140.719267      0.020062        2.777684       
138             102.215401      393.101135      140.419541      0.021792        2.799476       
139             107.310415      395.254211      140.183935      0.020064        2.819540       
140             263.184446      400.533691      141.052857      0.020060        2.839600       
141             214.979249      404.848755      141.571745      0.020072        2.859672       
142             117.236476      407.203918      141.401984      0.020089        2.879761       
143             108.445824      409.381836      141.173744      0.020083        2.899844       
144             123.464794      411.862244      141.051902      0.020090        2.919934       
145             137.531054      414.626343      141.027833      0.020098        2.940032       
146             132.539037      417.289185      140.970218      0.020091        2.960123       
147             168.241985      420.666138      141.153897      0.020072        2.980195       
148             136.681925      423.411804      141.123955      0.020088        3.000283       
149             134.151104      426.109985      141.077523      0.020113        3.020396       
150             87.022437       427.857483      140.720513      0.020081        3.040477       
151             107.905039      430.338867      140.474183      0.022996        3.063473       
152             113.320156      432.612976      140.297462      0.020068        3.083541       
153             113.493517      434.890564      140.124147      0.020068        3.103609       
154             125.115226      437.401001      140.027737      0.020065        3.123674       
155             128.341402      439.976685      139.953134      0.020069        3.143743       
156             107.958384      442.144165      139.750101      0.020077        3.163820       
157             106.432277      444.281006      139.540006      0.020077        3.183897       
158             145.056592      447.191711      139.574555      0.020066        3.203963       
159             255.936901      452.325806      140.298567      0.020060        3.224023       
160             264.415690      457.629456      141.065977      0.020058        3.244081       
161             139.933222      460.436096      141.059017      0.020057        3.264138       
162             116.165547      462.769165      140.906786      0.020084        3.284222       
163             97.784502       464.732971      140.644696      0.020083        3.304305       
164             128.890172      467.320312      140.573717      0.020074        3.324379       
165             142.731640      470.184937      140.586667      0.020070        3.344449       
166             150.229368      473.194031      140.644073      0.020030        3.364479       
167             140.173393      476.006470      140.641283      0.020064        3.384543       
168             107.837899      478.170776      140.447909      0.020070        3.404613       
169             102.424403      480.227356      140.224977      0.020079        3.424692       
170             210.063525      484.441650      140.631711      0.020062        3.444754       
171             247.099334      489.401428      141.248486      0.020072        3.464826       
172             129.678883      492.014587      141.181588      0.020151        3.484977       
173             115.596749      494.334961      141.035067      0.020073        3.505050       
174             120.208921      496.794556      140.914198      0.020461        3.525511       
175             123.357116      499.275391      140.814613      0.020111        3.545622       
176             137.152735      502.028320      140.794000      0.020072        3.565694       
177             120.784242      504.453064      140.681975      0.020075        3.585769       
178             185.978961      508.194031      140.934659      0.020115        3.605884       
179             113.255135      510.470459      140.781222      0.020100        3.625984       
180             118.725879      512.856018      140.659678      0.020093        3.646077       
181             94.363601       514.876343      140.389412      0.021410        3.667487       
182             106.587319      517.016296      140.205376      0.020077        3.687564       
183             111.767571      519.260254      140.051384      0.020077        3.707641       
184             117.231900      521.613098      139.928524      0.020070        3.727711       
185             128.155269      524.184021      139.865504      0.020061        3.747772       
186             112.563591      526.443848      139.720033      0.020076        3.767848       
187             106.408736      528.580322      139.543466      0.020078        3.787926       
188             102.212537      530.633057      139.346587      0.020083        3.808009       
189             223.242007      535.112854      139.786372      0.020067        3.828076       
190             256.074414      540.249451      140.392541      0.020059        3.848135       
191             208.064852      544.422607      140.743429      0.020057        3.868192       
192             137.924744      547.192688      140.728870      0.020084        3.888276       
193             110.733736      549.416443      140.574748      0.020082        3.908358       
194             108.119072      551.586609      140.408919      0.020072        3.928430       
195             141.834889      554.430115      140.416159      0.020048        3.948478       
196             148.339454      557.407288      140.456229      0.020070        3.968548       
197             142.246017      560.261169      140.465232      0.020063        3.988611       
198             117.867284      562.626648      140.352098      0.020069        4.008680       
199             121.474343      565.065002      140.258041      0.020073        4.028753       
200             124.825424      567.570374      140.181538      0.020071        4.048824       
201             254.560594      572.677368      140.745494      0.020062        4.068886       
202             192.543236      576.539978      140.999621      0.020061        4.088947       
203             112.862619      578.806824      140.862087      0.020085        4.109032       
204             117.743216      581.171814      140.749626      0.020086        4.129118       
205             133.693307      583.857178      140.715467      0.020086        4.149204       
206             139.082252      586.651062      140.707598      0.020088        4.169292       
207             118.165011      589.024170      140.599533      0.020083        4.189375       
208             182.981031      592.703918      140.802003      0.020110        4.209485       
209             115.811932      595.031738      140.683244      0.020100        4.229585       
210             129.321503      597.630066      140.629527      0.020092        4.249677       
211             82.550408       599.348022      140.346495      0.020811        4.270488       
212             107.506141      601.506531      140.192816      0.020078        4.290566       
213             110.508042      603.743103      140.053448      0.020239        4.310805       
214             110.477238      606.249390      139.898615      0.022686        4.333491       
215             124.795961      608.767273      139.828626      0.020176        4.353667       
216             116.479144      611.108154      139.721337      0.020097        4.373764       
217             111.979223      613.360168      139.594360      0.020111        4.393875       
218             95.864321       615.464294      139.376998      0.021949        4.415824       
219             214.844422      620.145325      139.747532      0.021788        4.437612       
220             258.268260      625.325928      140.280861      0.020059        4.457671       
221             211.871751      629.575439      140.601537      0.020057        4.477728       
222             138.722893      632.362244      140.593146      0.020089        4.497817       
223             103.552254      634.442505      140.428443      0.020089        4.517906       
224             120.522771      636.862000      140.340385      0.020075        4.537981       
225             141.440278      639.700989      140.345228      0.020072        4.558053       
226             143.628406      642.584473      140.359626      0.020076        4.578129       
227             144.119997      645.475952      140.376033      0.020063        4.598192       
228             128.869566      648.062622      140.326023      0.020072        4.618264       
229             97.063528       650.011658      140.138734      0.020080        4.638344       
230             138.011832      652.781555      140.129571      0.020070        4.658414       
231             268.815189      658.172913      140.681230      0.020056        4.678470       
232             180.111200      661.796570      140.850066      0.020119        4.698589       
233             105.002009      663.903015      140.697660      0.020061        4.718650       
234             128.905715      666.490540      140.647710      0.020073        4.738723       
235             140.214585      669.305908      140.645883      0.020079        4.758802       
236             129.977098      671.915588      140.601059      0.020078        4.778880       
237             109.638351      674.117126      140.471504      0.020080        4.798960       
238             199.684306      678.128784      140.718354      0.020090        4.819050       
239             122.437702      680.590027      140.642416      0.020102        4.839152       
240             126.798944      683.139954      140.585125      0.020110        4.859262       
241             79.261101       684.729614      140.333058      0.020056        4.879318       
242             106.256976      686.861023      140.193544      0.020059        4.899377       
243             112.680522      689.122070      140.081320      0.020066        4.919443       
244             107.972154      691.285400      139.951076      0.020036        4.939479       
245             121.580547      693.724792      139.876757      0.020064        4.959543       
246             132.727679      696.389832      139.847931      0.020079        4.979622       
247             107.607898      698.550598      139.718447      0.020080        4.999702       
248             107.855522      700.716553      139.590977      0.020082        5.019784       
249             135.940279      703.443787      139.576445      0.020062        5.039846       
250             260.948951      708.678162      140.057602      0.020059        5.059905       
251             260.645495      713.906189      140.533738      0.020058        5.079963       
252             154.797060      717.011108      140.589835      0.020058        5.100021       
253             121.690268      719.454041      140.515733      0.020075        5.120096       
254             98.643874       721.435303      140.352120      0.020085        5.140181       
255             130.612863      724.057617      140.314228      0.020077        5.160258       
256             150.617641      727.081116      140.354154      0.020074        5.180332       
257             143.832100      729.968689      140.367581      0.020076        5.200408       
258             135.665248      732.708313      140.349391      0.020194        5.220602       
259             109.189912      734.899536      140.230073      0.020068        5.240670       
260             101.970406      736.947510      140.084009      0.020084        5.260754       
261             207.845012      741.117920      140.341474      0.020065        5.280819       
262             247.371397      746.085632      140.746947      0.020082        5.300901       
263             139.238159      748.883484      140.741249      0.020094        5.320995       
264             117.290268      751.240784      140.653006      0.020098        5.341093       
265             118.793420      753.630432      140.570985      0.020116        5.361209       
266             126.079877      756.167664      140.516795      0.020124        5.381333       
267             139.766285      758.975708      140.514003      0.020091        5.401424       
268             133.113437      761.647827      140.486601      0.020074        5.421498       
269             174.713362      765.167603      140.613315      0.020146        5.441644       
270             117.248839      767.757629      140.518852      0.022090        5.463734       
271             111.415069      769.995178      140.412267      0.020083        5.483817       
272             102.581026      772.424194      140.249615      0.023679        5.507496       
273             111.101183      774.655884      140.143691      0.020087        5.527583       
274             108.603859      776.836975      140.029514      0.020083        5.547666       
275             120.382831      779.253540      139.958680      0.020074        5.567740       
276             128.239163      781.829224      139.916555      0.020085        5.587825       
277             106.583010      783.971436      139.797086      0.020099        5.607924       
278             109.074869      786.163513      139.687381      0.020097        5.628021       
279             114.091085      788.452637      139.596454      0.020064        5.648085       
280             249.636163      793.459839      139.985854      0.020058        5.668143       
281             258.881329      798.652222      140.405088      0.020057        5.688200       
282             182.070820      802.304016      140.551488      0.020057        5.708257       
283             125.073586      804.815369      140.497235      0.020079        5.728336       
284             108.085369      806.985291      140.384038      0.020076        5.748412       
285             127.175337      809.536682      140.338100      0.020062        5.768474       
286             145.291234      812.451660      140.355268      0.020063        5.788537       
287             145.891730      815.378540      140.374390      0.020062        5.808599       
288             138.896056      818.164795      140.369302      0.020060        5.828659       
289             113.508779      820.441895      140.277171      0.020061        5.848720       
290             103.807202      822.525513      140.152439      0.020072        5.868792       
291             194.217980      826.422302      140.336646      0.020064        5.888856       
292             257.762479      831.593018      140.735292      0.020060        5.908916       
293             133.701994      834.276550      140.711482      0.020071        5.928987       
294             119.712523      836.681335      140.640576      0.020088        5.949075       
295             112.894696      838.950745      140.547138      0.020102        5.969177       
296             136.065635      841.685120      140.532101      0.020096        5.989273       
297             137.016643      844.435181      140.520360      0.020071        6.009344       
298             136.861647      847.182678      140.508178      0.020075        6.029419       
299             188.906042      850.977234      140.668880      0.020087        6.049506       
300             112.689329      853.259644      140.575516      0.020254        6.069760       
301             127.378775      855.816772      140.532013      0.020075        6.089835       
302             96.257898       857.998169      140.367867      0.022662        6.112497       
303             107.737687      860.474304      140.245638      0.022983        6.135480       
304             105.854712      862.597961      140.133551      0.020062        6.155542       
305             117.288013      864.951111      140.059332      0.020063        6.175605       
306             133.782686      867.635193      140.039007      0.020063        6.195668       
307             109.053696      869.823792      139.938963      0.020069        6.215737       
308             106.715767      871.966431      139.831992      0.020078        6.235815       
309             102.231986      874.018738      139.711334      0.020075        6.255890       
310             231.678077      878.667358      140.005363      0.020065        6.275955       
311             256.485805      883.811951      140.376449      0.020058        6.296013       
312             205.461900      887.933105      140.583142      0.020058        6.316071       
313             132.047330      890.585144      140.556086      0.020084        6.336155       
314             103.060607      892.656250      140.437539      0.020096        6.356251       
315             115.512264      894.975159      140.359066      0.020075        6.376326       
316             142.109211      897.827148      140.364557      0.020069        6.396395       
317             149.689200      900.832458      140.393733      0.020077        6.416472       
318             139.989979      903.641357      140.392475      0.020065        6.436537       
319             118.661054      906.022766      140.324927      0.020069        6.456606       
320             102.001960      908.070251      140.206154      0.020073        6.476679       
321             148.496777      911.049988      140.231760      0.020066        6.496745       
322             268.649608      916.439636      140.627095      0.020062        6.516807       
323             168.702412      919.826843      140.713328      0.020078        6.536885       
324             114.097977      922.118958      140.631785      0.020089        6.556974       
325             118.713090      924.501648      140.564896      0.020071        6.577045       
326             123.204027      926.975708      140.512051      0.020081        6.597126       
327             136.730420      929.721802      140.500574      0.020084        6.617210       
328             132.970099      932.392639      140.477785      0.020086        6.637296       
329             181.409119      936.034790      140.601224      0.020077        6.657373       
330             121.511444      938.476562      140.543775      0.020095        6.677468       
331             125.605719      940.998474      140.498994      0.020078        6.697546       
332             80.632206       942.617004      140.320105      0.020073        6.717619       
333             108.746143      944.799866      140.226040      0.020073        6.737692       
334             109.906463      947.005798      140.135989      0.020071        6.757763       
335             114.865196      949.310913      140.061166      0.020068        6.777831       
336             121.750916      951.753845      140.007121      0.020065        6.797896       
337             121.112362      954.184570      139.951500      0.020070        6.817966       
338             105.227053      956.297424      139.849537      0.020079        6.838045       
339             105.083339      958.407288      139.747754      0.020078        6.858123       
340             160.536698      961.628296      139.808397      0.020064        6.878187       
341             250.274873      966.648560      140.129615      0.020059        6.898246       
342             248.988259      971.642517      140.445210      0.020057        6.918303       
343             146.102487      974.575378      140.461577      0.020074        6.938377       
344             113.717077      976.858704      140.384405      0.020079        6.958456       
345             100.199128      978.871704      140.268718      0.020090        6.978546       
346             142.008910      981.722107      140.273709      0.020072        6.998618       
347             143.153195      984.595764      140.281945      0.020074        7.018692       
348             143.813194      987.482239      140.292014      0.020071        7.038763       
349             133.586839      990.162659      140.272954      0.020065        7.058828       
350             112.945607      992.429138      140.195488      0.020067        7.078895       
351             98.354854       994.403809      140.077156      0.020077        7.098972       
352             217.909711      998.777039      140.296571      0.020069        7.119041       
353             243.888087      1003.669434     140.587650      0.020060        7.139101       
354             129.693625      1006.272644     140.557107      0.020072        7.159173       
355             114.974120      1008.580750     140.485570      0.020075        7.179248       
356             111.539877      1010.818909     140.404893      0.020066        7.199314       
357             140.968952      1013.648438     140.406461      0.020072        7.219386       
358             139.562819      1016.448486     140.404123      0.020063        7.239449       
359             146.397348      1019.528687     140.421490      0.021040        7.260489       
360             170.020002      1022.947449     140.503237      0.020108        7.280597       
361             117.097213      1025.300049     140.438826      0.020091        7.300688       
362             119.893856      1027.704041     140.382554      0.020051        7.320739       
363             95.879043       1029.885193     140.244689      0.022749        7.343488       
364             110.210473      1032.097778     140.162804      0.020076        7.363564       
365             105.841505      1034.222229     140.069504      0.020072        7.383636       
366             119.601051      1036.622742     140.014015      0.020071        7.403707       
367             127.662388      1039.183777     139.980637      0.020061        7.423768       
368             112.555615      1041.442993     139.906687      0.020072        7.443840       
369             105.102928      1043.553040     139.813074      0.020076        7.463916       
370             104.136676      1045.644104     139.717352      0.020080        7.483996       
371             237.804722      1050.415894     139.979640      0.020066        7.504062       
372             259.410064      1055.619141     140.298020      0.020058        7.524120       
373             201.814355      1059.666931     140.461568      0.020057        7.544177       
374             129.102195      1062.259949     140.431406      0.020085        7.564262       
375             108.432665      1064.437927     140.346662      0.020086        7.584348       
376             121.726718      1066.881348     140.297512      0.020073        7.604421       
377             143.674250      1069.762878     140.306395      0.020056        7.624477       
378             144.758153      1072.668030     140.318082      0.020069        7.644546       
379             143.443568      1075.546082     140.326263      0.020064        7.664610       
380             117.943932      1077.913452     140.267802      0.020072        7.684682       
381             96.199389       1080.131714     140.135964      0.023059        7.707741       
382             195.979809      1084.390747     140.292973      0.021732        7.729473       
383             255.449177      1089.516846     140.591164      0.020067        7.749540       
384             131.254876      1092.156250     140.567000      0.020109        7.769649       
385             119.149273      1094.551270     140.511733      0.020101        7.789750       
386             111.202945      1096.794678     140.436024      0.020174        7.809924       
387             145.916917      1099.726440     140.450089      0.020092        7.830016       
388             135.355060      1102.447754     140.437040      0.020105        7.850121       
389             113.952321      1104.739563     140.369359      0.020112        7.870233       
390             199.209484      1108.749451     140.519465      0.020129        7.890362       
391             113.384820      1111.029846     140.450477      0.020112        7.910474       
392             122.790877      1113.494873     140.405774      0.020075        7.930549       
393             94.168961       1115.385315     140.289028      0.020075        7.950624       
394             108.592767      1117.564880     140.209214      0.020071        7.970695       
395             108.820179      1119.748901     140.130376      0.020070        7.990765       
396             115.505202      1122.067322     140.068675      0.020072        8.010837       
397             133.988366      1124.755798     140.053483      0.020065        8.030902       
398             113.568054      1127.036926     139.987406      0.020086        8.050988       
399             107.171680      1129.189148     139.905756      0.020082        8.071070       
400             102.301570      1131.244080     139.812400      0.020087        8.091157       
401             209.410684      1135.446533     139.984593      0.020068        8.111225       
402             258.818272      1140.638428     140.277758      0.020060        8.131285       
403             221.577275      1145.082825     140.477811      0.020058        8.151343       
404             137.253853      1147.838196     140.469891      0.020075        8.171418       
405             106.915687      1149.983887     140.387684      0.020069        8.191487       
406             114.694408      1152.286377     140.324871      0.020075        8.211562       
407             142.018032      1155.136963     140.328999      0.020072        8.231634       
408             143.392625      1158.014709     140.336450      0.020069        8.251703       
409             144.944404      1160.918091     140.347609      0.020031        8.271734       
410             123.066473      1163.594910     140.302287      0.021751        8.293485       
411             100.133665      1165.604492     140.205319      0.020069        8.313554       
412             160.286484      1168.820801     140.253671      0.020066        8.333620       
413             254.433329      1173.924988     140.527869      0.020061        8.353681       
414             178.665941      1177.513672     140.619350      0.020086        8.373767       
415             114.978574      1179.822327     140.558014      0.020079        8.393846       
416             139.194368      1182.623474     140.554753      0.020124        8.413970       
417             119.478367      1185.026184     140.504499      0.020110        8.434080       
418             145.841484      1187.955994     140.517181      0.020089        8.454169       
419             118.877284      1190.344238     140.465879      0.020090        8.474259       
420             208.154632      1194.533142     140.626240      0.020124        8.494383       
421             113.437699      1196.814941     140.562009      0.020115        8.514498       
422             124.007453      1199.299927     140.523139      0.020039        8.534537       
423             89.187219       1201.090271     140.402675      0.020074        8.554611       
424             109.675397      1203.292114     140.330733      0.020076        8.574687       
425             112.076714      1205.541382     140.264759      0.020069        8.594756       
426             119.162863      1207.932861     140.215601      0.020069        8.614825       
427             134.091790      1210.623413     140.201371      0.020065        8.634890       
428             117.487747      1212.987854     140.148556      0.020125        8.655015       
429             106.646683      1215.130066     140.070983      0.020087        8.675102       
430             105.669317      1217.253174     139.991491      0.020092        8.695194       
431             198.437237      1221.236206     140.126097      0.020072        8.715266       
432             257.449088      1226.400635     140.395520      0.020060        8.735326       
433             222.840966      1231.111938     140.594580      0.021142        8.756468       
434             143.002816      1233.984436     140.600091      0.020087        8.776555       
435             104.854138      1236.598450     140.498842      0.024930        8.801485       
436             121.039991      1239.029175     140.454545      0.020082        8.821567       
437             141.819395      1241.875916     140.457643      0.020073        8.841640       
438             148.636160      1244.859192     140.476167      0.020071        8.861711       
439             140.461761      1247.677979     140.476134      0.020068        8.881779       
440             119.232105      1250.070251     140.428252      0.020064        8.901843       
441             128.131576      1252.643005     140.400578      0.020079        8.921922       
442             159.157774      1255.838257     140.442690      0.020076        8.941998       
443             233.655909      1260.528198     140.651456      0.020072        8.962070       
444             184.281559      1264.229309     140.749013      0.020084        8.982154       
445             107.828675      1266.395264     140.675557      0.020087        9.002241       
446             127.211332      1268.947632     140.645615      0.020064        9.022305       
447             123.958374      1271.436096     140.608567      0.020075        9.042380       
448             138.694426      1274.219971     140.604328      0.020072        9.062452       
449             116.789537      1276.559265     140.551808      0.020030        9.082482       
450             192.906779      1280.439392     140.667497      0.020114        9.102596       
451             120.006468      1282.852722     140.621952      0.020110        9.122706       
452             126.068222      1285.377869     140.590067      0.020030        9.142736       
453             87.966904       1287.143188     140.474814      0.020068        9.162804       
454             105.715168      1289.307495     140.397322      0.020473        9.183277       
455             111.404063      1291.543152     140.334102      0.020068        9.203345       
456             117.900322      1293.909058     140.285293      0.020067        9.223412       
457             124.495651      1296.406067     140.251032      0.020057        9.243469       
458             116.444701      1298.748352     140.199339      0.020115        9.263584       
459             104.837035      1300.854004     140.122833      0.020085        9.283669       
460             105.758015      1302.978577     140.048632      0.020089        9.303758       
461             193.288133      1306.857483     140.163221      0.020068        9.323826       
462             254.148833      1311.955200     140.407907      0.020058        9.343884       
463             230.103574      1316.570618     140.600040      0.020058        9.363942       
464             149.868834      1319.579834     140.619872      0.020079        9.384021       
465             104.150257      1321.671692     140.541982      0.020085        9.404106       
466             107.333809      1323.825989     140.471257      0.020071        9.424177       
467             143.890305      1326.713867     140.478523      0.020070        9.444247       
468             147.073655      1329.666077     140.492510      0.020073        9.464320       
469             150.623918      1332.690002     140.513956      0.020076        9.484396       
470             129.771152      1335.295288     140.491264      0.020076        9.504472       
471             96.656872       1337.248047     140.398286      0.020203        9.524675       
472             115.647800      1339.569214     140.346240      0.020071        9.544746       
473             260.076197      1344.787903     140.597421      0.020066        9.564812       
474             207.923230      1348.962585     140.738452      0.020078        9.584890       
475             115.242692      1351.276428     140.685157      0.020078        9.604968       
476             114.289059      1353.573181     140.630045      0.020096        9.625064       
477             131.704883      1356.218079     140.611462      0.020082        9.645146       
478             137.695483      1358.982178     140.605406      0.020074        9.665220       
479             120.297961      1361.397400     140.563310      0.020077        9.685297       
480             180.767435      1365.026306     140.646469      0.020075        9.705372       
481             145.454837      1367.953003     140.656417      0.020121        9.725493       
482             108.227100      1370.129883     140.589486      0.020114        9.745607       
483             89.311365       1371.923523     140.484034      0.020083        9.765690       
484             107.771135      1374.156433     140.414777      0.020719        9.786409       
485             107.500715      1376.636475     140.337369      0.023070        9.809479       
486             111.787249      1378.879150     140.279099      0.020062        9.829541       
487             122.524054      1381.565613     140.239582      0.021926        9.851467       
488             116.651048      1383.906799     140.191624      0.020070        9.871537       
489             104.039409      1385.995911     140.118235      0.020080        9.891617       
490             106.271941      1388.129639     140.049673      0.020078        9.911695       
491             151.762022      1391.174744     140.073335      0.020065        9.931760       
492             271.153093      1396.614075     140.337554      0.020060        9.951820       
493             244.457090      1401.517395     140.546986      0.020058        9.971878       
494             142.083685      1404.367310     140.550071      0.020058        9.991936       
495             112.356575      1406.619385     140.493627      0.020044        10.011980      
496             106.769739      1408.763855     140.426109      0.020085        10.032065      
497             137.138357      1411.517456     140.419542      0.020079        10.052144      
498             141.446504      1414.356995     140.421589      0.020075        10.072219      
499             143.596932      1417.239990     140.427906      0.020077        10.092296      
500             142.066633      1420.091125     140.431158      0.020069        10.112365      
501             105.103433      1422.200867     140.361171      0.020073        10.132438      
502             108.690325      1424.379456     140.298644      0.020044        10.152482      
503             221.906759      1428.832458     140.459629      0.020067        10.172549      
504             231.911082      1433.485291     140.639641      0.020063        10.192612      
505             136.471559      1436.226868     140.631442      0.020089        10.212701      
506             117.044817      1438.578064     140.585139      0.020088        10.232789      
507             97.769925       1440.541382     140.501282      0.020081        10.252870      
508             139.461593      1443.341492     140.499250      0.020078        10.272948      
509             147.017946      1446.291260     140.511957      0.020064        10.293012      
510             117.394736      1448.928650     140.461610      0.022466        10.315478      
511             179.076966      1452.526306     140.536670      0.020090        10.335568      
512             120.772920      1454.952393     140.498332      0.020088        10.355656      
513             107.375030      1457.106873     140.434277      0.020065        10.375721      
514             104.965991      1459.390198     140.360072      0.021753        10.397474      
515             107.661684      1461.550537     140.297089      0.020066        10.417540      
516             108.004460      1463.718079     140.234998      0.020069        10.437609      
517             126.164672      1466.249573     140.208002      0.020065        10.457674      
518             127.799957      1468.815796     140.184222      0.020080        10.477754      
519             108.030160      1470.985474     140.122707      0.020084        10.497838      
520             111.795474      1473.230774     140.068616      0.020084        10.517922      
521             120.455240      1475.647949     140.031267      0.020067        10.537989      
522             252.697353      1480.716553     140.245308      0.020058        10.558047      
523             270.943152      1486.151672     140.493159      0.020060        10.578107      
524             166.408894      1489.489502     140.542207      0.020058        10.598165      
525             120.137801      1491.902710     140.503607      0.020087        10.618252      
526             104.732402      1494.006470     140.436065      0.020087        10.638339      
527             129.728959      1496.611816     140.415890      0.020083        10.658422      
528             150.950629      1499.639282     140.435677      0.020056        10.678478      
529             145.838475      1502.566406     140.445812      0.020071        10.698549      
530             139.425056      1505.363831     140.443902      0.020064        10.718613      
531             111.093292      1507.593140     140.389055      0.020067        10.738680      
532             98.496353       1509.571045     140.310863      0.020081        10.758761      
533             206.008480      1513.705017     140.433173      0.020067        10.778828      
534             254.744190      1518.815186     140.645517      0.020060        10.798888      
535             124.433023      1521.312805     140.615439      0.020072        10.818960      
536             121.994368      1523.763916     140.580921      0.020092        10.839052      
537             110.554605      1526.243103     140.518928      0.022425        10.861477      
538             140.822059      1529.069824     140.519487      0.020073        10.881550      
539             137.506273      1531.829163     140.513941      0.020067        10.901617      
540             150.443692      1534.848267     140.532186      0.020068        10.921685      
541             163.950044      1538.145630     140.575230      0.020112        10.941797      
542             116.505387      1540.489136     140.531062      0.020115        10.961912      
543             108.113686      1542.659302     140.471809      0.020073        10.981985      
544             91.799852       1544.631897     140.376761      0.021488        11.003473      
545             109.119959      1546.821716     140.319859      0.020068        11.023541      
546             112.084843      1549.070923     140.268554      0.020067        11.043608      
547             117.161955      1551.422363     140.226637      0.020070        11.063678      
548             126.970524      1553.970154     140.202639      0.020066        11.083744      
549             112.723544      1556.233643     140.152946      0.020080        11.103824      
550             106.241655      1558.367188     140.091726      0.020082        11.123906      
551             102.567991      1560.427368     140.024093      0.020086        11.143992      
552             239.052081      1565.224426     140.202092      0.020067        11.164059      
553             260.558656      1570.451233     140.417965      0.020060        11.184119      
554             197.634751      1574.415588     140.520401      0.020059        11.204178      
555             134.827101      1577.124939     140.510208      0.020095        11.224273      
556             101.637735      1579.180359     140.440297      0.020223        11.244496      
557             120.899775      1581.607422     140.405473      0.020075        11.264571      
558             143.324522      1584.484375     140.410666      0.020073        11.284644      
559             149.091655      1587.477539     140.426082      0.020076        11.304720      
560             140.313326      1590.292786     140.425882      0.020064        11.324784      
561             117.715003      1592.655090     140.385709      0.020068        11.344852      
562             101.459696      1594.691589     140.316960      0.020072        11.364924      
563             152.006980      1597.742065     140.337566      0.020068        11.384992      
564             262.559788      1603.009277     140.552550      0.020061        11.405053      
565             169.917716      1606.420715     140.604152      0.020077        11.425130      
566             111.964591      1608.671204     140.553856      0.020100        11.445230      
567             112.259571      1610.924927     140.504312      0.020076        11.465306      
568             137.705158      1613.690735     140.499417      0.020085        11.485391      
569             138.347367      1616.470825     140.495658      0.020095        11.505486      
570             119.493759      1618.871216     140.459054      0.020088        11.525574      
571             191.491190      1622.715210     140.547781      0.020074        11.545648      
572             116.362600      1625.053284     140.505765      0.020093        11.565741      
573             134.308998      1627.746582     140.495039      0.020053        11.585794      
574             82.259090       1629.397522     140.394332      0.020070        11.605864      
575             113.241959      1631.670288     140.347458      0.020070        11.625934      
576             109.987998      1633.877197     140.295152      0.020065        11.645999      
577             112.157841      1636.127869     140.246752      0.020067        11.666066      
578             128.206074      1638.700195     140.226080      0.020064        11.686130      
579             119.355409      1641.096375     140.190287      0.020076        11.706206      
580             105.515263      1643.215332     140.130903      0.020082        11.726288      
581             106.445142      1645.352112     140.073336      0.020074        11.746362      
582             159.769392      1648.558044     140.106925      0.020066        11.766428      
583             255.929812      1653.687134     140.303863      0.020041        11.786469      
584             247.265718      1658.646790     140.485580      0.020058        11.806527      
585             155.356960      1661.762939     140.510802      0.020058        11.826585      
586             109.762974      1663.966980     140.458684      0.020080        11.846665      
587             104.184998      1666.057556     140.397348      0.020066        11.866731      
588             141.826065      1669.000305     140.399841      0.020749        11.887480      
589             150.833518      1672.028137     140.417431      0.020074        11.907554      
590             142.175152      1674.882019     140.420389      0.020073        11.927627      
591             134.681812      1677.585083     140.410749      0.020070        11.947697      
592             97.462845       1679.541260     140.338721      0.020071        11.967768      
593             101.833651      1681.586487     140.274211      0.020084        11.987852      
594             241.904849      1686.440308     140.444034      0.020065        12.007917      
595             237.127363      1691.197083     140.605281      0.020060        12.027977      
596             114.228843      1693.490112     140.561333      0.020074        12.048051      
597             110.721579      1695.713623     140.511678      0.020082        12.068133      
598             128.288737      1698.296204     140.491323      0.020131        12.088264      
599             138.441346      1701.107117     140.487886      0.020304        12.108568      
600             133.889356      1703.794678     140.476965      0.020073        12.128641      
601             126.128582      1706.327087     140.453252      0.020078        12.148719      
602             173.925039      1709.829590     140.508643      0.020138        12.168857      
603             101.948941      1712.342529     140.430696      0.024649        12.193506      
604             113.032566      1714.614258     140.385611      0.020098        12.213604      
605             104.844977      1716.718811     140.327296      0.020073        12.233677      
606             107.891537      1719.177551     140.266987      0.022789        12.256466      
607             111.149769      1721.407104     140.219411      0.020059        12.276525      
608             123.594746      1723.886292     140.192292      0.020059        12.296584      
609             125.437665      1726.403198     140.168255      0.020065        12.316649      
610             107.214310      1728.555847     140.114623      0.020078        12.336727      
611             107.215211      1730.707764     140.061184      0.020071        12.356798      
612             143.677804      1733.590515     140.067047      0.020064        12.376862      
613             255.661745      1738.718323     140.254068      0.020057        12.396919      
614             269.956871      1744.133118     140.463586      0.020058        12.416977      
615             153.611889      1747.214111     140.484790      0.020057        12.437034      
616             112.902424      1749.481079     140.440331      0.020079        12.457113      
617             102.895995      1751.548157     140.379883      0.020089        12.477202      
618             133.093252      1754.219604     140.368180      0.020072        12.497274      
619             150.381453      1757.237610     140.384234      0.020069        12.517343      
620             144.413078      1760.136414     140.390684      0.020073        12.537416      
621             132.440171      1762.792236     140.377988      0.020053        12.557469      
622             104.155837      1764.882019     140.320206      0.020064        12.577533      
623             103.665248      1766.963928     140.261771      0.020083        12.597616      
624             219.808673      1771.375488     140.388300      0.020070        12.617686      
625             233.380619      1776.063171     140.536099      0.020086        12.637772      
626             121.188741      1778.496399     140.505410      0.020078        12.657850      
627             140.230287      1781.310120     140.504974      0.020065        12.677915      
628             123.752384      1784.107666     140.475156      0.022606        12.700521      
629             127.911811      1786.679077     140.455301      0.020103        12.720624      
630             137.602720      1789.441589     140.450806      0.020076        12.740700      
631             135.787034      1792.167786     140.443469      0.020077        12.760777      
632             176.462578      1795.720154     140.500202      0.020131        12.780908      
633             114.142210      1798.014526     140.458813      0.020101        12.801009      
634             104.006314      1800.102661     140.401730      0.020077        12.821086      
635             68.635232       1801.477905     140.289748      0.020037        12.841123      
