1               88.570049       2.066162        88.570049       0.023328        0.023328       
2               128.993422      4.657898        107.275402      0.020092        0.043420       
3               106.235347      6.790466        106.946582      0.020074        0.063494       
4               90.519217       8.947449        102.463827      0.023829        0.087323       
5               129.477447      11.547485       107.514481      0.020081        0.107404       
6               114.880586      13.853943       108.674570      0.020077        0.127481       
7               120.127525      16.265503       110.232745      0.020075        0.147556       
8               122.167614      18.717773       111.661905      0.020073        0.167629       
9               125.375839      21.234192       113.128353      0.020071        0.187700       
10              124.713129      23.970398       114.340765      0.021940        0.209640       
11              112.228971      26.224854       114.156104      0.020088        0.229728       
12              105.897955      28.352661       113.491905      0.020093        0.249821       
13              111.892218      30.601135       113.372810      0.020095        0.269916       
14              105.806826      32.727112       112.848608      0.020093        0.290009       
15              107.579405      34.886230       112.507556      0.020070        0.310079       
16              107.632542      37.046631       112.211173      0.020072        0.330151       
17              219.831224      41.456665       118.375912      0.020061        0.350212       
18              285.265869      47.178528       127.416555      0.020058        0.370270       
19              274.282195      52.677063       134.959694      0.020047        0.390317       
20              277.727154      58.247437       141.937444      0.020057        0.410374       
21              224.660867      62.753235       145.791964      0.020056        0.430430       
22              165.592514      66.074524       146.673542      0.020057        0.450487       
23              132.294537      68.729675       146.060255      0.020070        0.470557       
24              109.922878      70.936157       144.581777      0.020073        0.490630       
25              115.926344      73.262451       143.455809      0.020067        0.510697       
26              110.913283      75.488037       142.225508      0.020066        0.530763       
27              133.366135      78.164429       141.902741      0.020068        0.550831       
28              132.663166      80.826050       141.578033      0.020063        0.570894       
29              142.624240      83.687805       141.613556      0.020065        0.590959       
30              132.269200      86.341919       141.306688      0.020066        0.611025       
31              136.342775      89.077637       141.148864      0.020065        0.631090       
32              139.567584      91.878479       141.100131      0.020068        0.651158       
33              134.493882      94.577637       140.902611      0.020069        0.671227       
34              122.538761      97.036377       140.369593      0.020065        0.691292       
35              98.159570       99.002808       139.180835      0.020033        0.711325       
36              103.005569      101.070129      138.188160      0.020070        0.731395       
37              203.405916      105.152283      139.929900      0.020069        0.751464       
38              270.546294      110.579712      143.326155      0.020061        0.771525       
39              145.110879      113.493103      143.371420      0.020077        0.791602       
40              119.568548      115.896790      142.781909      0.020103        0.811705       
41              118.463745      118.276489      142.194620      0.020088        0.831793       
42              128.827006      120.863464      141.879508      0.020081        0.851874       
43              131.357676      123.500732      141.637239      0.020077        0.871951       
44              147.727998      126.474792      141.774692      0.020132        0.892083       
45              99.877094       128.476929      140.853902      0.020046        0.912129       
46              80.064283       130.081177      139.547223      0.020037        0.932166       
47              77.811612       131.642700      138.246167      0.020068        0.952234       
48              74.952413       133.146545      136.940059      0.020064        0.972298       
49              91.263278       135.157532      135.927835      0.022035        0.994333       
50              116.019728      137.485352      135.534068      0.020064        1.014397       
51              104.741220      139.586670      134.936880      0.020062        1.034459       
52              107.439035      141.742004      134.413766      0.020061        1.054520       
53              111.010353      143.968872      133.976877      0.020060        1.074580       
54              108.039802      146.136475      133.501493      0.020063        1.094643       
55              112.505714      148.393677      133.123601      0.020063        1.114706       
56              118.793890      150.777039      132.870248      0.020063        1.134769       
57              119.706660      153.178833      132.641545      0.020064        1.154833       
58              135.542762      155.898499      132.691092      0.020065        1.174898       
59              119.292672      158.294373      132.465905      0.020084        1.194982       
60              106.045849      160.424622      132.029119      0.020088        1.215070       
61              112.127783      162.676147      131.705580      0.020080        1.235150       
62              106.060742      164.805847      131.295338      0.020080        1.255230       
63              106.304493      166.939697      130.901987      0.020073        1.275303       
64              108.448026      169.111694      130.554811      0.020028        1.295331       
65              106.195821      171.243469      130.183076      0.020074        1.315405       
66              274.779896      176.756104      132.355276      0.020062        1.335467       
67              272.042932      182.213013      134.422366      0.020059        1.355526       
68              274.574518      187.720154      136.465887      0.020057        1.375583       
69              277.040820      193.277039      138.486214      0.020058        1.395641       
70              207.547528      197.439819      139.464645      0.020057        1.415698       
71              161.146567      200.671936      139.767534      0.020057        1.435755       
72              115.507589      202.990173      139.433087      0.020070        1.455825       
73              105.488771      205.107544      138.971449      0.020072        1.475897       
74              109.805500      207.311340      138.580156      0.020070        1.495967       
75              112.921274      209.577332      138.240522      0.020067        1.516034       
76              142.184136      212.429688      138.292025      0.020061        1.536095       
77              135.626244      215.150757      138.257656      0.020063        1.556158       
78              133.846092      217.836914      138.201486      0.020069        1.576227       
79              135.837138      220.562622      138.171766      0.020066        1.596293       
80              141.618017      223.399231      138.214473      0.020030        1.616323       
81              136.999819      226.148132      138.199579      0.020065        1.636388       
82              128.395728      229.220642      138.058277      0.023930        1.660318       
83              120.874619      231.645508      137.853132      0.020061        1.680379       
84              146.522701      234.585632      137.955437      0.020066        1.700445       
85              104.133277      236.676941      137.560645      0.020083        1.720528       
86              230.906101      241.310303      138.636754      0.020066        1.740594       
87              205.185629      245.438843      139.397258      0.020121        1.760715       
88              116.291135      247.776062      139.136485      0.020098        1.780813       
89              109.911842      249.986389      138.810149      0.020110        1.800923       
90              120.171130      252.400146      138.604557      0.020086        1.821009       
91              129.043154      254.991333      138.500275      0.020080        1.841089       
92              120.607629      257.417114      138.306919      0.020113        1.861202       
93              143.420621      260.299438      138.361546      0.020097        1.881299       
94              92.035454       262.149719      137.871729      0.020104        1.901403       
95              80.585884       263.765869      137.273815      0.020055        1.921458       
96              77.697979       265.324646      136.658209      0.020062        1.941520       
97              74.866952       266.826477      136.026304      0.020060        1.961580       
98              104.482344      269.309082      135.648779      0.023761        1.985341       
99              108.453912      271.486511      135.376521      0.020077        2.005418       
100             107.439764      273.641968      135.099812      0.020062        2.025480       
101             106.755240      275.783691      134.821818      0.020062        2.045542       
102             110.724911      278.004944      134.587791      0.020061        2.065603       
103             107.476272      280.161133      134.327005      0.020062        2.085665       
104             114.896149      282.466064      134.141890      0.020061        2.105726       
105             126.706818      285.008057      134.071721      0.020062        2.125788       
106             124.814354      287.512207      133.985168      0.020063        2.145851       
107             137.416573      290.268921      134.016950      0.020061        2.165912       
108             111.196041      292.501404      133.807354      0.020077        2.185989       
109             106.725668      294.644775      133.560816      0.020083        2.206072       
110             106.571395      296.784729      133.317370      0.020080        2.226152       
111             106.319893      298.919739      133.076016      0.020081        2.246233       
112             111.554870      301.160095      132.885306      0.020083        2.266316       
113             102.397146      303.215820      132.617600      0.020076        2.286392       
114             140.533272      306.035339      132.686456      0.020063        2.306455       
115             231.686520      310.682739      133.540026      0.020059        2.326514       
116             273.234110      316.163269      134.734101      0.020058        2.346572       
117             264.685486      321.472595      135.835538      0.020059        2.366631       
118             289.452945      327.278442      137.126556      0.020058        2.386689       
119             191.741313      331.124390      137.581719      0.020058        2.406747       
120             163.748405      334.408691      137.797981      0.020057        2.426804       
121             115.432553      336.725769      137.614506      0.020073        2.446877       
122             112.563317      338.984802      137.410710      0.020069        2.466946       
123             104.573912      341.083496      137.145733      0.020069        2.487015       
124             121.103094      343.513672      137.017326      0.020067        2.507082       
125             134.254223      346.207214      136.995390      0.020063        2.527145       
126             133.671433      348.889465      136.969205      0.020066        2.547211       
127             134.353391      351.585266      136.948761      0.020065        2.567276       
128             136.672228      354.325134      136.946618      0.020047        2.587323       
129             136.193949      357.058411      136.940825      0.020069        2.607392       
130             140.690182      359.895569      136.969600      0.020166        2.627558       
131             132.490281      362.553589      136.935659      0.020062        2.647620       
132             120.652800      364.974487      136.813187      0.020065        2.667685       
133             99.068825       366.962402      136.531398      0.020066        2.687751       
134             140.813392      369.787964      136.563130      0.020066        2.707817       
135             185.532761      373.510864      136.923345      0.020066        2.727883       
136             248.795385      378.502197      137.740092      0.020062        2.747945       
137             140.912380      381.329041      137.763083      0.020061        2.768006       
138             113.082404      383.601318      137.585208      0.020094        2.788100       
139             109.542411      385.801697      137.384617      0.020087        2.808187       
140             127.047872      388.351929      137.311255      0.020073        2.828260       
141             119.850189      390.757202      137.188226      0.020069        2.848329       
142             151.695262      393.811890      137.290067      0.020137        2.868466       
143             105.558533      395.929077      137.069733      0.020057        2.888523       
144             75.059376       397.435669      136.641804      0.020072        2.908595       
145             80.516015       399.050659      136.257405      0.020058        2.928653       
146             73.225143       400.519043      135.828748      0.020053        2.948706       
147             92.379559       402.701233      135.483444      0.023622        2.972328       
148             111.243064      404.934326      135.320831      0.020074        2.992402       
149             107.161217      407.085266      135.133205      0.020072        3.012474       
150             107.412874      409.241150      134.949737      0.020071        3.032545       
151             111.802006      411.485352      134.797525      0.020073        3.052618       
152             104.672967      413.586243      134.600750      0.020071        3.072689       
153             112.603797      415.846313      134.457997      0.020071        3.092760       
154             127.020506      418.395996      134.410036      0.020073        3.112833       
155             123.074080      420.865601      134.337430      0.020066        3.132899       
156             132.532352      423.524597      134.325944      0.020063        3.152962       
157             121.151896      425.956116      134.242616      0.020070        3.173032       
158             106.702842      428.098389      134.069457      0.020077        3.193109       
159             107.413364      430.255249      133.902876      0.020080        3.213189       
160             106.130518      432.385925      133.730432      0.020076        3.233265       
161             106.091360      434.514648      133.559967      0.020065        3.253330       
162             110.345410      436.730164      133.417577      0.020078        3.273408       
163             104.707728      438.831543      133.242632      0.020069        3.293477       
164             249.417334      443.834106      133.945843      0.020057        3.313534       
165             273.844259      449.327148      134.787645      0.020059        3.333593       
166             286.968684      455.083740      135.697921      0.020060        3.353653       
167             273.599262      460.571594      136.517797      0.020058        3.373711       
168             206.822091      464.720032      136.933313      0.020058        3.393769       
169             171.241072      468.154785      137.134889      0.020058        3.413827       
170             114.351965      470.449829      137.001730      0.020070        3.433897       
171             104.606944      472.550232      136.813409      0.020079        3.453976       
172             114.296367      474.854675      136.682733      0.020162        3.474138       
173             112.329625      477.109131      136.542853      0.020070        3.494208       
174             135.701264      479.832520      136.538047      0.020069        3.514277       
175             134.338227      482.526001      136.525568      0.020050        3.534327       
176             136.603651      485.267090      136.526009      0.020066        3.554393       
177             135.456629      487.985840      136.520004      0.020071        3.574464       
178             140.813392      490.811401      136.543971      0.020066        3.594530       
179             134.211649      493.504761      136.531022      0.020068        3.614598       
180             133.591029      496.184998      136.514794      0.020063        3.634661       
181             131.049918      498.814514      136.484791      0.020065        3.654726       
182             96.431348       500.749023      136.266136      0.020061        3.674787       
183             101.676610      502.789978      136.078222      0.020073        3.694860       
184             228.252747      508.470276      136.694892      0.024886        3.719746       
185             230.629512      513.109619      137.200148      0.020116        3.739862       
186             96.955339       515.058228      136.985028      0.020098        3.759960       
187             116.397358      517.396301      136.875626      0.020087        3.780047       
188             122.726833      519.860779      136.800860      0.020081        3.800128       
189             122.480699      522.319946      136.725597      0.020078        3.820206       
190             117.212928      524.672058      136.623635      0.020067        3.840273       
191             146.809863      527.623230      136.676678      0.020102        3.860375       
192             102.110905      529.675659      136.497635      0.020100        3.880475       
193             75.658542       531.194580      136.184498      0.020076        3.900551       
194             81.876429       532.836121      135.906780      0.020049        3.920600       
195             75.053703       534.341248      135.597098      0.020054        3.940654       
196             92.739099       536.352295      135.362546      0.021685        3.962339       
197             111.292430      538.587158      135.241175      0.020081        3.982420       
198             107.497747      540.745605      135.101996      0.020079        4.002499       
199             108.564700      542.925476      134.969533      0.020079        4.022578       
200             106.110031      545.055847      134.826209      0.020077        4.042655       
201             106.573663      547.195740      134.686578      0.020079        4.062734       
202             114.890064      549.502502      134.589225      0.020078        4.082812       
203             125.055348      552.013489      134.542567      0.020079        4.102891       
204             119.111751      554.404419      134.467441      0.020073        4.122964       
205             120.796276      556.829163      134.401204      0.020073        4.143037       
206             125.821982      559.387878      134.359299      0.020336        4.163373       
207             105.822626      561.513855      134.222259      0.020090        4.183463       
208             109.156693      563.707031      134.102452      0.020092        4.203555       
209             106.250996      565.841614      133.969975      0.020090        4.223645       
210             112.157036      568.094849      133.866711      0.020090        4.243735       
211             105.971325      570.223389      133.735302      0.020086        4.263821       
212             107.895465      572.389282      133.614218      0.020074        4.283895       
213             245.701105      577.319275      134.136766      0.020065        4.303960       
214             276.993538      582.875488      134.799474      0.020059        4.324019       
215             272.883961      588.357727      135.438067      0.020090        4.344109       
216             276.983004      593.913452      136.088617      0.020058        4.364167       
217             222.560142      598.377563      136.484228      0.020058        4.384225       
218             162.766503      601.642334      136.603923      0.020058        4.404283       
219             122.523913      604.098816      136.540119      0.020049        4.424332       
220             107.575641      606.257751      136.409327      0.020069        4.444401       
221             107.027378      608.406433      136.277202      0.020076        4.464477       
222             110.138834      610.616699      136.160235      0.020068        4.484545       
223             141.996684      613.466431      136.186237      0.020069        4.504614       
224             134.817526      616.171814      136.180167      0.020067        4.524681       
225             133.608132      618.852661      136.168811      0.020065        4.544746       
226             134.781661      621.557190      136.162714      0.020066        4.564812       
227             140.985827      624.386353      136.183824      0.020067        4.584879       
228             134.821203      627.091675      136.177886      0.020066        4.604945       
229             133.767475      629.775452      136.167430      0.020063        4.625008       
230             131.745393      632.418396      136.148332      0.020061        4.645069       
231             97.182279       634.368164      135.980753      0.020063        4.665132       
232             97.844125       636.332581      135.817331      0.020077        4.685209       
233             225.922855      640.865723      136.201574      0.020065        4.705274       
234             260.086006      646.079407      136.727123      0.020046        4.725320       
235             125.583149      648.599609      136.679995      0.020068        4.745388       
236             116.149580      650.934448      136.593393      0.020102        4.765490       
237             115.759265      653.259705      136.505944      0.020087        4.785577       
238             125.772729      655.785095      136.461098      0.020079        4.805656       
239             126.170528      658.318726      136.418277      0.020081        4.825737       
240             151.339202      661.355347      136.480060      0.020065        4.845802       
241             112.364882      663.606689      136.380761      0.020036        4.865838       
242             80.825822       665.229187      136.152511      0.020074        4.885912       
243             75.519415       666.745239      135.904404      0.020075        4.905987       
244             76.173139       668.275024      135.660887      0.020083        4.926070       
245             83.930871       670.060486      135.438454      0.021273        4.947343       
246             117.444688      672.420654      135.365659      0.020096        4.967439       
247             105.679385      674.542908      135.246129      0.020082        4.987521       
248             106.117839      676.674072      135.129310      0.020083        5.007604       
249             108.772065      678.858215      135.024042      0.020080        5.027684       
250             111.019430      681.087708      134.928542      0.020082        5.047766       
251             110.857230      683.313721      134.833166      0.020080        5.067846       
252             119.784420      685.718872      134.773778      0.020079        5.087925       
253             122.392606      688.175781      134.725121      0.020074        5.107999       
254             138.572793      690.957214      134.740181      0.020072        5.128071       
255             117.300640      693.450439      134.668195      0.021255        5.149326       
256             111.148264      695.681519      134.576866      0.020073        5.169399       
257             105.821838      697.805786      134.465636      0.020074        5.189473       
258             107.239227      699.967407      134.360292      0.020157        5.209630       
259             111.470046      702.204834      134.272437      0.020072        5.229702       
260             107.603576      704.364868      134.170461      0.020074        5.249776       
261             103.256358      706.438049      134.052680      0.020078        5.269854       
262             260.953888      711.673828      134.534000      0.020064        5.289918       
263             274.478670      717.179321      135.062630      0.020058        5.309976       
264             276.016805      722.715942      135.593095      0.020059        5.330035       
265             276.815643      728.268311      136.122552      0.020058        5.350093       
266             210.739724      732.495117      136.401240      0.020057        5.370150       
267             162.008812      735.744690      136.496530      0.020058        5.390208       
268             120.717084      738.167603      136.437992      0.020071        5.410279       
269             107.340418      740.319885      136.330552      0.020051        5.430330       
270             109.370744      742.515503      136.231253      0.020075        5.450405       
271             112.501061      744.772949      136.144209      0.020066        5.470471       
272             134.293767      747.467957      136.137446      0.020068        5.490539       
273             139.113920      750.259277      136.148284      0.020065        5.510604       
274             134.173997      752.953491      136.141116      0.020080        5.530684       
275             140.282317      755.768677      136.156088      0.020068        5.550752       
276             134.633780      758.470642      136.150604      0.020069        5.570821       
277             135.317664      761.185791      136.147614      0.020065        5.590886       
278             134.979548      763.893616      136.143438      0.020061        5.610947       
279             121.276344      766.326904      136.090465      0.020064        5.631011       
280             101.724247      768.368103      135.968436      0.020066        5.651077       
281             96.867739       770.313110      135.829998      0.020079        5.671156       
282             225.154208      774.831055      136.144936      0.020066        5.691222       
283             258.045444      780.007446      136.573093      0.020060        5.711282       
284             116.820042      782.351440      136.503939      0.020065        5.731347       
285             108.593798      784.539062      136.406182      0.020145        5.751492       
286             124.433756      787.508301      136.356715      0.023862        5.775354       
287             125.254676      790.021912      136.318272      0.020068        5.795422       
288             105.495678      792.139526      136.211883      0.020073        5.815495       
289             149.525500      795.143494      136.257718      0.020090        5.835585       
290             105.411362      797.258362      136.152030      0.020063        5.855648       
291             75.129321       798.765381      135.943705      0.020059        5.875707       
292             74.378419       800.257263      135.734254      0.020058        5.895765       
293             77.608242       801.811523      135.537477      0.020027        5.915792       
294             89.717590       803.833130      135.363613      0.022533        5.938325       
295             107.644706      805.993774      135.270237      0.020072        5.958397       
296             111.921104      808.239807      135.191861      0.020068        5.978465       
297             107.782447      810.402893      135.100158      0.020069        5.998534       
298             104.208961      812.494263      134.997152      0.020069        6.018603       
299             109.064565      814.682861      134.910976      0.020067        6.038670       
300             110.864166      816.915222      134.831058      0.020136        6.058806       
301             116.473826      819.252502      134.770459      0.020067        6.078873       
302             131.214635      821.885193      134.758761      0.020064        6.098937       
303             126.335867      824.419617      134.731147      0.020061        6.118998       
304             123.095168      826.890137      134.693106      0.020070        6.139068       
305             105.908583      829.016357      134.599282      0.020076        6.159144       
306             106.088607      831.145874      134.506665      0.020073        6.179217       
307             106.381987      833.281067      134.415608      0.020071        6.199288       
308             106.479546      835.414917      134.325592      0.020040        6.219328       
309             105.396167      837.530640      134.232518      0.020074        6.239402       
310             119.204441      839.922119      134.184352      0.020062        6.259464       
311             268.869311      845.315369      134.614583      0.020059        6.279523       
312             273.234110      850.795898      135.055950      0.020058        6.299581       
313             286.510428      856.542725      135.536654      0.020058        6.319639       
314             278.102804      862.120911      135.987715      0.020058        6.339697       
315             175.659040      865.644104      136.112828      0.020057        6.359754       
316             161.096781      868.875061      136.191369      0.020056        6.379810       
317             118.797911      871.259216      136.136826      0.020069        6.399879       
318             89.483900       873.359314      135.966370      0.023469        6.423348       
319             123.916085      875.846558      135.928832      0.020072        6.443420       
320             123.967968      878.334595      135.891692      0.020070        6.463490       
321             135.096906      881.045044      135.889233      0.020063        6.483553       
322             134.215296      883.738342      135.884068      0.020067        6.503620       
323             135.174696      886.450623      135.881886      0.020065        6.523685       
324             139.968686      889.259094      135.894417      0.020065        6.543750       
325             132.965754      891.927185      135.885464      0.020066        6.563816       
326             137.154238      894.679871      135.889332      0.020070        6.583886       
327             133.783854      897.363708      135.882936      0.020061        6.603947       
328             115.012467      899.671204      135.819723      0.020063        6.624010       
329             99.464924       901.667664      135.709894      0.020072        6.644082       
330             101.432285      903.703308      135.606667      0.020069        6.664151       
331             264.926770      909.018799      135.994847      0.020064        6.684215       
332             221.957061      913.481689      136.252658      0.020107        6.704322       
333             107.184430      915.635132      136.165808      0.020091        6.724413       
334             111.571634      917.876160      136.092564      0.020086        6.744499       
335             123.729273      920.361633      136.055850      0.020088        6.764587       
336             122.185812      922.815247      136.014798      0.020081        6.784668       
337             126.726258      925.358643      135.987402      0.020070        6.804738       
338             147.161427      928.309082      136.020228      0.020049        6.824787       
339             98.518224       930.284668      135.910360      0.020053        6.844840       
340             75.018132       931.789307      135.732453      0.020057        6.864897       
341             78.993296       933.373596      135.567170      0.020056        6.884953       
342             72.140219       934.817627      135.383300      0.020017        6.904970       
343             92.244246       936.796082      135.249718      0.021448        6.926418       
344             112.815555      939.059387      135.184926      0.020062        6.946480       
345             106.390161      941.193787      135.102004      0.020062        6.966542       
346             108.936589      943.379272      135.026870      0.020062        6.986604       
347             107.507421      945.536194      134.948071      0.020063        7.006667       
348             108.937243      947.721802      134.873804      0.020063        7.026730       
349             112.536136      949.979614      134.810206      0.020063        7.046793       
350             120.239014      952.392090      134.768836      0.020064        7.066857       
351             128.340860      954.966736      134.750640      0.020061        7.086918       
352             128.656950      957.547852      134.733438      0.020062        7.106980       
353             122.003421      959.996948      134.697583      0.020074        7.127054       
354             105.541224      962.116638      134.615651      0.020084        7.147138       
355             105.951317      964.244141      134.535344      0.020080        7.167218       
356             107.254744      966.396851      134.459161      0.020071        7.187289       
357             106.479546      968.530701      134.381364      0.020040        7.207329       
358             111.095172      970.761047      134.316680      0.020076        7.227405       
359             116.257006      973.093628      134.266684      0.020064        7.247469       
360             261.412314      978.337036      134.617599      0.020058        7.267527       
361             288.234927      984.118164      135.040387      0.020057        7.287584       
362             276.404847      989.662292      135.428404      0.020058        7.307642       
363             277.182442      995.221741      135.816406      0.020057        7.327699       
364             187.219720      998.976807      135.956720      0.020057        7.347756       
365             168.274212      1002.352051     136.044701      0.020058        7.367814       
366             113.701584      1004.634155     135.984000      0.020071        7.387885       
367             104.982780      1006.740845     135.900023      0.020067        7.407952       
368             108.228824      1008.912781     135.825264      0.020068        7.428020       
369             115.291309      1011.829651     135.755563      0.025300        7.453320       
370             138.236249      1014.603638     135.762224      0.020067        7.473387       
371             134.339389      1017.299561     135.758413      0.020068        7.493455       
372             134.406915      1019.996704     135.754804      0.020067        7.513522       
373             134.175755      1022.689209     135.750598      0.020067        7.533589       
374             136.373193      1025.425537     135.752251      0.020065        7.553654       
375             134.437947      1028.123169     135.748769      0.020066        7.573720       
376             135.589738      1030.843506     135.748349      0.020063        7.593783       
377             113.035163      1033.112122     135.688478      0.020070        7.613853       
378             99.566070       1035.110413     135.593510      0.020070        7.633923       
379             147.423611      1038.070679     135.624546      0.020080        7.654003       
380             252.197740      1043.131531     135.929374      0.020067        7.674070       
381             190.257812      1046.950195     136.071096      0.020071        7.694141       
382             112.903195      1049.568420     136.001478      0.023190        7.717331       
383             97.134551       1051.518494     135.900631      0.020076        7.737407       
384             125.423325      1054.036743     135.873514      0.020078        7.757485       
385             130.387899      1056.654541     135.859353      0.020077        7.777562       
386             114.389531      1058.964294     135.803758      0.020192        7.797754       
387             144.285091      1061.860962     135.825538      0.020076        7.817830       
388             82.111126       1063.508850     135.688001      0.020069        7.837899       
389             77.982617       1065.075989     135.540426      0.020096        7.857995       
390             74.714453       1066.575134     135.385505      0.020065        7.878060       
391             80.522269       1068.450256     135.223811      0.023287        7.901347       
392             106.953575      1070.598633     135.152124      0.020087        7.921434       
393             106.379033      1072.734192     135.079390      0.020075        7.941509       
394             110.870699      1074.958923     135.018376      0.020066        7.961575       
395             104.806830      1077.061768     134.942431      0.020064        7.981639       
396             107.831311      1079.225403     134.874447      0.020065        8.001704       
397             111.709181      1081.466736     134.816506      0.020064        8.021768       
398             117.799099      1083.830139     134.774051      0.020063        8.041831       
399             121.854307      1086.274780     134.741900      0.020062        8.061893       
400             129.448690      1088.871521     134.728762      0.020060        8.081953       
401             135.154488      1091.583801     134.729816      0.020068        8.102021       
402             106.933886      1093.730713     134.661108      0.020077        8.122098       
403             105.965544      1095.857971     134.590357      0.020075        8.142173       
404             107.016008      1098.006104     134.522545      0.020073        8.162246       
405             108.282003      1100.180298     134.458152      0.020079        8.182325       
406             111.375781      1102.415833     134.401667      0.020072        8.202397       
407             105.142451      1104.526672     134.330228      0.020076        8.222473       
408             217.774995      1108.896545     134.533370      0.020066        8.242539       
409             273.649420      1114.385132     134.871066      0.020057        8.262596       
410             281.349613      1120.028442     135.225791      0.020058        8.282654       
411             273.964414      1125.523621     135.560961      0.020058        8.302712       
412             228.191816      1130.100464     135.784192      0.020057        8.322769       
413             167.184048      1133.453674     135.859680      0.020057        8.342826       
414             133.510983      1136.133240     135.854044      0.020070        8.362896       
415             107.117034      1138.283936     135.785216      0.020078        8.382974       
416             105.813526      1140.408142     135.713613      0.020075        8.403049       
417             108.126805      1142.578247     135.647881      0.020070        8.423119       
418             128.192380      1145.150940     135.630160      0.020069        8.443188       
419             130.971273      1147.778748     135.619115      0.020064        8.463252       
420             132.920466      1150.446594     135.612730      0.020071        8.483323       
421             139.683219      1153.248779     135.622333      0.020061        8.503384       
422             133.973750      1155.936829     135.618453      0.020064        8.523448       
423             134.528577      1158.636414     135.615893      0.020067        8.543515       
424             141.814208      1161.482483     135.630419      0.020069        8.563584       
425             130.232468      1164.095337     135.617802      0.020063        8.583647       
426             95.045325       1166.002136     135.523195      0.020062        8.603709       
427             101.635045      1168.042053     135.444324      0.020071        8.623780       
428             188.840458      1171.854553     135.569037      0.020189        8.643969       
429             258.131588      1177.033447     135.852851      0.020063        8.664032       
430             148.956293      1180.025085     135.883156      0.020084        8.684116       
431             105.516396      1182.143433     135.813115      0.020076        8.704192       
432             109.656486      1184.344238     135.752943      0.020070        8.724262       
433             128.525164      1186.923096     135.736357      0.020065        8.744327       
434             124.460509      1189.421143     135.710535      0.020071        8.764398       
435             117.568217      1191.781677     135.669069      0.020078        8.784476       
436             146.404710      1194.720459     135.693544      0.020073        8.804549       
437             86.517243       1196.453918     135.581891      0.020036        8.824585       
438             78.053638       1198.018738     135.451492      0.020048        8.844633       
439             73.769351       1199.496338     135.312119      0.020030        8.864663       
440             79.520899       1201.380188     135.163420      0.023690        8.888353       
441             114.871996      1203.685669     135.117705      0.020070        8.908423       
442             109.054143      1205.873840     135.059132      0.020065        8.928488       
443             107.138508      1208.023682     134.996524      0.020066        8.948554       
444             108.929427      1210.209351     134.938205      0.020065        8.968619       
445             111.097734      1212.438416     134.884990      0.020064        8.988683       
446             106.282998      1214.570984     134.821285      0.020065        9.008748       
447             125.258353      1217.084167     134.800034      0.020064        9.028812       
448             119.940896      1219.490662     134.767087      0.020064        9.048876       
449             131.571025      1222.130371     134.760017      0.020063        9.068939       
450             126.770235      1224.675537     134.742368      0.020077        9.089016       
451             111.317990      1226.954773     134.689718      0.020475        9.109491       
452             106.079631      1229.084534     134.626801      0.020077        9.129568       
453             106.034674      1231.213074     134.564071      0.020074        9.149642       
454             111.983943      1233.460815     134.514644      0.020072        9.169714       
455             106.516565      1235.598816     134.453492      0.020072        9.189786       
456             104.171208      1237.689636     134.387498      0.020071        9.209857       
457             209.554138      1241.893921     134.550887      0.020063        9.229920       
458             273.024148      1247.370239     134.851157      0.020058        9.249978       
459             286.873450      1253.124634     135.180111      0.020059        9.270037       
460             275.213566      1258.644592     135.482439      0.020057        9.290094       
461             237.689285      1263.411926     135.702625      0.020057        9.310151       
462             159.113786      1266.603271     135.752951      0.020057        9.330208       
463             134.420276      1269.301086     135.750091      0.020070        9.350278       
464             113.312750      1271.573914     135.702062      0.020058        9.370336       
465             109.477252      1273.772217     135.645984      0.020080        9.390416       
466             109.256335      1275.965210     135.589696      0.020072        9.410488       
467             129.312287      1278.560120     135.576339      0.020067        9.430555       
468             135.078453      1281.270874     135.575282      0.020068        9.450623       
469             135.992266      1283.999695     135.576165      0.020066        9.470689       
470             134.075982      1286.690063     135.572993      0.020066        9.490755       
471             140.156038      1289.513367     135.582700      0.020144        9.510899       
472             135.999043      1292.242188     135.583577      0.020065        9.530964       
473             134.510328      1294.941406     135.581322      0.020067        9.551031       
474             129.537299      1297.539795     135.568655      0.020059        9.571090       
475             108.037004      1299.706909     135.511075      0.020059        9.591149       
476             98.538613       1301.683594     135.433908      0.020060        9.611209       
477             179.013132      1305.274597     135.524675      0.020060        9.631269       
478             261.046977      1310.508850     135.785452      0.020051        9.651320       
479             151.707795      1313.554688     135.818506      0.020077        9.671397       
480             106.374690      1315.691223     135.757485      0.020085        9.691482       
481             113.185063      1317.963074     135.710832      0.020072        9.711554       
482             130.965128      1320.591675     135.701044      0.020071        9.731625       
483             122.532585      1323.050781     135.673944      0.020069        9.751694       
484             116.404217      1325.388062     135.634348      0.020079        9.771773       
485             147.031639      1328.339722     135.657715      0.020075        9.791848       
486             84.430093       1330.036682     135.552779      0.020099        9.811947       
487             80.069622       1331.641357     135.439685      0.020041        9.831988       
488             75.195775       1333.150085     135.316996      0.020064        9.852052       
489             75.604858       1334.666870     135.195650      0.020062        9.872114       
490             109.552100      1337.210999     135.135468      0.023223        9.895337       
491             109.054546      1339.400269     135.082664      0.020075        9.915412       
492             108.467758      1341.577759     135.028888      0.020075        9.935487       
493             111.665694      1343.819336     134.981779      0.020074        9.955561       
494             106.800123      1345.963562     134.925061      0.020077        9.975638       
495             107.920493      1348.130066     134.870826      0.020075        9.995713       
496             120.960582      1350.558350     134.842945      0.020075        10.015788      
497             124.947636      1353.065674     134.823159      0.020067        10.035855      
498             130.802660      1355.689575     134.815139      0.020060        10.055915      
499             129.120668      1358.280640     134.803798      0.020067        10.075982      
500             106.512749      1360.418457     134.747555      0.020071        10.096053      
501             111.275082      1362.652527     134.700970      0.020077        10.116130      
502             107.097360      1364.802185     134.646309      0.020072        10.136202      
503             106.416998      1366.938293     134.590516      0.020073        10.156275      
504             107.624230      1369.096375     134.537380      0.020052        10.176327      
505             108.705571      1371.278748     134.486519      0.020076        10.196403      
506             194.845222      1375.187927     134.605051      0.020063        10.216466      
507             272.995157      1380.663391     134.876207      0.020057        10.236523      
508             283.443152      1386.348694     135.166747      0.020058        10.256581      
509             275.280514      1391.869995     135.440209      0.020057        10.276638      
510             248.991061      1396.864258     135.661406      0.020058        10.296696      
511             167.241867      1400.218628     135.722802      0.020057        10.316753      
512             137.818770      1402.984375     135.726871      0.020068        10.336821      
513             108.408674      1405.161438     135.673902      0.020082        10.356903      
514             103.952483      1407.261902     135.612135      0.020206        10.377109      
515             109.427881      1409.458557     135.561580      0.020074        10.397183      
516             125.525362      1411.977600     135.542246      0.020068        10.417251      
517             134.835637      1414.684021     135.540887      0.020072        10.437323      
518             136.294311      1417.419312     135.542333      0.020069        10.457392      
519             135.438383      1420.137695     135.542134      0.020071        10.477463      
520             140.291442      1422.953064     135.551213      0.020068        10.497531      
521             136.147629      1425.685547     135.552351      0.020070        10.517601      
522             133.242808      1428.359863     135.547952      0.020071        10.537672      
523             134.344282      1431.054810     135.545665      0.020060        10.557732      
524             101.806373      1433.097656     135.481662      0.020066        10.577798      
525             98.322929       1435.070801     135.411299      0.020068        10.597866      
526             180.422538      1438.690979     135.496358      0.020065        10.617931      
527             267.501487      1444.057861     135.745316      0.020063        10.637994      
528             149.608768      1447.401917     135.774384      0.022352        10.660346      
529             114.709502      1449.705627     135.734775      0.020083        10.680429      
530             124.039875      1452.196472     135.712828      0.020081        10.700510      
531             121.574907      1454.637939     135.686345      0.020082        10.720592      
532             130.168209      1457.251587     135.676029      0.020079        10.740671      
533             122.009499      1459.700684     135.650535      0.020073        10.760744      
534             147.642017      1462.658691     135.672820      0.020035        10.780779      
535             80.813014       1464.281982     135.570794      0.020087        10.800866      
536             80.084887       1465.889526     135.467867      0.020073        10.820939      
537             77.132273       1467.436646     135.359935      0.020058        10.840997      
538             79.215144       1469.206787     135.244444      0.022346        10.863343      
539             109.748419      1471.411194     135.197390      0.020086        10.883429      
540             108.351610      1473.587219     135.147943      0.020083        10.903512      
541             111.576570      1475.827454     135.104618      0.020078        10.923590      
542             104.863609      1477.932800     135.049138      0.020077        10.943667      
543             112.102970      1480.183716     135.007115      0.020079        10.963746      
544             106.672441      1482.325378     134.955323      0.020077        10.983823      
545             120.628393      1484.745667     134.929200      0.020064        11.003887      
546             127.823352      1487.310059     134.916268      0.020062        11.023949      
547             128.894931      1489.895691     134.905331      0.020060        11.044009      
548             127.754721      1492.459473     134.892361      0.020068        11.064077      
549             105.923156      1494.586304     134.839883      0.020079        11.084156      
550             111.416903      1496.822998     134.797538      0.020075        11.104231      
551             106.266540      1498.956299     134.746051      0.020075        11.124306      
552             106.109236      1501.086548     134.694463      0.020076        11.144382      
553             111.211577      1503.318787     134.652244      0.020072        11.164454      
554             106.917155      1505.465576     134.602453      0.020079        11.184533      
555             217.025380      1509.820190     134.750054      0.020065        11.204598      
556             274.516883      1515.333313     135.000123      0.020083        11.224681      
557             287.067285      1521.091309     135.271375      0.020058        11.244739      
558             273.678379      1526.580750     135.517822      0.020058        11.264797      
559             237.865471      1531.351379     135.699719      0.020056        11.284853      
560             163.320316      1534.627258     135.748725      0.020058        11.304911      
561             125.513540      1537.145813     135.730590      0.020066        11.324977      
562             107.208468      1539.297058     135.680143      0.020066        11.345043      
563             115.094692      1541.607239     135.643787      0.020072        11.365115      
564             108.879687      1543.792236     135.596612      0.020068        11.385183      
565             132.303679      1546.446777     135.590819      0.020064        11.405247      
566             139.374251      1549.244019     135.597465      0.020070        11.425317      
567             133.581903      1551.924072     135.593932      0.020063        11.445380      
568             134.548070      1554.623779     135.592101      0.020065        11.465445      
569             134.801180      1557.328430     135.590720      0.020064        11.485509      
570             141.577836      1560.169189     135.601161      0.020065        11.505574      
571             132.762492      1562.833069     135.596219      0.020065        11.525639      
572             127.625060      1565.388123     135.582397      0.020020        11.545659      
573             103.853769      1567.471741     135.527358      0.020063        11.565722      
574             96.052735       1569.399231     135.458986      0.020067        11.585789      
575             199.373600      1573.398865     135.569464      0.020061        11.605850      
576             274.889443      1578.913147     135.809855      0.020060        11.625910      
577             131.407928      1581.550110     135.802270      0.020067        11.645977      
578             113.469103      1583.828796     135.763825      0.020082        11.666059      
579             106.551508      1585.967285     135.713655      0.020070        11.686129      
580             131.014674      1588.596619     135.705600      0.020069        11.706198      
581             123.222665      1591.070190     135.684230      0.020074        11.726272      
582             128.164392      1593.640015     135.671394      0.020051        11.746323      
583             140.345277      1596.456604     135.679366      0.020069        11.766392      
584             81.503911       1598.091980     135.587139      0.020065        11.786457      
585             76.063592       1599.618652     135.485949      0.020071        11.806528      
586             76.417926       1601.151672     135.385754      0.020061        11.826589      
587             77.839743       1602.845154     135.280088      0.021756        11.848345      
588             116.184074      1605.178711     135.247772      0.020085        11.868430      
589             106.952851      1607.326538     135.199976      0.020082        11.888512      
590             108.170224      1609.498596     135.154399      0.020080        11.908592      
591             105.920117      1611.625366     135.105190      0.020079        11.928671      
592             111.982887      1613.874207     135.066329      0.020082        11.948753      
593             93.413973       1616.076721     134.984300      0.023578        11.972331      
594             140.364436      1618.893555     134.993303      0.020068        11.992399      
595             122.173752      1621.344604     134.971893      0.020062        12.012461      
596             130.856990      1623.969727     134.965033      0.020061        12.032522      
597             124.612937      1626.470459     134.947796      0.020068        12.052590      
598             111.429205      1628.708069     134.908677      0.020081        12.072671      
599             105.054708      1630.825867     134.858910      0.020159        12.092830      
600             111.603408      1633.066528     134.820364      0.020077        12.112907      
601             105.383174      1635.181885     134.771662      0.020073        12.132980      
602             91.005140       1637.306946     134.687592      0.023351        12.156331      
603             122.082475      1639.757507     134.666812      0.020073        12.176404      
604             277.396570      1645.322083     134.901565      0.020060        12.196464      
605             272.172127      1650.781311     135.126946      0.020058        12.216522      
606             283.381206      1656.465088     135.369950      0.020057        12.236579      
607             276.205612      1662.004944     135.600416      0.020057        12.256636      
608             202.206913      1666.060608     135.709234      0.020057        12.276693      
609             161.447833      1669.298767     135.751216      0.020057        12.296750      
610             114.597551      1671.598511     135.716750      0.020068        12.316818      
611             105.432653      1673.714966     135.667473      0.020074        12.336892      
612             109.276346      1675.908142     135.624609      0.020070        12.356962      
613             112.289115      1678.161560     135.586773      0.020068        12.377030      
614             135.929080      1680.888977     135.587327      0.020065        12.397095      
615             134.160548      1683.581177     135.585022      0.020067        12.417162      
616             134.931183      1686.289246     135.583966      0.020070        12.437232      
617             137.231776      1689.043213     135.586621      0.020068        12.457300      
618             140.414695      1691.854736     135.594369      0.020023        12.477323      
619             135.872263      1694.581421     135.594815      0.020068        12.497391      
620             132.450495      1697.617981     135.589057      0.022926        12.520317      
621             113.921544      1699.903931     135.554387      0.020066        12.540383      
622             97.819302       1701.866577     135.494109      0.020064        12.560447      
623             100.179913      1703.876587     135.437788      0.020064        12.580511      
624             273.515753      1709.363586     135.657618      0.020061        12.600572      
625             221.044436      1713.806580     135.793607      0.020100        12.620672      
626             110.969697      1716.036072     135.754153      0.020091        12.640763      
627             109.687732      1718.240356     135.712779      0.020096        12.660859      
628             113.887524      1720.528015     135.678207      0.020087        12.680946      
629             129.713763      1723.133057     135.668776      0.020083        12.701029      
630             122.179727      1725.586670     135.647482      0.020082        12.721111      
631             144.750391      1728.500061     135.661861      0.020127        12.741238      
632             101.439567      1730.537170     135.608007      0.020082        12.761320      
633             79.545320       1732.132690     135.520027      0.020058        12.781378      
634             78.039915       1733.697937     135.429968      0.020057        12.801435      
635             74.551803       1735.191284     135.334858      0.020031        12.821466      
636             94.405210       1737.255737     135.265168      0.021868        12.843334      
637             108.621837      1739.435669     135.223601      0.020069        12.863403      
638             110.872625      1741.660217     135.185678      0.020064        12.883467      
639             108.227444      1743.831909     135.143756      0.020066        12.903533      
640             108.235880      1746.003662     135.101979      0.020065        12.923598      
641             105.390899      1748.118225     135.055924      0.020064        12.943662      
642             117.291511      1750.477661     135.028358      0.020116        12.963778      
643             119.342433      1752.872864     135.004112      0.020070        12.983848      
644             129.845337      1755.478210     134.996152      0.020065        13.003913      
645             132.191629      1758.130371     134.991831      0.020063        13.023976      
646             117.678310      1760.493469     134.965178      0.020081        13.044057      
647             106.481049      1762.632141     134.921386      0.020085        13.064142      
648             111.838002      1764.877625     134.885964      0.020078        13.084220      
649             106.233884      1767.010376     134.842068      0.020076        13.104296      
650             107.252494      1769.159180     134.799951      0.020035        13.124331      
651             106.258866      1771.603027     134.750024      0.022999        13.147330      
652             120.895857      1774.028198     134.728917      0.020060        13.167390      
653             260.688921      1779.256836     134.920492      0.020057        13.187447      
654             280.618085      1784.885193     135.141749      0.020057        13.207504      
655             273.126010      1790.363281     135.350975      0.020057        13.227561      
656             288.161893      1796.142944     135.582332      0.020057        13.247618      
657             174.593960      1799.644775     135.641307      0.020057        13.267675      
658             158.240421      1802.818604     135.675419      0.020057        13.287732      
659             115.862471      1805.143616     135.645543      0.020067        13.307799      
660             106.314712      1807.285645     135.601203      0.020148        13.327947      
661             115.148110      1809.597473     135.570439      0.020077        13.348024      
662             114.540890      1811.896423     135.538865      0.020071        13.368095      
663             134.899009      1814.603577     135.537906      0.020068        13.388163      
664             135.987837      1817.332581     135.538579      0.020068        13.408231      
665             135.398851      1820.050171     135.538370      0.020071        13.428302      
666             133.578615      1822.724548     135.535453      0.020021        13.448323      
667             133.510983      1825.404114     135.532436      0.020070        13.468393      
668             142.532948      1828.264893     135.542853      0.020071        13.488464      
669             132.675863      1830.926636     135.538595      0.020062        13.508526      
670             119.234723      1833.318604     135.514419      0.020061        13.528587      
671             93.969020       1835.204468     135.452879      0.020069        13.548656      
672             98.363472       1837.179016     135.398008      0.020074        13.568730      
673             246.546506      1842.126465     135.562145      0.020067        13.588797      
674             235.248348      1846.846252     135.709108      0.020063        13.608860      
675             126.290117      1849.381653     135.695233      0.020076        13.628936      
676             102.586480      1851.441589     135.646525      0.020080        13.649016      
677             116.190849      1853.774353     135.617949      0.020077        13.669093      
678             125.919596      1856.302063     135.603727      0.020074        13.689167      
679             127.567825      1858.862732     135.591961      0.020073        13.709240      
680             143.865119      1861.759888     135.604096      0.020138        13.729378      
681             102.960196      1863.829285     135.556377      0.020099        13.749477      
682             72.807832       1865.288208     135.465062      0.020038        13.769515      
683             78.135589       1866.855530     135.381668      0.020059        13.789574      
684             77.703209       1868.416199     135.297780      0.020085        13.809659      
685             92.678429       1870.426208     135.230951      0.021688        13.831347      
686             109.561813      1872.626648     135.193732      0.020084        13.851431      
687             111.413477      1874.863831     135.159308      0.020080        13.871511      
688             105.372961      1876.979614     135.116255      0.020079        13.891590      
689             105.548444      1879.098816     135.073581      0.020078        13.911668      
690             107.373849      1881.254883     135.033657      0.020080        13.931748      
691             118.696861      1883.638672     135.010141      0.020083        13.951831      
692             119.079049      1886.029541     134.987248      0.020078        13.971909      
693             123.803316      1888.514893     134.971202      0.020075        13.991984      
694             129.209070      1891.108765     134.962946      0.020075        14.012059      
695             125.091223      1893.620972     134.948818      0.020083        14.032142      
696             107.421875      1895.780151     134.909444      0.020100        14.052242      
697             105.406968      1897.898621     134.867309      0.020098        14.072340      
698             106.391612      1900.036560     134.826704      0.020095        14.092435      
699             106.836584      1902.183228     134.786852      0.020093        14.112528      
700             106.446284      1904.322266     134.746555      0.020095        14.132623      
701             104.567852      1906.421570     134.703746      0.020076        14.152699      
702             269.830675      1911.837341     134.895108      0.020071        14.172770      
703             273.745778      1917.330872     135.091436      0.020068        14.192838      
704             288.230695      1923.115662     135.307684      0.020070        14.212908      
705             274.436135      1928.621948     135.503811      0.020064        14.232972      
706             195.195646      1932.536987     135.587810      0.020057        14.253029      
707             168.958872      1935.925964     135.634706      0.020058        14.273087      
708             113.023900      1938.194580     135.602954      0.020072        14.293159      
709             102.147975      1940.244690     135.556043      0.020070        14.313229      
710             106.046531      1942.372620     135.514731      0.020066        14.333295      
711             117.810558      1944.732483     135.490024      0.020031        14.353326      
712             134.664820      1947.434937     135.488872      0.020068        14.373394      
713             140.268017      1950.249695     135.495535      0.020067        14.393461      
714             133.052564      1952.919128     135.492134      0.020063        14.413524      
715             133.717059      1955.602295     135.489666      0.020066        14.433590      
716             142.181129      1958.455017     135.498955      0.020064        14.453654      
717             135.232491      1961.168457     135.498586      0.020065        14.473719      
718             132.263123      1963.821655     135.494108      0.020060        14.493779      
719             119.061601      1966.210388     135.471393      0.020063        14.513842      
720             98.630354       1968.189209     135.420536      0.020063        14.533905      
721             126.889118      1970.734985     135.408775      0.020063        14.553968      
722             236.034251      1975.469360     135.547265      0.020058        14.574026      
723             230.778924      1980.102478     135.678268      0.020076        14.594102      
724             116.247600      1982.437195     135.651565      0.020084        14.614186      
725             103.068028      1984.507935     135.606831      0.020091        14.634277      
726             121.988170      1986.955261     135.588187      0.020062        14.654339      
727             124.396527      1989.465210     135.572799      0.020177        14.674516      
728             123.323127      1991.940552     135.556067      0.020072        14.694588      
729             137.749481      1994.745544     135.559102      0.020363        14.714951      
730             106.349735      1996.878601     135.519343      0.020057        14.735008      
731             77.796013       1998.463928     135.439624      0.020378        14.755386      
732             77.807967       2000.026001     135.361317      0.020076        14.775462      
733             73.062163       2001.492432     135.276805      0.020071        14.795533      
734             83.489653       2003.169739     135.206582      0.020090        14.815623      
735             113.439539      2005.448853     135.177104      0.020091        14.835714      
736             108.100685      2007.893982     135.135885      0.022619        14.858333      
737             107.327198      2010.047180     135.098388      0.020062        14.878395      
738             105.117624      2012.155945     135.058018      0.020061        14.898456      
739             111.031651      2014.383240     135.025712      0.020060        14.918516      
740             112.650330      2016.643005     134.995665      0.020060        14.938576      
741             120.628178      2019.062927     134.976397      0.020061        14.958637      
742             123.287304      2021.536194     134.960742      0.020061        14.978698      
743             130.397575      2024.152100     134.954639      0.020061        14.998759      
744             127.946330      2026.719727     134.945274      0.020068        15.018827      
745             107.330561      2028.874817     134.908405      0.020079        15.038906      
746             106.489262      2031.012695     134.870517      0.020076        15.058982      
747             106.413957      2033.148743     134.832637      0.020073        15.079055      
748             106.984098      2035.296021     134.795618      0.020071        15.099126      
749             105.405839      2037.411621     134.756603      0.020071        15.119197      
750             105.482689      2039.528870     134.717791      0.020072        15.139269      
751             250.497122      2044.551086     134.870915      0.020049        15.159318      
752             277.331287      2050.114075     135.059171      0.020059        15.179377      
753             287.012512      2055.870972     135.259697      0.020058        15.199435      
754             277.578043      2061.438354     135.447251      0.020057        15.219492      
755             194.729474      2065.344238     135.525277      0.020058        15.239550      
756             159.337790      2068.539917     135.556574      0.020056        15.259606      
757             125.170626      2071.073120     135.542818      0.020238        15.279844      
758             111.121663      2073.308777     135.510705      0.020119        15.299963      
759             107.155067      2075.460022     135.473547      0.020076        15.320039      
760             108.602918      2077.639465     135.438395      0.020068        15.340107      
761             133.917812      2080.326660     135.436408      0.020066        15.360173      
762             134.726279      2083.030212     135.435482      0.020067        15.380240      
763             139.430721      2085.828308     135.440688      0.020068        15.400308      
764             130.501641      2088.447998     135.434258      0.020074        15.420382      
765             140.058149      2091.258545     135.440268      0.020067        15.440449      
766             132.728500      2093.921875     135.436748      0.020066        15.460515      
767             140.780866      2096.746643     135.443675      0.020065        15.480580      
768             127.529928      2099.305786     135.433430      0.020067        15.500647      
769             98.669650       2101.285889     135.385895      0.020068        15.520715      
770             101.850040      2103.345093     135.342266      0.020218        15.540933      
771             224.044017      2107.840088     135.456631      0.020063        15.560996      
772             249.528585      2112.846130     135.603508      0.020062        15.581058      
773             125.392533      2115.361755     135.590378      0.020062        15.601120      
774             108.088597      2117.532715     135.555017      0.020085        15.621205      
775             114.901745      2120.308167     135.523131      0.024155        15.645360      
776             122.970303      2122.776672     135.507045      0.020074        15.665434      
777             126.362394      2125.312134     135.495347      0.020065        15.685499      
778             117.416238      2128.113098     135.467894      0.023855        15.709354      
779             113.292824      2130.388245     135.439582      0.020082        15.729436      
780             79.043881       2131.970703     135.367895      0.020020        15.749456      
781             78.676587       2133.550293     135.295718      0.020077        15.769533      
782             75.635484       2135.066406     135.219979      0.020045        15.789578      
783             103.075049      2137.308289     135.175761      0.021750        15.811328      
784             109.891865      2139.514038     135.143704      0.020072        15.831400      
785             107.689601      2141.675476     135.108942      0.020071        15.851471      
786             106.464163      2143.812744     135.072711      0.020075        15.871546      
787             112.155293      2146.063477     135.043771      0.020068        15.891614      
788             106.482339      2148.200684     135.007743      0.020071        15.911685      
789             115.323761      2150.515808     134.982940      0.020075        15.931760      
790             125.688877      2153.038635     134.971246      0.020072        15.951832      
791             127.459703      2155.596497     134.961808      0.020068        15.971900      
792             129.665866      2158.198242     134.955163      0.020065        15.991965      
793             116.142798      2160.530273     134.931572      0.020079        16.012044      
794             105.406408      2162.647888     134.894574      0.020090        16.032134      
795             111.928675      2164.896423     134.865833      0.020089        16.052223      
796             106.189320      2167.029236     134.829997      0.020085        16.072308      
797             105.465871      2169.157959     134.793167      0.020184        16.092492      
798             106.688407      2171.300049     134.758145      0.020078        16.112570      
799             135.419092      2174.017639     134.758967      0.020068        16.132638      
800             268.788385      2179.408997     134.925402      0.020058        16.152696      
801             288.120140      2185.188110     135.115399      0.020058        16.172754      
802             273.291926      2190.669800     135.286558      0.020058        16.192812      
803             276.917468      2196.224487     135.461788      0.020059        16.212871      
804             183.218057      2199.899475     135.520797      0.020058        16.232929      
805             152.270110      2202.955688     135.541481      0.020071        16.253000      
806             116.813274      2205.300598     135.518378      0.020074        16.273074      
807             104.138290      2207.391174     135.479714      0.020075        16.293149      
808             110.759283      2209.613892     135.449304      0.020068        16.313217      
809             118.910123      2212.000061     135.428984      0.020067        16.333284      
810             133.594539      2214.677429     135.426736      0.020041        16.353325      
811             140.149958      2217.489258     135.432524      0.020063        16.373388      
812             132.359312      2220.159607     135.428742      0.020175        16.393563      
813             141.992523      2223.008545     135.436765      0.020064        16.413627      
814             132.813668      2225.673584     135.433562      0.020066        16.433693      
815             138.983962      2228.462158     135.437892      0.020064        16.453757      
816             132.232696      2231.114746     135.433989      0.020060        16.473817      
817             112.516931      2233.371948     135.406115      0.020061        16.493878      
818             95.747685       2235.293030     135.357931      0.020064        16.513942      
819             115.606800      2237.611755     135.333972      0.020057        16.533999      
820             268.914953      2243.005920     135.495836      0.020059        16.554058      
821             211.007862      2247.243591     135.587334      0.020083        16.574141      
822             105.355303      2249.359863     135.550739      0.020087        16.594228      
823             112.387257      2251.875427     135.519537      0.022383        16.616611      
824             124.703500      2254.375732     135.506502      0.020050        16.636661      
825             123.250088      2256.849731     135.491732      0.020073        16.656734      
826             120.674650      2259.272034     135.473897      0.020073        16.676807      
827             145.914827      2262.205505     135.486468      0.020104        16.696911      
828             97.755395       2264.167358     135.441172      0.020069        16.716980      
829             80.187378       2265.775757     135.374954      0.020058        16.737038      
830             79.149129       2267.365784     135.307549      0.020089        16.757127      
831             73.631404       2268.841431     135.233874      0.020041        16.777168      
832             98.657871       2271.127136     135.183435      0.023168        16.800336      
833             114.815810      2273.431030     135.159138      0.020066        16.820402      
834             107.497568      2275.587646     135.126185      0.020062        16.840464      
835             105.605241      2277.706299     135.091058      0.020062        16.860526      
836             108.943753      2279.891602     135.059988      0.020059        16.880585      
837             106.544546      2282.028992     135.026140      0.020061        16.900646      
838             116.481280      2284.365723     135.004153      0.020061        16.920707      
839             126.185555      2286.897888     134.993707      0.020067        16.940774      
840             126.529919      2289.436584     134.983695      0.020064        16.960838      
841             132.143456      2292.087646     134.980339      0.020062        16.980900      
842             114.509699      2294.386658     134.956165      0.020077        17.000977      
843             105.771980      2296.510559     134.921736      0.020080        17.021057      
844             112.290460      2298.765015     134.895073      0.020077        17.041134      
845             106.046190      2300.894104     134.861125      0.020077        17.061211      
846             104.109137      2302.983887     134.824987      0.020073        17.081284      
847             111.420822      2305.217651     134.797550      0.020048        17.101332      
848             143.329031      2308.093262     134.807547      0.020063        17.121395      
849             269.293512      2313.494751     134.964915      0.020058        17.141453      
850             285.601567      2319.223633     135.140985      0.020059        17.161512      
851             273.107751      2324.701355     135.302041      0.020057        17.181569      
852             274.580604      2330.208618     135.464439      0.020057        17.201626      
853             167.034937      2333.558838     135.501207      0.020057        17.221683      
854             155.595680      2336.679932     135.524585      0.020059        17.241742      
855             112.939904      2338.953186     135.498251      0.020128        17.261870      
856             106.382769      2341.088501     135.464435      0.020072        17.281942      
857             108.983314      2343.276123     135.433712      0.020073        17.302015      
858             115.325458      2345.590820     135.410413      0.020071        17.322086      
859             141.185618      2348.424133     135.417096      0.020068        17.342154      
860             133.762685      2351.108215     135.415184      0.020066        17.362220      
861             139.367307      2353.905457     135.419747      0.020071        17.382291      
862             133.298880      2356.576233     135.417306      0.020036        17.402327      
863             133.738932      2359.259705     135.415373      0.020065        17.422392      
864             139.783132      2362.064453     135.420397      0.020065        17.442457      
865             132.584593      2365.095337     135.416685      0.022860        17.465317      
866             110.617095      2367.314758     135.388229      0.020064        17.485381      
867             97.532756       2369.271851     135.344836      0.020066        17.505447      
868             113.592616      2371.551086     135.319932      0.020065        17.525512      
869             271.267023      2376.992432     135.475353      0.020059        17.545571      
870             207.575338      2381.169678     135.557954      0.020124        17.565695      
871             104.281294      2383.266357     135.522195      0.020106        17.585801      
872             106.652728      2385.408264     135.489264      0.020083        17.605884      
873             118.747037      2387.791992     135.470196      0.020074        17.625958      
874             129.355007      2390.388794     135.463239      0.020075        17.646033      
875             117.259270      2392.742188     135.442558      0.020070        17.666103      
876             145.590703      2395.667542     135.454088      0.020093        17.686196      
877             104.858307      2397.773621     135.419381      0.020085        17.706281      
878             76.475770       2399.307495     135.352688      0.020057        17.726338      
879             78.035830       2400.873596     135.287870      0.020069        17.746407      
880             75.256615       2402.383545     135.220075      0.020064        17.766471      
881             78.625762       2404.259949     135.144156      0.023865        17.790336      
882             132.486428      2406.921204     135.141159      0.020087        17.810423      
883             105.427953      2409.038513     135.107692      0.020083        17.830506      
884             110.705816      2411.261597     135.080241      0.020081        17.850587      
885             105.813114      2413.386536     135.047352      0.020082        17.870669      
886             110.593357      2415.607361     135.019905      0.020081        17.890750      
887             116.268295      2417.942261     134.998880      0.020082        17.910832      
888             120.325756      2420.358643     134.982447      0.020082        17.930914      
889             127.248298      2422.913025     134.973798      0.020074        17.950988      
890             129.006057      2425.502563     134.967132      0.020073        17.971061      
891             115.508046      2427.823120     134.945403      0.020090        17.991151      
892             112.258055      2430.079956     134.920079      0.020104        18.011255      
893             107.311189      2432.236267     134.889312      0.020094        18.031349      
894             105.427401      2434.352722     134.856548      0.020075        18.051424      
895             105.925843      2436.478760     134.824416      0.020071        18.071495      
896             106.260349      2438.611511     134.792727      0.020071        18.091566      
897             117.230453      2440.963623     134.773271      0.020064        18.111630      
898             281.293516      2446.613403     134.935576      0.020085        18.131715      
899             274.235235      2452.114014     135.089504      0.020058        18.151773      
900             274.716019      2457.624268     135.243623      0.020058        18.171831      
901             291.357821      2463.468323     135.415752      0.020058        18.191889      
902             161.794744      2466.713440     135.444803      0.020057        18.211946      
903             156.673232      2469.855835     135.468156      0.020057        18.232003      
904             119.126368      2472.246582     135.450188      0.020069        18.252072      
905             107.261474      2474.399963     135.419216      0.020076        18.272148      
906             109.478315      2476.597412     135.390751      0.020072        18.292220      
907             119.095955      2478.987549     135.372894      0.020069        18.312289      
908             134.212763      2481.676636     135.371626      0.020036        18.332325      
909             135.007856      2484.386108     135.371228      0.020069        18.352394      
910             136.672155      2487.128845     135.372649      0.020068        18.372462      
911             135.083887      2489.839844     135.372334      0.020069        18.392531      
912             140.766149      2492.665161     135.378213      0.020071        18.412602      
913             134.583949      2495.365723     135.377349      0.020066        18.432668      
914             135.612383      2498.086243     135.377604      0.020061        18.452729      
915             114.250135      2500.781860     135.350625      0.023594        18.476323      
916             98.602272       2502.760315     135.310760      0.020065        18.496388      
917             102.602071      2504.819641     135.275305      0.020071        18.516459      
918             259.528687      2510.027344     135.409811      0.020066        18.536525      
919             229.721700      2514.643372     135.511936      0.020094        18.556619      
920             106.130266      2516.775635     135.480160      0.020091        18.576710      
921             109.095937      2518.967590     135.451654      0.020092        18.596802      
922             118.757149      2521.352234     135.433647      0.020080        18.616882      
923             123.338141      2523.828247     135.420619      0.020075        18.636957      
924             126.898880      2526.375488     135.411450      0.020073        18.657030      
925             144.719226      2529.291870     135.421493      0.020152        18.677182      
926             105.859652      2531.419861     135.389710      0.020102        18.697284      
927             81.421768       2533.054077     135.331839      0.020071        18.717355      
928             80.887032       2534.675781     135.273583      0.020049        18.737404      
929             77.054603       2536.221497     135.211322      0.020060        18.757464      
930             89.926623       2538.280457     135.156113      0.022896        18.780360      
931             111.614260      2540.523010     135.130954      0.020092        18.800452      
932             105.627953      2542.644653     135.099467      0.020086        18.820538      
933             110.865233      2544.870605     135.073641      0.020078        18.840616      
934             105.895068      2546.995178     135.042603      0.020063        18.860679      
935             107.512780      2549.152100     135.013350      0.020062        18.880741      
936             111.644779      2551.392029     134.988545      0.020063        18.900804      
937             120.655772      2553.812866     134.973346      0.020064        18.920868      
938             123.177554      2556.284424     134.960850      0.020065        18.940933      
939             132.629702      2558.945374     134.958384      0.020063        18.960996      
940             124.230205      2561.444885     134.947012      0.020120        18.981116      
941             105.813924      2563.569946     134.916220      0.020083        19.001199      
942             106.013708      2565.698914     134.885706      0.020082        19.021281      
943             111.701946      2567.938538     134.861294      0.020050        19.041331      
944             107.530604      2570.097107     134.832511      0.020074        19.061405      
945             103.824377      2572.186157     134.799814      0.020121        19.081526      
946             119.103059      2575.020691     134.780261      0.023799        19.105325      
947             282.262493      2580.682312     134.934935      0.020058        19.125383      
948             273.736194      2586.172913     135.080352      0.020058        19.145441      
949             274.398019      2591.676514     135.226150      0.020057        19.165498      
950             292.471535      2597.542908     135.390546      0.020058        19.185556      
951             169.417672      2600.940918     135.426082      0.020057        19.205613      
952             156.908439      2604.089600     135.448504      0.020067        19.225680      
953             111.273469      2606.323303     135.423289      0.020074        19.245754      
954             101.938138      2608.369202     135.388406      0.020070        19.265824      
955             113.887083      2610.655029     135.366029      0.020071        19.285895      
956             118.191539      2613.026306     135.348181      0.020063        19.305958      
957             131.877796      2615.672302     135.344579      0.020064        19.326022      
958             139.629330      2618.473267     135.349021      0.020060        19.346082      
959             130.481926      2621.091125     135.343979      0.020063        19.366145      
960             142.333242      2623.947327     135.351214      0.020067        19.386212      
961             132.983460      2626.615906     135.348766      0.020067        19.406279      
962             133.071561      2629.283325     135.346416      0.020045        19.426324      
963             139.983532      2632.091675     135.351200      0.020062        19.446386      
964             114.517721      2634.389587     135.329725      0.020066        19.466452      
965             100.639420      2636.409119     135.294001      0.020067        19.486519      
966             109.214722      2638.600403     135.267176      0.020064        19.506583      
967             273.768367      2644.093018     135.409482      0.020063        19.526646      
968             216.937201      2648.447815     135.493209      0.020074        19.546720      
969             123.267199      2650.924500     135.480655      0.020092        19.566812      
970             105.100924      2653.037659     135.449470      0.020106        19.586918      
971             120.821472      2655.464600     135.434484      0.020087        19.607005      
972             130.355023      2658.082520     135.429286      0.020083        19.627088      
973             122.961403      2660.550232     135.416551      0.020069        19.647157      
974             144.850334      2663.462158     135.426193      0.020103        19.667260      
975             97.395814       2665.416016     135.387441      0.020061        19.687321      
976             78.182116       2666.986694     135.329125      0.020090        19.707411      
977             75.873170       2668.510986     135.268577      0.020090        19.727501      
978             75.308086       2670.023926     135.207577      0.020090        19.747591      
979             99.061059       2672.277466     135.165984      0.022749        19.770340      
980             109.268305      2674.472229     135.139700      0.020086        19.790426      
981             90.581065       2676.637207     135.085951      0.023901        19.814327      
982             129.032995      2679.228577     135.079822      0.020083        19.834410      
983             109.837273      2681.445312     135.054163      0.020182        19.854592      
984             106.800884      2683.589661     135.025621      0.020078        19.874670      
985             117.913176      2685.957947     135.008345      0.020085        19.894755      
986             126.829614      2688.505066     135.000097      0.020083        19.914838      
987             127.671207      2691.067810     134.992718      0.020073        19.934911      
988             135.478952      2693.787415     134.993207      0.020074        19.954985      
989             105.836146      2695.977905     134.962997      0.020697        19.975682      
990             108.629928      2698.158325     134.936563      0.020072        19.995754      
991             106.220027      2700.290161     134.907769      0.020070        20.015824      
992             111.374182      2702.525330     134.884197      0.020069        20.035893      
993             105.729593      2704.647217     134.855023      0.020069        20.055962      
994             106.027151      2706.775818     134.826195      0.020076        20.076038      
995             175.439188      2710.295654     134.866741      0.020063        20.096101      
996             273.711851      2715.785767     135.005185      0.020058        20.116159      
997             278.574458      2721.373413     135.148197      0.020058        20.136217      
998             288.773553      2727.165344     135.301065      0.020057        20.156274      
999             256.016946      2732.296692     135.420984      0.020043        20.176317      
1000            161.860633      2735.542969     135.447239      0.020056        20.196373      
1001            150.466608      2738.562683     135.462149      0.020069        20.216442      
1002            108.096394      2740.732178     135.435009      0.020070        20.236512      
1003            101.389758      2742.767273     135.401274      0.020072        20.256584      
1004            108.547153      2744.945923     135.374692      0.020071        20.276655      
1005            123.907237      2747.432617     135.363353      0.020069        20.296724      
1006            136.057789      2750.163025     135.364039      0.020068        20.316792      
1007            133.621614      2752.844543     135.362320      0.020068        20.336860      
1008            140.140271      2755.656738     135.367030      0.020067        20.356927      
1009            135.546160      2758.377014     135.367206      0.020069        20.376996      
1010            137.086585      2761.128479     135.368898      0.020071        20.397067      
1011            134.094278      2763.819885     135.367645      0.020071        20.417138      
1012            135.224021      2766.533020     135.367504      0.020064        20.437202      
1013            105.266484      2768.645508     135.337976      0.020068        20.457270      
1014            101.246338      2770.675598     135.304594      0.020051        20.477321      
1015            150.390138      2773.693176     135.319361      0.020065        20.497386      
1016            270.220749      2779.114075     135.451261      0.020061        20.517447      
1017            170.840089      2782.545227     135.485869      0.020084        20.537531      
1018            111.081798      2784.777527     135.462013      0.020096        20.557627      
1019            111.822314      2787.023254     135.438941      0.020083        20.577710      
1020            119.383307      2789.420471     135.423289      0.020080        20.597790      
1021            121.659885      2791.862915     135.409887      0.020076        20.617866      
1022            124.537607      2794.364502     135.399305      0.020087        20.637953      
1023            152.182770      2797.425354     135.415646      0.020113        20.658066      
1024            86.689860       2799.166260     135.368325      0.020082        20.678148      
1025            78.806156       2800.747742     135.313485      0.020068        20.698216      
1026            78.266325       2802.320190     135.258165      0.020091        20.718307      
1027            73.595495       2803.797546     135.198478      0.020074        20.738381      
1028            66.920114       2805.141235     135.132434      0.020079        20.758460      
