1               102.733820      2.296204        102.733820      0.022351        0.022351       
2               109.698568      4.499390        106.030155      0.020084        0.042435       
3               107.434890      6.655823        106.481238      0.020072        0.062507       
4               111.575002      8.895691        107.719490      0.020075        0.082582       
5               112.195638      11.148804       108.595065      0.020082        0.102664       
6               121.588449      13.905579       110.945520      0.022673        0.125337       
7               127.402448      16.462036       113.216620      0.020066        0.145403       
8               116.405846      18.798767       113.603504      0.020074        0.165477       
9               112.292290      21.054382       113.461568      0.020087        0.185564       
10              106.724139      23.197510       112.803665      0.020081        0.205645       
11              105.927804      25.324646       112.191976      0.020081        0.225726       
12              106.249310      27.458557       111.706428      0.020084        0.245810       
13              160.595626      31.237854       115.977969      0.023533        0.269343       
14              304.871791      37.359070       129.082098      0.020078        0.289421       
15              258.990384      42.557007       137.506444      0.020070        0.309491       
16              200.997600      46.591431       141.373366      0.020072        0.329563       
17              132.169304      49.736267       140.753592      0.023794        0.353357       
18              136.079875      52.470520       140.502129      0.020093        0.373450       
19              107.889169      54.636719       138.838199      0.020078        0.393528       
20              120.975784      57.065308       137.971213      0.020075        0.413603       
21              137.141322      59.817871       137.932805      0.020071        0.433674       
22              136.171255      62.550964       137.854884      0.020071        0.453745       
23              142.072767      65.402649       138.033563      0.020072        0.473817       
24              135.191412      68.116211       137.918056      0.020072        0.493889       
25              131.530062      70.755493       137.668654      0.020066        0.513955       
26              124.731818      73.258362       137.182549      0.020066        0.534021       
27              97.855129       75.222412       135.757983      0.020071        0.554092       
28              133.795095      77.908081       135.689359      0.020073        0.574165       
29              187.734736      81.675354       137.446913      0.020067        0.594232       
30              257.015751      86.831604       141.351867      0.020062        0.614294       
31              134.481251      89.528625       141.134652      0.020055        0.634349       
32              115.324098      91.843872       140.342854      0.020076        0.654425       
33              124.849475      94.349976       139.881772      0.020073        0.674498       
34              123.709228      96.833191       139.414388      0.020073        0.694571       
35              129.269518      99.428406       139.129396      0.020076        0.714647       
36              143.384708      102.305420      139.245609      0.020065        0.734712       
37              115.854305      104.624939      138.625102      0.020021        0.754733       
38              85.345975       106.340393      137.242984      0.020100        0.774833       
39              81.274636       107.969299      135.831797      0.020042        0.794875       
40              101.730689      110.256714      134.893699      0.022485        0.817360       
41              106.886046      112.401489      134.222593      0.020066        0.837426       
42              103.244395      114.472778      133.497820      0.020062        0.857488       
43              105.301309      116.585754      132.853083      0.020066        0.877554       
44              106.030150      118.718445      132.252063      0.020114        0.897668       
45              119.518436      121.116821      131.973632      0.020067        0.917735       
46              118.121766      123.486816      131.677275      0.020064        0.937799       
47              123.895254      125.973022      131.514244      0.020067        0.957866       
48              115.894769      128.300537      131.193485      0.020083        0.977949       
49              105.398940      130.417053      130.674482      0.020081        0.998030       
50              105.597903      132.537354      130.179925      0.020079        1.018109       
51              110.998155      134.766418      129.808887      0.020082        1.038191       
52              101.053676      136.796082      129.263143      0.020085        1.058276       
53              185.843563      140.524475      130.315796      0.020062        1.078338       
54              263.179310      145.803589      132.742159      0.020059        1.098397       
55              284.626853      151.512634      135.466008      0.020058        1.118455       
56              209.586395      155.716309      136.771776      0.020057        1.138512       
57              156.287959      158.852539      137.109804      0.020067        1.158579       
58              112.167378      161.104187      136.685001      0.020074        1.178653       
59              103.299851      163.178345      136.125794      0.020079        1.198732       
60              109.154878      165.369629      135.681555      0.020075        1.218807       
61              139.211739      168.163330      135.738739      0.020068        1.238875       
62              137.189950      170.916321      135.761871      0.020067        1.258942       
63              137.434786      173.674500      135.788120      0.020069        1.279011       
64              143.068255      176.545593      135.900583      0.020068        1.299079       
65              132.728645      179.208130      135.852348      0.020060        1.319139       
66              109.562136      181.406494      135.458447      0.020065        1.339204       
67              92.640420       183.264954      134.826508      0.020061        1.359265       
68              135.726636      185.988037      134.839601      0.020063        1.379328       
69              264.117537      191.286499      136.692870      0.020061        1.399389       
70              200.018972      195.301880      137.588470      0.020075        1.419464       
71              118.305521      197.680176      137.319191      0.020103        1.439567       
72              111.967146      199.929932      136.970207      0.020093        1.459660       
73              127.552075      202.490540      136.842434      0.020075        1.479735       
74              134.508411      205.190796      136.811193      0.020075        1.499810       
75              116.240070      207.524780      136.539432      0.020079        1.519889       
76              135.707802      210.467468      136.527734      0.021684        1.541573       
77              97.934207       212.437317      136.030662      0.020114        1.561687       
78              73.795808       213.918030      135.241194      0.020065        1.581752       
79              104.737408      216.285095      134.811497      0.022600        1.604352       
80              106.640469      218.425476      134.463422      0.020071        1.624423       
81              106.298891      220.558044      134.119827      0.020062        1.644485       
82              111.793333      222.800842      133.850737      0.020062        1.664547       
83              113.033702      225.068298      133.602851      0.020060        1.684607       
84              128.561990      227.647766      133.543520      0.020064        1.704671       
85              130.938695      230.274658      133.513221      0.020062        1.724733       
86              105.861365      232.399719      133.195086      0.020074        1.744807       
87              110.623196      234.631653      132.937061      0.020176        1.764983       
88              107.269029      236.785400      132.648352      0.020078        1.785061       
89              105.216891      238.898682      132.343135      0.020085        1.805146       
90              147.241080      241.853516      132.506937      0.020068        1.825214       
91              266.281008      247.194580      133.961053      0.020058        1.845272       
92              284.642067      252.903931      135.581334      0.020058        1.865330       
93              237.601687      257.669983      136.666748      0.020059        1.885389       
94              159.787471      260.875000      136.910132      0.020058        1.905447       
95              120.035706      263.283997      136.734255      0.020069        1.925516       
96              103.012781      265.352905      136.386156      0.020084        1.945600       
97              104.629090      267.453125      136.061860      0.020073        1.965673       
98              139.345159      270.250061      136.095048      0.020072        1.985745       
99              143.464392      273.129822      136.168796      0.020073        2.005818       
100             137.738131      275.894226      136.184343      0.020070        2.025888       
101             136.601624      278.636230      136.188437      0.020073        2.045961       
102             140.341015      281.452454      136.228770      0.020067        2.066028       
103             119.220505      283.844971      136.065153      0.020068        2.086096       
104             96.500422       285.782410      135.688004      0.020077        2.106173       
105             136.120763      288.517212      135.692093      0.020091        2.126264       
106             253.115757      293.598511      136.790372      0.020075        2.146339       
107             202.752710      297.665527      137.401127      0.020059        2.166398       
108             134.636106      300.372925      137.375698      0.020109        2.186507       
109             109.836607      302.584595      137.124399      0.020136        2.206643       
110             122.270746      305.041992      136.990333      0.020098        2.226741       
111             128.853684      307.630920      136.917573      0.020092        2.246833       
112             125.257582      310.147095      136.814249      0.020088        2.266921       
113             147.803349      313.119568      136.910882      0.020111        2.287032       
114             95.841256       315.046265      136.553026      0.020103        2.307135       
115             75.807958       316.567200      136.029336      0.020063        2.327198       
116             96.451196       318.703979      135.656121      0.022154        2.349352       
117             88.666040       320.831787      135.180983      0.023998        2.373350       
118             131.399095      323.471069      135.149245      0.020086        2.393436       
119             106.765929      325.614929      134.913102      0.020080        2.413516       
120             119.720468      328.018677      134.787757      0.020078        2.433594       
121             123.125369      330.490295      134.692344      0.020074        2.453668       
122             131.483256      333.129822      134.666302      0.020075        2.473743       
123             117.380674      335.488586      134.527017      0.020095        2.493838       
124             106.523880      337.630249      134.303065      0.020105        2.513943       
125             106.667329      339.774902      134.083793      0.020106        2.534049       
126             94.478030       341.886108      133.737591      0.022346        2.556395       
127             187.034341      345.991699      134.191338      0.021951        2.578346       
128             268.896696      351.385498      135.231228      0.020059        2.598405       
129             270.488071      356.811218      136.267376      0.020059        2.618464       
130             219.805572      361.226013      136.903280      0.020085        2.638549       
131             148.473435      364.203796      136.990563      0.020056        2.658605       
132             118.931883      366.590759      136.855258      0.020070        2.678675       
133             100.786757      368.613953      136.586971      0.020074        2.698749       
134             98.386299       370.588074      136.305048      0.020065        2.718814       
135             134.434905      373.285645      136.291347      0.020066        2.738880       
136             144.285102      376.180725      136.349483      0.020065        2.758945       
137             138.783732      378.965698      136.367061      0.020067        2.779012       
138             136.204482      381.698914      136.365895      0.020067        2.799079       
139             134.524977      384.397888      136.352794      0.020063        2.819142       
140             126.569241      386.937500      136.283652      0.020065        2.839207       
141             93.109785       388.806213      135.980604      0.020070        2.859277       
142             140.610022      391.629944      136.012892      0.020082        2.879359       
143             247.967300      396.605408      136.787654      0.020065        2.899424       
144             209.109080      400.799927      137.284556      0.020059        2.919483       
145             121.358905      403.236328      137.175790      0.020076        2.939559       
146             103.342891      405.310730      136.946326      0.020073        2.959632       
147             121.635368      407.751587      136.843214      0.020067        2.979699       
148             122.657277      410.213196      136.748307      0.020069        2.999768       
149             122.137200      412.665100      136.651177      0.020075        3.019843       
150             156.755315      415.814941      136.784065      0.020094        3.039937       
151             84.814969       417.517517      136.443143      0.020074        3.060011       
152             77.386951       419.072144      136.057967      0.020089        3.080100       
153             99.335448       421.083984      135.818078      0.020253        3.100353       
154             107.772037      423.248047      135.637601      0.020080        3.120433       
155             108.421472      425.424500      135.463637      0.020074        3.140507       
156             105.082995      427.533936      135.270678      0.020074        3.160581       
157             98.129821       429.866089      134.993482      0.023766        3.184347       
158             137.065596      433.017090      135.008334      0.022989        3.207336       
159             130.063301      435.626160      134.977598      0.020060        3.227396       
160             113.913036      437.912964      134.847382      0.020075        3.247471       
161             106.580468      440.052673      134.673709      0.020076        3.267547       
162             106.182076      442.183960      134.499758      0.020072        3.287619       
163             108.677170      444.366089      134.343005      0.020079        3.307698       
164             158.979747      447.556335      134.491569      0.020067        3.327765       
165             265.394455      452.879883      135.275893      0.020059        3.347824       
166             281.995871      458.536438      136.149753      0.020059        3.367883       
167             227.981844      463.109070      136.693410      0.020057        3.387940       
168             152.301855      466.163940      136.785274      0.020058        3.407998       
169             121.653680      468.605530      136.696684      0.020070        3.428068       
170             111.455635      470.844116      136.549659      0.020085        3.448153       
171             100.247279      472.856079      136.339583      0.020070        3.468223       
172             135.887767      475.598022      136.336970      0.020178        3.488401       
173             144.145176      478.490295      136.381625      0.020065        3.508466       
174             137.669031      481.252625      136.388946      0.020065        3.528531       
175             137.392984      484.009277      136.394623      0.020064        3.548595       
176             141.491557      486.848022      136.423278      0.020063        3.568658       
177             119.508929      489.245850      136.328712      0.020064        3.588722       
178             94.234144       491.136658      136.094665      0.020065        3.608787       
179             129.638489      493.737854      136.058967      0.020065        3.628852       
180             257.454510      498.902649      136.726375      0.020061        3.648913       
181             211.703444      503.153442      137.136697      0.020079        3.668992       
182             115.844344      505.480408      137.020760      0.020087        3.689079       
183             105.087912      507.591309      136.847827      0.020087        3.709166       
184             124.703524      510.094482      136.782459      0.020073        3.729239       
185             132.030520      512.744995      136.757016      0.020075        3.749314       
186             119.160108      515.134155      136.663415      0.020050        3.769364       
187             147.674313      518.104919      136.721868      0.020117        3.789481       
188             91.200562       519.938416      136.481642      0.020104        3.809585       
189             76.208955       521.470825      136.165177      0.020108        3.829693       
190             98.588829       523.704651      135.944168      0.022658        3.852351       
191             113.004873      525.973450      135.825237      0.020077        3.872428       
192             107.843776      528.138306      135.680934      0.020074        3.892502       
193             108.096394      530.307800      135.539436      0.020070        3.912572       
194             117.969256      532.674500      135.449803      0.020062        3.932634       
195             122.864360      535.139404      135.385925      0.020062        3.952696       
196             130.775277      537.762756      135.362644      0.020060        3.972756       
197             112.537370      540.021606      135.247901      0.020072        3.992828       
198             113.138709      542.293884      135.137248      0.020084        4.012912       
199             105.835003      544.418945      134.991361      0.020079        4.032991       
200             106.632920      546.559814      134.850887      0.020077        4.053068       
201             127.311196      549.114441      134.813743      0.020066        4.073134       
202             259.613941      554.321777      135.425306      0.020058        4.093192       
203             270.057747      559.739136      136.081897      0.020060        4.113252       
204             263.920678      565.032593      136.702239      0.020057        4.133309       
205             152.341044      568.083679      136.777651      0.020028        4.153337       
206             136.305971      570.819885      136.775382      0.020074        4.173411       
207             107.040945      572.969910      136.632960      0.020086        4.193497       
208             101.717158      575.013306      136.466493      0.020089        4.213586       
209             135.962938      577.743713      136.464105      0.020082        4.233668       
210             137.548040      580.504578      136.469219      0.020072        4.253740       
211             137.132199      583.256958      136.472333      0.020071        4.273811       
212             136.201185      585.991333      136.471065      0.020076        4.293887       
213             144.000404      588.882141      136.506103      0.020075        4.313962       
214             128.629668      591.463867      136.469627      0.020071        4.334033       
215             101.599194      593.513428      136.308073      0.020173        4.354206       
216             108.870152      595.698669      136.182170      0.020072        4.374278       
217             236.818110      600.449951      136.641638      0.020063        4.394341       
218             223.179455      604.930725      137.035216      0.020077        4.414418       
219             143.945570      607.824463      137.066543      0.020103        4.434521       
220             109.758942      610.033142      136.943186      0.020123        4.454644       
221             117.004549      612.384583      136.853637      0.020097        4.474741       
222             124.978195      614.895020      136.800567      0.020087        4.494828       
223             128.914809      617.483887      136.765492      0.020082        4.514910       
224             149.798658      620.494690      136.823254      0.020099        4.535009       
225             96.563991       622.432922      136.645852      0.020072        4.555081       
226             76.462761       623.967224      136.381896      0.020066        4.575147       
227             91.873588       625.811035      136.187512      0.020069        4.595216       
228             116.936912      628.157959      136.103799      0.020070        4.615286       
229             109.596707      630.356140      135.989104      0.020057        4.635343       
230             105.403347      632.471375      135.857258      0.020068        4.655411       
231             110.113906      634.681030      135.746769      0.020067        4.675478       
232             123.660815      637.162903      135.695110      0.020070        4.695548       
233             114.048497      639.451172      135.603008      0.020064        4.715612       
234             122.395744      641.907410      135.547041      0.020068        4.735680       
235             106.522761      644.046387      135.424493      0.020080        4.755760       
236             106.465009      646.184204      135.302733      0.020080        4.775840       
237             106.525801      648.323242      135.182247      0.020080        4.795920       
238             100.947433      650.351074      135.039451      0.020088        4.816008       
239             213.814618      654.642761      135.366404      0.020072        4.836080       
240             269.599579      660.050659      135.920874      0.020059        4.856139       
241             274.977711      665.566162      136.492878      0.020058        4.876197       
242             197.385955      669.525330      136.742333      0.020058        4.896255       
243             149.699408      672.530396      136.795238      0.020074        4.916329       
244             117.375067      674.886230      136.716277      0.020071        4.936400       
245             98.249748       677.042419      136.546021      0.021946        4.958346       
246             125.259805      679.556885      136.500513      0.020074        4.978420       
247             138.141160      682.329102      136.507100      0.020068        4.998488       
248             139.263914      685.124268      136.518126      0.020071        5.018559       
249             135.887470      687.851257      136.515614      0.020068        5.038627       
250             138.848974      690.637817      136.524871      0.020069        5.058696       
251             140.346789      693.453735      136.539969      0.020064        5.078760       
252             102.050757      695.501282      136.404254      0.020064        5.098824       
253             96.819419       697.444641      136.249035      0.020072        5.118896       
254             173.196611      700.919312      136.393275      0.020062        5.138958       
255             277.118047      706.478577      136.940487      0.020061        5.159019       
256             150.936730      709.508179      136.994731      0.020072        5.179091       
257             103.481420      711.709229      136.857658      0.021270        5.200361       
258             107.762617      713.899719      136.744375      0.020327        5.220688       
259             131.175408      716.532410      136.723048      0.020070        5.240758       
260             123.807048      719.016846      136.673781      0.020067        5.260825       
261             145.119953      721.938110      136.705977      0.020130        5.280955       
262             122.936038      724.408264      136.653783      0.020093        5.301048       
263             72.451104       725.861633      136.411746      0.020060        5.321108       
264             81.722434       727.678650      136.184180      0.022234        5.343342       
265             108.214028      729.850830      136.079500      0.020073        5.363415       
266             106.844972      731.995422      135.970501      0.020072        5.383487       
267             108.295049      734.168579      135.867723      0.020067        5.403554       
268             111.975346      736.415588      135.779323      0.020067        5.423621       
269             113.815907      738.699646      135.698356      0.020068        5.443689       
270             115.125027      741.009399      135.622810      0.020063        5.463752       
271             121.638281      743.449585      135.571652      0.020061        5.483813       
272             114.564420      745.749695      135.495022      0.020077        5.503890       
273             104.406553      747.888672      135.379731      0.020487        5.524377       
274             112.060912      750.138855      135.295279      0.020080        5.544457       
275             104.004392      752.227783      135.182335      0.020085        5.564542       
276             143.678503      755.111267      135.212867      0.020069        5.584611       
277             266.845861      760.463928      135.683979      0.020059        5.604670       
278             282.125561      766.122803      136.206196      0.020058        5.624728       
279             228.203197      771.058838      136.558617      0.021630        5.646358       
280             166.080257      774.390076      136.663118      0.020058        5.666416       
281             118.300270      776.764954      136.598291      0.020075        5.686491       
282             103.214738      778.837402      136.480829      0.020079        5.706570       
283             101.312703      780.870850      136.357570      0.020071        5.726641       
284             135.612051      783.592041      136.354967      0.020066        5.746707       
285             143.362212      786.469177      136.379353      0.020069        5.766776       
286             136.814265      789.214355      136.380861      0.020065        5.786841       
287             137.198321      791.967651      136.383686      0.020068        5.806909       
288             142.321048      794.822754      136.404127      0.020061        5.826970       
289             120.263441      797.235840      136.348737      0.020065        5.847035       
290             94.134020       799.124451      136.204381      0.020063        5.867098       
291             100.333972      801.137451      136.082137      0.020063        5.887161       
292             269.265410      806.539185      136.534429      0.020061        5.907222       
293             225.144013      811.063904      136.834866      0.020097        5.927319       
294             116.971411      813.417603      136.767662      0.020122        5.947441       
295             106.571539      815.558838      136.665995      0.020092        5.967533       
296             119.665510      817.961243      136.608994      0.020076        5.987609       
297             126.710128      820.504822      136.575918      0.020074        6.007683       
298             119.243344      822.899109      136.518182      0.020079        6.027762       
299             159.621535      826.108459      136.594988      0.020106        6.047868       
300             92.210259       827.974426      136.446974      0.020236        6.068104       
301             76.422760       829.504333      136.249602      0.020019        6.088123       
302             98.637712       831.696655      136.112791      0.022226        6.110349       
303             108.072763      833.865784      136.020988      0.020071        6.130420       
304             108.721818      836.048157      135.931893      0.020073        6.150493       
305             111.751299      838.290894      135.853249      0.020069        6.170562       
306             112.974794      840.558411      135.779073      0.020071        6.190633       
307             121.181997      842.989685      135.731919      0.020063        6.210696       
308             129.647993      845.590942      135.712328      0.020064        6.230760       
309             117.411790      847.947632      135.653563      0.020072        6.250832       
310             110.951156      850.201050      135.573561      0.020310        6.271142       
311             106.403437      852.337524      135.480461      0.020079        6.291221       
312             106.430795      854.474548      135.388042      0.020079        6.311300       
313             101.483625      856.508179      135.280733      0.020039        6.331339       
314             277.022562      862.064697      135.728360      0.020058        6.351397       
315             270.690218      867.494202      136.153234      0.020058        6.371455       
316             269.988589      872.909363      136.573218      0.020057        6.391512       
317             166.188959      876.242615      136.665864      0.020057        6.411569       
318             133.624080      878.924316      136.656372      0.020069        6.431638       
319             106.999191      881.073181      136.564055      0.020083        6.451721       
320             101.558124      883.112976      136.455415      0.020085        6.471806       
321             129.212466      885.706787      136.433019      0.020074        6.491880       
322             144.364427      888.604614      136.457467      0.020073        6.511953       
323             136.011041      891.334900      136.456095      0.020074        6.532027       
324             136.441901      894.073425      136.456052      0.020071        6.552098       
325             138.864405      896.861267      136.463409      0.020076        6.572174       
326             136.409696      899.598328      136.463245      0.020065        6.592239       
327             96.030552       901.525757      136.340516      0.020071        6.612310       
328             103.543143      903.600037      136.241451      0.020033        6.632343       
329             221.265371      908.039062      136.497862      0.020062        6.652405       
330             241.605473      912.890259      136.814155      0.020079        6.672484       
331             141.410708      915.733887      136.827966      0.020109        6.692593       
332             117.962031      918.105042      136.771472      0.020101        6.712694       
333             116.474967      920.444092      136.710933      0.020082        6.732776       
334             124.572152      922.945251      136.674842      0.020078        6.752854       
335             128.388280      925.521362      136.650292      0.020065        6.772919       
336             144.431441      928.423279      136.673307      0.020092        6.793011       
337             101.984989      930.468384      136.571208      0.020053        6.813064       
338             74.864884       931.970398      136.390030      0.020063        6.833127       
339             92.449228       934.116699      136.241244      0.023216        6.856343       
340             109.744678      936.319275      136.163909      0.020070        6.876413       
341             117.046392      938.668396      136.108274      0.020070        6.896483       
342             107.374918      940.823303      136.024901      0.020069        6.916552       
343             109.543288      943.226135      135.941184      0.021935        6.938487       
344             125.780656      945.750427      135.911880      0.020069        6.958556       
345             129.234635      948.343262      135.892683      0.020063        6.978619       
346             119.014298      950.732117      135.844277      0.020072        6.998691       
347             107.227949      952.885254      135.762408      0.020080        7.018771       
348             112.502607      955.144531      135.696048      0.020082        7.038853       
349             106.068267      957.274170      135.611776      0.020078        7.058931       
350             95.806405       959.197388      135.498900      0.020074        7.079005       
351             245.394001      964.120728      135.809479      0.020063        7.099068       
352             280.683211      969.750671      136.217658      0.020058        7.119126       
353             267.994179      975.126099      136.587893      0.020058        7.139184       
354             175.524766      978.646423      136.696971      0.020056        7.159240       
355             140.188034      981.459717      136.706730      0.020068        7.179308       
356             109.236671      983.649475      136.630241      0.020046        7.199354       
357             101.828643      985.693481      136.533479      0.020073        7.219427       
358             122.100736      988.143066      136.493483      0.020062        7.239489       
359             143.409340      991.019714      136.512592      0.020059        7.259548       
360             137.532187      993.778748      136.515402      0.020061        7.279609       
361             137.278135      996.532410      136.517498      0.020059        7.299668       
362             137.137416      999.283386      136.519197      0.020060        7.319728       
363             135.903487      1002.009338     136.517514      0.020058        7.339786       
364             104.465656      1004.104919     136.430153      0.020060        7.359846       
365             97.933766       1006.069275     136.325523      0.020058        7.379904       
366             207.052699      1010.221924     136.517214      0.020056        7.399960       
367             272.295483      1015.683899     136.884272      0.020059        7.420019       
368             136.744153      1018.430542     136.883894      0.020086        7.440105       
369             106.150474      1020.564697     136.801068      0.020105        7.460210       
370             116.068887      1023.250183     136.736969      0.023137        7.483347       
371             122.422976      1025.707947     136.698670      0.020076        7.503423       
372             134.321729      1028.404724     136.692327      0.020077        7.523500       
373             143.647662      1031.293335     136.710868      0.020109        7.543609       
374             99.985543       1033.298645     136.613486      0.020056        7.563665       
375             77.564941       1034.854675     136.457287      0.020061        7.583726       
376             89.680854       1036.793396     136.324326      0.021618        7.605344       
377             109.424101      1038.989319     136.253532      0.020068        7.625412       
378             107.663290      1041.149475     136.178503      0.020064        7.645476       
379             113.059839      1043.417908     136.117991      0.020064        7.665540       
380             107.615178      1045.577637     136.043564      0.020069        7.685609       
381             121.306955      1048.012146     136.005183      0.020069        7.705678       
382             134.372868      1050.708069     136.000944      0.020063        7.725741       
383             119.379865      1053.104858     135.957862      0.020077        7.745818       
384             105.886658      1055.264099     135.878903      0.020392        7.766210       
385             107.148042      1057.416382     135.804784      0.020087        7.786297       
386             111.466939      1059.666565     135.741848      0.020187        7.806484       
387             95.232223       1061.579590     135.637874      0.020088        7.826572       
388             236.908135      1066.333862     135.896876      0.020068        7.846640       
389             266.932195      1071.687988     136.230981      0.020058        7.866698       
390             275.604555      1077.216064     136.585443      0.020058        7.886756       
391             188.443040      1080.995667     136.716989      0.020057        7.906813       
392             139.374705      1083.793335     136.723719      0.020073        7.926886       
393             109.314883      1085.988159     136.654471      0.020078        7.946964       
394             104.728086      1088.091309     136.573996      0.020082        7.967046       
395             123.628086      1090.847473     136.537871      0.022294        7.989340       
396             135.772579      1093.572021     136.535953      0.020067        8.009407       
397             142.601868      1096.434326     136.551117      0.020072        8.029479       
398             137.051586      1099.184814     136.552365      0.020069        8.049548       
399             135.955765      1101.912903     136.550881      0.020066        8.069614       
400             128.398036      1104.488953     136.530662      0.020063        8.089677       
401             105.554595      1106.607117     136.454013      0.020067        8.109744       
402             99.535331       1108.604492     136.362886      0.020067        8.129811       
403             221.556644      1113.049805     136.572623      0.020064        8.149875       
404             254.388203      1118.152832     136.861901      0.020060        8.169935       
405             134.251233      1120.851685     136.855493      0.020103        8.190038       
406             109.619238      1123.055908     136.788786      0.020108        8.210146       
407             116.786817      1125.402039     136.739964      0.020089        8.230235       
408             124.969802      1127.911682     136.711315      0.020082        8.250317       
409             128.011356      1130.474854     136.690251      0.020023        8.270340       
410             149.396044      1133.478760     136.721067      0.020107        8.290447       
411             103.633210      1135.562927     136.640997      0.020111        8.310558       
412             72.652790       1137.020996     136.486845      0.020069        8.330627       
413             86.099713       1138.814453     136.361171      0.020830        8.351457       
414             112.343158      1141.067383     136.303635      0.020054        8.371511       
415             107.591854      1143.238586     136.234590      0.020180        8.391691       
416             107.605184      1145.785278     136.154074      0.023667        8.415358       
417             109.541164      1147.985413     136.090708      0.020085        8.435443       
418             118.845619      1150.372070     136.049751      0.020082        8.455525       
419             116.326219      1152.716858     136.002844      0.020157        8.475682       
420             124.079214      1155.408508     135.972404      0.021693        8.497375       
421             111.417091      1157.648438     135.914446      0.020104        8.517479       
422             106.410536      1159.786438     135.845012      0.020092        8.537571       
423             106.878421      1161.931702     135.777071      0.020072        8.557643       
424             98.291013       1163.905090     135.689331      0.020077        8.577720       
425             226.947024      1168.460144     135.902367      0.020071        8.597791       
426             272.824927      1173.932739     136.221069      0.020059        8.617850       
427             268.736655      1179.323059     136.528782      0.020058        8.637908       
428             188.229468      1183.103271     136.648707      0.020083        8.657991       
429             144.612638      1186.006226     136.667129      0.020074        8.678065       
430             115.480219      1188.323914     136.618242      0.020070        8.698135       
431             100.166101      1190.335449     136.534276      0.020082        8.718217       
432             122.185858      1192.788086     136.501316      0.020073        8.738290       
433             139.715475      1195.589661     136.508675      0.020052        8.758342       
434             137.752640      1198.353943     136.511519      0.020067        8.778409       
435             138.695526      1201.137146     136.516500      0.020067        8.798476       
436             143.326912      1204.013000     136.531996      0.020065        8.818541       
437             134.647291      1206.714294     136.527718      0.020062        8.838603       
438             105.558210      1208.832214     136.457575      0.020064        8.858667       
439             97.906888       1210.796814     136.370450      0.020066        8.878733       
440             175.666609      1214.320862     136.459037      0.020061        8.898794       
441             278.765754      1219.912903     136.779109      0.020060        8.918854       
442             160.139368      1223.127380     136.831566      0.020073        8.938927       
443             110.404061      1225.345398     136.772304      0.020090        8.959017       
444             119.824272      1227.751709     136.734399      0.020082        8.979099       
445             133.952618      1230.440674     136.728194      0.020074        8.999173       
446             127.885645      1233.008362     136.708510      0.020078        9.019251       
447             149.054021      1236.004944     136.735967      0.020104        9.039355       
448             112.104830      1238.252197     136.681465      0.020046        9.059401       
449             76.890182       1239.794922     136.549337      0.020064        9.079465       
450             80.832067       1241.418030     136.426385      0.020080        9.099545       
451             112.262502      1243.672485     136.373175      0.020082        9.119627       
452             109.075436      1245.861084     136.313246      0.020065        9.139692       
453             107.654882      1248.021179     136.250468      0.020065        9.159757       
454             106.022197      1250.148621     136.184393      0.020066        9.179823       
455             113.137226      1252.418945     136.134122      0.020067        9.199890       
456             126.249636      1254.952271     136.112609      0.020066        9.219956       
457             125.830628      1257.476685     136.090285      0.020062        9.240018       
458             107.579820      1259.636780     136.028465      0.020079        9.260097       
459             111.479946      1261.875854     135.975335      0.020085        9.280182       
460             106.035627      1264.004944     135.910696      0.020079        9.300261       
461             104.218889      1266.098389     135.842394      0.020087        9.320348       
462             167.319728      1269.455994     135.910020      0.020067        9.340415       
463             268.706226      1274.845703     136.194582      0.020058        9.360473       
464             271.120617      1280.283569     136.483074      0.020057        9.380530       
465             226.838506      1284.833496     136.675865      0.020058        9.400588       
466             150.319271      1287.848450     136.704912      0.020057        9.420645       
467             123.539171      1290.327881     136.676923      0.020070        9.440715       
468             107.814482      1292.660339     136.610934      0.021634        9.462349       
469             93.477812       1294.731995     136.510147      0.022162        9.484511       
470             149.546648      1298.030396     136.540393      0.022056        9.506567       
471             134.927311      1300.749451     136.536981      0.020152        9.526719       
472             137.705533      1303.512512     136.539437      0.020065        9.546784       
473             137.726826      1306.276001     136.541927      0.020065        9.566849       
474             124.421993      1308.794800     136.516335      0.020244        9.587093       
475             107.120522      1311.180481     136.448206      0.022271        9.609364       
476             95.638961       1313.101868     136.363066      0.020090        9.629454       
477             153.589090      1316.187012     136.398924      0.020087        9.649541       
478             266.310059      1321.529724     136.668457      0.020062        9.669603       
479             184.139344      1325.225769     136.766792      0.020072        9.689675       
480             111.000643      1327.454773     136.713505      0.020081        9.709756       
481             112.833890      1329.720703     136.664218      0.020082        9.729838       
482             122.392638      1332.177368     136.634837      0.020072        9.749910       
483             128.203628      1334.750671     136.617516      0.020072        9.769982       
484             120.303249      1337.164917     136.584074      0.020068        9.790050       
485             144.933793      1340.074463     136.601161      0.020075        9.810125       
486             84.502284       1341.774902     136.494512      0.020123        9.830248       
487             75.055516       1343.284119     136.369094      0.020108        9.850356       
488             106.861119      1345.848572     136.297379      0.023998        9.874354       
489             106.685342      1347.990173     136.237302      0.020074        9.894428       
490             106.455042      1350.127258     136.176998      0.020075        9.914503       
491             112.627906      1352.388489     136.129407      0.020077        9.934580       
492             118.613944      1354.770020     136.094080      0.020078        9.954658       
493             121.483407      1357.208313     136.064680      0.020071        9.974729       
494             130.692266      1359.830261     136.053897      0.020062        9.994791       
495             107.740131      1362.260986     135.990129      0.022561        10.017352      
496             110.479589      1364.479858     135.939084      0.020084        10.037436      
497             105.384836      1366.595459     135.878097      0.020075        10.057511      
498             104.388565      1368.691895     135.815344      0.020083        10.077594      
499             188.452813      1372.473389     135.919945      0.020066        10.097660      
500             265.497909      1377.799011     136.176841      0.020059        10.117719      
501             270.472857      1383.224426     136.442564      0.020059        10.137778      
502             206.765864      1387.681885     136.591790      0.021558        10.159336      
503             141.552143      1390.520996     136.601563      0.020057        10.179393      
504             120.142246      1392.932251     136.569175      0.020070        10.199463      
505             106.338129      1395.067627     136.509773      0.020081        10.219544      
506             94.335929       1397.133301     136.419602      0.021897        10.241441      
507             141.826729      1400.241150     136.431146      0.021913        10.263354      
508             140.750447      1403.065308     136.439574      0.020065        10.283419      
509             136.294105      1405.800049     136.439291      0.020065        10.303484      
510             135.288969      1408.514893     136.437055      0.020067        10.323551      
511             140.570701      1411.335022     136.445072      0.020062        10.343613      
512             114.052983      1413.622925     136.401730      0.020060        10.363673      
513             97.768208       1415.584351     136.327088      0.020062        10.383735      
514             137.003227      1418.355652     136.328402      0.020228        10.403963      
515             265.774609      1423.687622     136.577533      0.020062        10.424025      
516             198.120245      1427.664490     136.695815      0.020073        10.444098      
517             108.695325      1429.847961     136.642063      0.020088        10.464186      
518             87.300668       1431.956360     136.528447      0.024151        10.488337      
519             149.830974      1434.964966     136.553866      0.020080        10.508417      
520             123.408669      1437.441284     136.528813      0.020066        10.528483      
521             151.264610      1440.476257     136.556841      0.020064        10.548547      
522             122.624347      1442.934875     136.530409      0.020050        10.568597      
523             79.575323       1444.529724     136.422606      0.020042        10.588639      
524             75.748146       1446.048096     136.307962      0.020045        10.608684      
525             108.666058      1448.618591     136.246464      0.023655        10.632339      
526             109.121065      1450.808105     136.195370      0.020065        10.652404      
527             107.837395      1452.971863     136.142055      0.020065        10.672469      
528             106.906582      1455.116943     136.087193      0.020065        10.692534      
529             118.295350      1457.490540     136.053869      0.020065        10.712599      
530             119.003953      1459.878235     136.021995      0.020064        10.732663      
531             135.526523      1462.597168     136.021071      0.020062        10.752725      
532             108.437678      1464.773621     135.969680      0.020071        10.772796      
533             107.405824      1466.930115     135.916542      0.020078        10.792874      
534             104.499495      1469.052917     135.857521      0.020314        10.813188      
535             110.527229      1471.271973     135.810577      0.020077        10.833265      
536             152.673067      1474.335205     135.841750      0.020064        10.853329      
537             243.707427      1479.211060     136.040223      0.020007        10.873336      
538             265.843907      1484.543091     136.279219      0.020057        10.893393      
539             261.584458      1489.789429     136.509497      0.020056        10.913449      
540             156.907550      1492.936523     136.546916      0.020057        10.933506      
541             123.101404      1495.406799     136.522284      0.020067        10.953573      
542             104.461854      1497.503662     136.463639      0.020073        10.973646      
543             102.591914      1499.560425     136.401870      0.020048        10.993694      
544             134.323571      1502.256165     136.398083      0.020069        11.013763      
545             135.831054      1504.981750     136.397052      0.020066        11.033829      
546             145.182040      1507.895264     136.413001      0.020068        11.053897      
547             136.732984      1510.639221     136.413581      0.020068        11.073965      
548             138.257725      1513.413086     136.416916      0.020063        11.094028      
549             123.654733      1515.894836     136.393870      0.020070        11.114098      
550             102.168338      1517.944946     136.332189      0.020066        11.134164      
551             97.212468       1519.896973     136.261765      0.020080        11.154244      
552             247.638255      1524.866577     136.461786      0.020068        11.174312      
553             246.791545      1529.810059     136.659209      0.020031        11.194343      
554             121.189530      1532.245483     136.631488      0.020096        11.214439      
555             103.366578      1534.325012     136.571919      0.020118        11.234557      
556             119.519721      1536.810425     136.540414      0.020795        11.255352      
557             129.210332      1539.404968     136.527360      0.020080        11.275432      
558             120.067117      1541.815796     136.498101      0.020079        11.295511      
559             146.716907      1544.765686     136.516258      0.020106        11.315617      
560             98.454091       1546.743530     136.448804      0.020089        11.335706      
561             77.946054       1548.305725     136.345552      0.020042        11.355748      
562             97.656250       1550.416077     136.272066      0.021610        11.377358      
563             106.597210      1552.556335     136.219790      0.020078        11.397436      
564             107.824621      1554.721130     136.169859      0.020077        11.417513      
565             109.903412      1556.927551     136.123754      0.020076        11.437589      
566             115.427795      1559.244995     136.087489      0.020077        11.457666      
567             117.508642      1561.603394     136.055002      0.020070        11.477736      
568             129.852972      1564.208374     136.044181      0.020061        11.497797      
569             115.995378      1566.536865     136.009239      0.020074        11.517871      
570             112.852126      1568.803162     135.968933      0.020082        11.537953      
571             106.541719      1570.942200     135.917816      0.020077        11.558030      
572             106.179952      1573.073975     135.866250      0.020077        11.578107      
573             107.021423      1575.221252     135.816350      0.020064        11.598171      
574             252.258766      1580.281311     136.017389      0.020059        11.618230      
575             281.638692      1585.930420     136.268360      0.020058        11.638288      
576             273.711473      1591.418335     136.504735      0.020050        11.658338      
577             150.097126      1594.428833     136.528079      0.020057        11.678395      
578             143.994559      1597.319092     136.540890      0.020072        11.698467      
579             109.217127      1599.512390     136.494065      0.020082        11.718549      
580             95.505537       1601.430237     136.423947      0.020081        11.738630      
581             123.790897      1603.915710     136.402376      0.020078        11.758708      
582             137.539688      1606.676270     136.404314      0.020071        11.778779      
583             138.243762      1609.450684     136.407443      0.020069        11.798848      
584             137.783056      1612.215576     136.409778      0.020067        11.818915      
585             145.866359      1615.142822     136.425808      0.020068        11.838983      
586             132.151578      1617.794312     136.418577      0.020064        11.859047      
587             103.659698      1619.874451     136.363238      0.020067        11.879114      
588             96.345856       1621.808594     136.295725      0.020075        11.899189      
589             190.874796      1625.638306     136.387600      0.020064        11.919253      
590             277.014603      1631.195496     136.623888      0.020061        11.939314      
591             134.455184      1633.890381     136.620253      0.020043        11.959357      
592             106.825099      1636.291809     136.564352      0.022480        11.981837      
593             119.113887      1638.854187     136.533078      0.021512        12.003349      
594             130.883900      1641.480896     136.523649      0.020069        12.023418      
595             123.287122      1643.954529     136.501597      0.020064        12.043482      
596             150.071822      1646.972473     136.524219      0.020110        12.063592      
597             111.961165      1649.218750     136.483436      0.020063        12.083655      
598             69.132805       1650.605347     136.371829      0.020057        12.103712      
599             84.659757       1652.436707     136.279573      0.021632        12.125344      
600             111.934785      1654.683350     136.239342      0.020071        12.145415      
601             106.477034      1656.820557     136.190237      0.020072        12.165487      
602             107.020590      1658.968567     136.142191      0.020071        12.185558      
603             106.477034      1661.105774     136.093407      0.020072        12.205630      
604             128.182342      1663.678650     136.080419      0.020072        12.225702      
605             118.834084      1666.063293     136.052158      0.020067        12.245769      
606             125.487163      1668.582825     136.034864      0.020078        12.265847      
607             106.598023      1670.723633     135.986745      0.020083        12.285930      
608             106.117044      1672.854675     135.938001      0.020082        12.306012      
609             111.559901      1675.094910     135.898286      0.020081        12.326093      
610             99.227723       1677.087402     135.838644      0.020080        12.346173      
611             181.289381      1680.724792     135.912387      0.020064        12.366237      
612             263.042384      1686.001160     136.118268      0.020059        12.386296      
613             280.531478      1691.623291     136.351551      0.020041        12.406337      
614             210.196362      1695.838989     136.470735      0.020056        12.426393      
615             162.230143      1699.094299     136.512264      0.020066        12.446459      
616             111.820760      1701.338989     136.472505      0.020074        12.466533      
617             101.755653      1703.382446     136.416671      0.020082        12.486615      
618             116.226083      1706.140259     136.378376      0.023728        12.510343      
619             131.841898      1708.786194     136.371110      0.020069        12.530412      
620             143.090492      1711.658020     136.381855      0.020070        12.550482      
621             137.611953      1714.419617     136.383819      0.020068        12.570550      
622             135.864118      1717.146545     136.382991      0.020071        12.590621      
623             135.764507      1719.870117     136.382007      0.020061        12.610682      
624             105.952409      1721.996582     136.333655      0.020070        12.630752      
625             97.210334       1723.947205     136.271600      0.020066        12.650818      
626             167.371340      1727.305176     136.320843      0.020063        12.670881      
627             276.104902      1732.844116     136.541804      0.020061        12.690942      
628             163.718904      1736.131592     136.584737      0.020080        12.711022      
629             109.839597      1738.339478     136.542509      0.020101        12.731123      
630             110.619195      1740.561707     136.501668      0.020089        12.751212      
631             124.088406      1743.053650     136.482149      0.020082        12.771294      
632             129.772745      1745.656372     136.471629      0.020056        12.791350      
633             143.692632      1748.540283     136.482941      0.020070        12.811420      
634             127.120848      1751.091980     136.468296      0.020073        12.831493      
635             75.089524       1752.597900     136.372513      0.020055        12.851548      
636             79.510538       1754.490967     136.267365      0.023809        12.875357      
637             108.101705      1756.661865     136.223502      0.020082        12.895439      
638             109.341608      1758.857117     136.181715      0.020077        12.915516      
639             113.904322      1761.143860     136.147140      0.020076        12.935592      
640             108.403910      1763.320068     136.104152      0.020075        12.955667      
641             118.392397      1765.697388     136.076743      0.020080        12.975747      
642             124.552205      1768.205994     136.058882      0.020141        12.995888      
643             135.181299      1770.929626     136.057524      0.020148        13.016036      
644             110.655851      1773.152039     136.018389      0.020084        13.036120      
645             106.080281      1775.281494     135.972359      0.020074        13.056194      
646             106.474770      1777.418762     135.927078      0.020073        13.076267      
647             99.876539       1779.424683     135.871792      0.020084        13.096351      
648             190.365331      1783.244934     135.955167      0.020068        13.116419      
649             268.739698      1788.635315     136.157915      0.020058        13.136477      
650             267.546868      1794.001770     136.358226      0.020058        13.156535      
651             221.737433      1798.449158     136.488187      0.020057        13.176592      
652             153.216100      1801.523132     136.513619      0.020063        13.196655      
653             112.973566      1803.791077     136.477864      0.020075        13.216730      
654             102.789173      1805.854980     136.426761      0.020079        13.236809      
655             110.133278      1808.065796     136.386947      0.020074        13.256883      
656             133.061994      1810.736084     136.381921      0.020068        13.276951      
657             145.033011      1813.646606     136.394977      0.020068        13.297019      
658             136.114876      1816.378296     136.394555      0.020069        13.317088      
659             136.551942      1819.118347     136.394792      0.020066        13.337154      
660             137.888157      1821.884521     136.397035      0.020061        13.357215      
661             112.935116      1824.150452     136.361845      0.020064        13.377279      
662             97.281529       1826.102600     136.303310      0.020067        13.397346      
663             132.479079      1828.760925     136.297590      0.020066        13.417412      
664             269.121721      1834.160583     136.495915      0.020064        13.437476      
665             198.935808      1838.159790     136.589188      0.020103        13.457579      
666             115.571789      1840.484863     136.557816      0.020118        13.477697      
667             105.515730      1842.605835     136.511588      0.020101        13.497798      
668             123.513691      1845.086731     136.492274      0.020086        13.517884      
669             124.993825      1847.597107     136.475216      0.020084        13.537968      
670             118.408994      1849.973694     136.448471      0.020071        13.558039      
671             152.398152      1853.037659     136.472088      0.020105        13.578144      
672             90.494759       1854.859680     136.404012      0.020134        13.598278      
673             75.096343       1856.367615     136.313615      0.020080        13.618358      
674             101.630595      1858.704712     136.255148      0.022996        13.641354      
675             108.214438      1860.877441     136.213937      0.020078        13.661432      
676             108.920771      1863.064026     136.173890      0.020075        13.681507      
677             104.513545      1865.161926     136.127507      0.020073        13.701580      
678             120.833196      1867.588257     136.105126      0.020080        13.721660      
679             120.258260      1870.002441     136.081975      0.020075        13.741735      
680             127.416058      1872.559937     136.069336      0.020072        13.761807      
681             114.601145      1874.862732     136.038035      0.020094        13.781901      
682             111.629449      1877.105591     136.002503      0.020092        13.801993      
683             106.809244      1879.250854     135.960082      0.020085        13.822078      
684             105.054176      1881.373474     135.914970      0.020205        13.842283      
685             118.939758      1883.759644     135.890403      0.020062        13.862345      
686             266.302598      1889.103271     136.078904      0.020066        13.882411      
687             267.359662      1894.467041     136.268349      0.020062        13.902473      
688             259.148372      1899.665039     136.445380      0.020058        13.922531      
689             155.163862      1902.777161     136.472308      0.020057        13.942588      
690             130.871296      1905.403748     136.464257      0.020070        13.962658      
691             108.267094      1907.577209     136.423774      0.020075        13.982733      
692             95.599247       1909.496460     136.365244      0.020076        14.002809      
693             132.726376      1912.160278     136.360036      0.020070        14.022879      
694             135.199685      1914.872925     136.358378      0.020064        14.042943      
695             140.469387      1917.691162     136.364243      0.020063        14.063006      
696             137.804347      1920.456482     136.366295      0.020067        14.083073      
697             140.727042      1923.280029     136.372498      0.020064        14.103137      
698             129.484462      1925.877747     136.362714      0.020062        14.123199      
699             103.277629      1927.950012     136.315776      0.020065        14.143264      
700             98.456153       1929.927307     136.262093      0.020083        14.163347      
701             220.425011      1934.349915     136.381151      0.020064        14.183411      
702             251.811477      1939.401001     136.544169      0.020059        14.203470      
703             126.629712      1941.943726     136.530172      0.020080        14.223550      
704             98.867895       1943.928894     136.477080      0.020079        14.243629      
705             125.026128      1946.438293     136.460967      0.020071        14.263700      
706             125.504072      1948.956909     136.445573      0.020068        14.283768      
707             125.133783      1951.467468     136.429707      0.020063        14.303831      
708             149.978942      1954.486694     136.448749      0.020131        14.323962      
709             113.408337      1956.763367     136.416503      0.020075        14.344037      
710             73.672458       1958.241089     136.328887      0.020058        14.364095      
711             82.432434       1959.895508     136.253686      0.020070        14.384165      
712             107.942536      1962.397400     136.208141      0.023178        14.407343      
713             111.450214      1964.634094     136.173701      0.020069        14.427412      
714             106.191742      1966.764832     136.132062      0.020065        14.447477      
715             106.691375      1968.905701     136.091229      0.020066        14.467543      
716             121.243047      1971.338806     136.070661      0.020068        14.487611      
717             128.957453      1973.926208     136.060824      0.020064        14.507675      
718             129.583828      1976.528381     136.051871      0.020081        14.527756      
719             108.611590      1978.710388     136.013977      0.020090        14.547846      
720             106.263608      1980.844055     135.972972      0.020079        14.567925      
721             108.654556      1983.025513     135.935374      0.020077        14.588002      
722             97.661112       1984.986938     135.882753      0.020084        14.608086      
723             214.777207      1989.297302     135.990991      0.020069        14.628155      
724             282.528358      1994.964539     136.191657      0.020059        14.648214      
725             271.393136      2000.408142     136.376537      0.020058        14.668272      
726             190.794195      2004.235474     136.450856      0.020060        14.688332      
727             149.143729      2007.232666     136.468198      0.020096        14.708428      
728             112.615746      2009.493652     136.435684      0.020077        14.728505      
729             104.359449      2011.589294     136.392010      0.020081        14.748586      
730             114.016640      2013.877380     136.361606      0.020068        14.768654      
731             143.493147      2016.756714     136.371283      0.020066        14.788720      
732             137.162576      2019.509155     136.372355      0.020067        14.808787      
733             137.694850      2022.272278     136.374144      0.020067        14.828854      
734             144.802220      2025.177734     136.385533      0.020065        14.848919      
735             126.563829      2027.716858     136.372281      0.020062        14.868981      
736             107.116471      2029.866150     136.332855      0.020065        14.889046      
737             102.508035      2031.922974     136.287333      0.020065        14.909111      
738             164.015057      2035.212952     136.324588      0.020059        14.929170      
739             266.068859      2040.550293     136.498689      0.020060        14.949230      
740             166.047237      2043.884521     136.538326      0.020080        14.969310      
741             106.073968      2046.010986     136.497582      0.020047        14.989357      
742             116.377631      2048.346802     136.470677      0.020071        15.009428      
743             129.853237      2050.953735     136.461838      0.020076        15.029504      
744             124.062143      2053.443787     136.445301      0.020071        15.049575      
745             137.553395      2056.204346     136.446776      0.020069        15.069644      
746             136.282146      2058.939392     136.446557      0.020069        15.089713      
747             77.222569       2060.488708     136.367919      0.020063        15.109776      
748             78.408014       2062.058594     136.291218      0.020022        15.129798      
749             100.768901      2064.230164     136.240694      0.021550        15.151348      
750             109.484207      2066.426636     136.205312      0.020062        15.171410      
751             108.648603      2068.606018     136.168926      0.020059        15.191469      
752             110.289837      2070.818542     136.134797      0.020061        15.211530      
753             118.191539      2073.189819     136.111162      0.020063        15.231593      
754             124.324901      2075.683777     136.095660      0.020060        15.251653      
755             129.344878      2078.278564     136.086792      0.020061        15.271714      
756             112.792531      2080.543213     136.056207      0.020078        15.291792      
757             107.854106      2082.708923     136.019222      0.020080        15.311872      
758             111.703155      2084.950806     135.987392      0.020070        15.331942      
759             105.915020      2087.078003     135.948050      0.020084        15.352026      
760             141.355938      2089.914734     135.955110      0.020068        15.372094      
761             265.008021      2095.230530     136.123292      0.020059        15.392153      
762             267.559748      2100.597778     136.294365      0.020060        15.412213      
763             235.683390      2106.047485     136.443255      0.023123        15.435336      
764             148.828159      2109.032532     136.459327      0.020057        15.455393      
765             123.788627      2111.516846     136.442896      0.020069        15.475462      
766             111.780756      2113.761292     136.410939      0.020079        15.495541      
767             104.070310      2115.849670     136.369111      0.020067        15.515608      
768             130.706617      2118.472168     136.361798      0.020064        15.535672      
769             131.616242      2121.587524     136.354579      0.023670        15.559342      
770             132.976471      2124.270325     136.350204      0.020175        15.579517      
771             138.596549      2127.051819     136.353094      0.020069        15.599586      
772             141.294774      2129.886475     136.359441      0.020062        15.619648      
773             116.209502      2132.218567     136.333586      0.020068        15.639716      
774             101.362445      2134.253418     136.288755      0.020075        15.659791      
775             144.751639      2137.157715     136.299584      0.020064        15.679855      
776             266.731026      2142.508606     136.466246      0.020061        15.699916      
777             190.730683      2146.337524     136.535544      0.020075        15.719991      
778             124.089056      2148.836182     136.519622      0.020136        15.740127      
779             106.857045      2150.985291     136.481768      0.020112        15.760239      
780             120.441736      2153.404724     136.461350      0.020088        15.780327      
781             124.351575      2155.903320     136.445950      0.020093        15.800420      
782             114.580422      2158.203064     136.418210      0.020071        15.820491      
783             146.950789      2161.152954     136.431557      0.020074        15.840565      
784             82.178153       2162.801941     136.362919      0.020066        15.860631      
785             76.612595       2164.342773     136.287249      0.020112        15.880743      
786             62.076359       2165.587280     136.193682      0.020048        15.900791      
