#timestep       power           acc-energy      avg-power       dt              acc-time       
1               10.924000       0.220064        10.924000       0.020145        0.020145       
2               10.924000       0.452308        10.924000       0.021260        0.041405       
3               10.924000       0.673006        10.924000       0.020203        0.061608       
4               10.924000       0.893463        10.924000       0.020181        0.081789       
5               10.924000       1.113844        10.924000       0.020174        0.101963       
6               10.924000       1.334279        10.924000       0.020179        0.122142       
7               10.924000       1.554693        10.924000       0.020177        0.142319       
8               10.924000       1.775139        10.924000       0.020180        0.162499       
9               10.924000       1.996219        10.924000       0.020238        0.182737       
10              10.924000       2.259804        10.924000       0.024129        0.206866       
11              10.924000       2.492835        10.924000       0.021332        0.228198       
12              10.924000       2.751351        10.924000       0.023665        0.251863       
13              10.924000       2.983071        10.924000       0.021212        0.273075       
14              10.924000       3.204228        10.924000       0.020245        0.293320       
15              10.924000       3.428607        10.924000       0.020540        0.313860       
16              10.924000       3.648398        10.924000       0.020120        0.333980       
17              10.924000       3.868145        10.924000       0.020116        0.354096       
18              10.924000       4.087968        10.924000       0.020123        0.374219       
19              10.924000       4.335288        10.924000       0.022640        0.396859       
20              10.924000       4.555111        10.924000       0.020123        0.416982       
21              10.924000       4.782822        10.924000       0.020845        0.437827       
22              10.924000       5.006830        10.924000       0.020506        0.458333       
23              10.924000       5.230400        10.924000       0.020466        0.478799       
24              10.924000       5.452289        10.924000       0.020312        0.499111       
25              10.924000       5.674712        10.924000       0.020361        0.519472       
26              10.924000       5.919355        10.924000       0.022395        0.541867       
27              10.924000       6.141615        10.924000       0.020346        0.562213       
28              10.924000       6.363798        10.924000       0.020339        0.582552       
29              10.924000       6.585632        10.924000       0.020307        0.602859       
30              10.924000       6.807422        10.924000       0.020303        0.623162       
31              10.924000       7.044516        10.924000       0.021704        0.644866       
32              10.924000       7.266765        10.924000       0.020345        0.665211       
33              10.924000       7.488905        10.924000       0.020335        0.685546       
34              10.924000       7.709580        10.924000       0.020201        0.705747       
35              10.924000       7.929306        10.924000       0.020114        0.725861       
36              10.924000       8.149326        10.924000       0.020141        0.746002       
37              10.947000       8.371966        10.924610       0.020338        0.766340       
38              10.947000       8.600441        10.925204       0.020871        0.787211       
39              10.947000       8.870361        10.925866       0.024657        0.811868       
40              10.947000       9.094698        10.926386       0.020493        0.832361       
41              10.947000       9.318290        10.926880       0.020425        0.852786       
42              10.954000       9.541993        10.927514       0.020422        0.873208       
43              10.954000       9.765750        10.928120       0.020427        0.893635       
44              10.954000       9.986758        10.928691       0.020176        0.913811       
45              10.954000       10.211907       10.929248       0.020554        0.934365       
46              10.954000       10.432411       10.929770       0.020130        0.954495       
47              10.945000       10.652241       10.930084       0.020085        0.974580       
48              10.945000       10.896117       10.930417       0.022282        0.996862       
49              10.945000       11.116988       10.930706       0.020180        1.017042       
50              10.945000       11.337300       10.930984       0.020129        1.037171       
51              10.945000       11.557491       10.931251       0.020118        1.057289       
52              10.956000       11.793812       10.931745       0.021570        1.078859       
53              10.956000       12.024940       10.932211       0.021096        1.099955       
54              10.956000       12.245396       10.932638       0.020122        1.120077       
55              10.956000       12.465776       10.933050       0.020115        1.140192       
56              10.956000       12.685981       10.933448       0.020099        1.160291       
57              10.949000       12.906122       10.933713       0.020106        1.180397       
58              10.949000       13.133335       10.933977       0.020752        1.201149       
59              10.949000       13.354297       10.934225       0.020181        1.221330       
60              10.949000       13.602379       10.934494       0.022658        1.243988       
61              10.949000       13.823604       10.934726       0.020205        1.264193       
62              10.948000       14.060814       10.934950       0.021667        1.285860       
63              10.948000       14.281351       10.935151       0.020144        1.306004       
64              10.948000       14.501712       10.935346       0.020128        1.326132       
65              10.948000       14.722052       10.935535       0.020126        1.346258       
66              10.948000       14.942391       10.935719       0.020126        1.366384       
67              10.953000       15.162623       10.935969       0.020107        1.386491       
68              10.953000       15.382975       10.936213       0.020118        1.406609       
69              10.953000       15.608914       10.936455       0.020628        1.427237       
70              10.953000       15.867799       10.936725       0.023636        1.450873       
71              10.957000       16.093119       10.937008       0.020564        1.471437       
72              10.957000       16.316181       10.937281       0.020358        1.491795       
73              10.957000       16.539167       10.937547       0.020351        1.512146       
74              10.957000       16.762197       10.937805       0.020355        1.532501       
75              10.957000       16.985336       10.938057       0.020365        1.552866       
76              10.962000       17.208490       10.938366       0.020357        1.573223       
77              10.962000       17.432948       10.938670       0.020476        1.593699       
78              10.962000       17.659971       10.938969       0.020710        1.614409       
79              10.962000       17.917172       10.939299       0.023463        1.637872       
80              10.962000       18.140687       10.939578       0.020390        1.658262       
81              10.965000       18.363682       10.939886       0.020337        1.678599       
82              10.965000       18.586634       10.940187       0.020333        1.698932       
83              10.965000       18.807535       10.940478       0.020146        1.719078       
84              10.965000       19.029017       10.940763       0.020199        1.739277       
85              10.965000       19.253262       10.941044       0.020451        1.759728       
86              10.965000       19.479415       10.941322       0.020625        1.780353       
87              10.965000       19.702399       10.941589       0.020336        1.800689       
88              10.965000       19.926063       10.941851       0.020398        1.821087       
89              10.965000       20.149706       10.942108       0.020396        1.841483       
90              10.965000       20.374970       10.942360       0.020544        1.862027       
91              10.965000       20.614369       10.942623       0.021833        1.883860       
92              10.965000       20.835281       10.942860       0.020147        1.904007       
93              10.965000       21.060842       10.943096       0.020571        1.924578       
94              10.965000       21.281666       10.943323       0.020139        1.944717       
95              10.965000       21.502216       10.943545       0.020114        1.964831       
96              10.965000       21.724477       10.943764       0.020270        1.985101       
97              10.965000       21.963141       10.943994       0.021766        2.006867       
98              10.965000       22.185731       10.944205       0.020300        2.027167       
99              10.965000       22.410184       10.944413       0.020470        2.047637       
100             10.965000       22.631392       10.944613       0.020174        2.067811       
101             10.965000       22.884168       10.944838       0.023053        2.090864       
102             10.965000       23.105694       10.945031       0.020203        2.111067       
103             10.965000       23.327220       10.945220       0.020203        2.131270       
104             10.965000       23.548241       10.945406       0.020157        2.151427       
105             10.965000       23.769406       10.945588       0.020170        2.171597       
106             10.965000       23.991688       10.945767       0.020272        2.191869       
107             10.965000       24.222896       10.945951       0.021086        2.212955       
108             10.965000       24.445562       10.946124       0.020307        2.233262       
109             10.965000       24.693612       10.946313       0.022622        2.255884       
110             10.965000       24.918044       10.946481       0.020468        2.276352       
111             10.965000       25.138671       10.946643       0.020121        2.296473       
112             10.965000       25.359309       10.946803       0.020122        2.316595       
113             10.965000       25.579957       10.946959       0.020123        2.336718       
114             10.965000       25.801702       10.947114       0.020223        2.356941       
115             10.965000       26.022395       10.947266       0.020127        2.377068       
116             10.965000       26.272496       10.947434       0.022809        2.399877       
117             10.965000       26.495469       10.947582       0.020335        2.420212       
118             10.965000       26.718936       10.947727       0.020380        2.440592       
119             10.965000       26.985122       10.947897       0.024276        2.464868       
120             10.965000       27.208391       10.948038       0.020362        2.485230       
121             10.965000       27.431540       10.948175       0.020351        2.505581       
122             10.965000       27.654042       10.948310       0.020292        2.525873       
123             10.965000       27.876982       10.948444       0.020332        2.546205       
124             10.965000       28.099977       10.948575       0.020337        2.566542       
125             10.965000       28.322786       10.948704       0.020320        2.586862       
126             10.965000       28.544049       10.948830       0.020179        2.607041       
127             10.965000       28.767176       10.948955       0.020349        2.627390       
128             10.965000       28.990138       10.949079       0.020334        2.647724       
129             10.946000       29.214082       10.949055       0.020459        2.668183       
130             10.946000       29.434666       10.949032       0.020152        2.688335       
131             10.946000       29.655108       10.949010       0.020139        2.708474       
132             10.946000       29.875899       10.948987       0.020171        2.728645       
133             10.946000       30.130197       10.948962       0.023232        2.751877       
134             10.946000       30.353057       10.948940       0.020360        2.772237       
135             10.946000       30.576279       10.948919       0.020393        2.792630       
136             10.946000       30.799621       10.948898       0.020404        2.813034       
137             10.946000       31.022974       10.948877       0.020405        2.833439       
138             10.946000       31.246109       10.948856       0.020385        2.853824       
139             10.946000       31.466944       10.948836       0.020175        2.873999       
140             10.946000       31.688874       10.948816       0.020275        2.894274       
141             10.946000       31.914209       10.948796       0.020586        2.914860       
142             10.946000       32.134431       10.948777       0.020119        2.934979       
143             10.946000       32.354194       10.948758       0.020077        2.955056       
144             10.946000       32.593036       10.948738       0.021820        2.976876       
145             10.946000       32.815207       10.948720       0.020297        2.997173       
146             10.946000       33.036699       10.948701       0.020235        3.017408       
147             10.946000       33.258202       10.948683       0.020236        3.037644       
148             10.946000       33.479574       10.948666       0.020224        3.057868       
149             10.946000       33.700990       10.948648       0.020228        3.078096       
150             10.946000       33.922329       10.948631       0.020221        3.098317       
151             10.946000       34.143723       10.948614       0.020226        3.118543       
152             10.946000       34.364296       10.948597       0.020151        3.138694       
153             10.946000       34.585153       10.948580       0.020177        3.158871       
154             10.946000       34.869705       10.948559       0.025996        3.184867       
155             10.946000       35.094755       10.948543       0.020560        3.205427       
156             10.946000       35.317068       10.948527       0.020310        3.225737       
157             10.946000       35.539491       10.948511       0.020320        3.246057       
158             10.946000       35.762177       10.948495       0.020344        3.266401       
159             10.946000       35.983187       10.948480       0.020191        3.286592       
160             10.946000       36.203486       10.948465       0.020126        3.306718       
161             10.946000       36.423797       10.948450       0.020127        3.326845       
162             10.946000       36.644063       10.948435       0.020123        3.346968       
163             10.946000       36.894606       10.948419       0.022889        3.369857       
164             10.946000       37.114610       10.948405       0.020099        3.389956       
165             10.946000       37.337065       10.948390       0.020323        3.410279       
166             10.946000       37.559017       10.948376       0.020277        3.430556       
167             10.946000       37.780707       10.948362       0.020253        3.450809       
168             10.946000       38.002593       10.948348       0.020271        3.471080       
169             10.946000       38.223374       10.948335       0.020170        3.491250       
170             10.946000       38.444133       10.948321       0.020168        3.511418       
171             10.946000       38.665855       10.948308       0.020256        3.531674       
172             10.946000       38.886723       10.948295       0.020178        3.551852       
173             10.946000       39.107603       10.948282       0.020179        3.572031       
174             10.946000       39.328340       10.948269       0.020166        3.592197       
175             10.946000       39.548332       10.948257       0.020098        3.612295       
176             10.946000       39.768664       10.948244       0.020129        3.632424       
177             10.946000       39.988854       10.948232       0.020116        3.652540       
178             10.937000       40.209114       10.948170       0.020139        3.672679       
179             10.937000       40.430687       10.948109       0.020259        3.692938       
180             10.937000       40.650499       10.948049       0.020098        3.713036       
181             10.937000       40.943895       10.947969       0.026826        3.739862       
182             10.937000       41.165260       10.947910       0.020240        3.760102       
183             10.937000       41.386023       10.947852       0.020185        3.780287       
184             10.937000       41.607628       10.947794       0.020262        3.800549       
185             10.937000       41.828928       10.947737       0.020234        3.820783       
186             10.937000       42.049943       10.947681       0.020208        3.840991       
187             10.937000       42.270925       10.947625       0.020205        3.861196       
188             10.937000       42.496982       10.947568       0.020669        3.881865       
189             10.937000       42.719845       10.947513       0.020377        3.902242       
190             10.937000       42.941549       10.947459       0.020271        3.922513       
191             10.937000       43.161470       10.947405       0.020108        3.942621       
192             10.937000       43.381172       10.947353       0.020088        3.962709       
193             10.937000       43.612512       10.947298       0.021152        3.983861       
194             10.937000       43.832564       10.947246       0.020120        4.003981       
195             10.937000       44.052387       10.947195       0.020099        4.024080       
196             10.937000       44.272330       10.947144       0.020110        4.044190       
197             10.937000       44.492218       10.947094       0.020105        4.064295       
198             10.937000       44.712183       10.947044       0.020112        4.084407       
199             10.937000       44.932203       10.946995       0.020117        4.104524       
200             10.937000       45.152135       10.946946       0.020109        4.124633       
201             10.937000       45.371947       10.946898       0.020098        4.144731       
202             10.937000       45.591814       10.946850       0.020103        4.164834       
203             10.937000       45.854651       10.946794       0.024032        4.188866       
204             10.937000       46.075349       10.946747       0.020179        4.209045       
205             10.937000       46.298016       10.946700       0.020359        4.229404       
206             10.937000       46.521229       10.946653       0.020409        4.249813       
207             10.937000       46.743250       10.946607       0.020300        4.270113       
208             10.937000       46.963116       10.946562       0.020103        4.290216       
209             10.937000       47.182961       10.946518       0.020101        4.310317       
210             10.937000       47.402828       10.946473       0.020103        4.330420       
211             10.937000       47.624171       10.946429       0.020238        4.350658       
212             10.937000       47.845612       10.946386       0.020247        4.370905       
213             10.937000       48.065763       10.946343       0.020129        4.391034       
214             10.937000       48.315575       10.946294       0.022841        4.413875       
215             10.937000       48.537574       10.946252       0.020298        4.434173       
216             10.937000       48.760864       10.946209       0.020416        4.454589       
217             10.937000       49.026338       10.946159       0.024273        4.478862       
218             10.937000       49.248326       10.946118       0.020297        4.499159       
219             10.937000       49.470150       10.946077       0.020282        4.519441       
220             10.937000       49.692029       10.946037       0.020287        4.539728       
221             10.937000       49.913930       10.945996       0.020289        4.560017       
222             10.937000       50.135853       10.945957       0.020291        4.580308       
223             10.937000       50.380393       10.945913       0.022359        4.602667       
224             10.937000       50.600620       10.945874       0.020136        4.622803       
225             10.937000       50.822620       10.945835       0.020298        4.643101       
226             10.937000       51.044619       10.945797       0.020298        4.663399       
227             10.927000       51.265705       10.945716       0.020233        4.683632       
228             10.927000       51.485665       10.945636       0.020130        4.703762       
229             10.927000       51.705375       10.945556       0.020107        4.723869       
230             10.927000       51.927750       10.945477       0.020351        4.744220       
231             10.927000       52.147689       10.945399       0.020128        4.764348       
232             10.927000       52.371037       10.945320       0.020440        4.784788       
233             10.927000       52.594526       10.945242       0.020453        4.805241       
234             10.927000       52.852731       10.945153       0.023630        4.828871       
235             10.927000       53.075894       10.945076       0.020423        4.849294       
236             10.927000       53.298957       10.945001       0.020414        4.869708       
237             10.927000       53.519344       10.944926       0.020169        4.889877       
238             10.927000       53.743402       10.944852       0.020505        4.910382       
239             10.927000       53.963548       10.944779       0.020147        4.930529       
240             10.927000       54.183126       10.944706       0.020095        4.950624       
241             10.927000       54.402639       10.944635       0.020089        4.970713       
242             10.927000       54.622687       10.944564       0.020138        4.990851       
243             10.927000       54.885088       10.944480       0.024014        5.014865       
244             10.927000       55.106218       10.944409       0.020237        5.035102       
245             10.927000       55.327194       10.944340       0.020223        5.055325       
246             10.927000       55.548160       10.944271       0.020222        5.075547       
247             10.927000       55.769126       10.944202       0.020222        5.095769       
248             10.927000       55.989950       10.944134       0.020209        5.115978       
249             10.927000       56.210271       10.944067       0.020163        5.136141       
250             10.927000       56.430745       10.944000       0.020177        5.156318       
251             10.927000       56.653951       10.943933       0.020427        5.176745       
252             10.927000       56.895711       10.943861       0.022125        5.198870       
253             10.927000       57.136126       10.943790       0.022002        5.220872       
254             10.927000       57.357770       10.943725       0.020284        5.241156       
255             10.927000       57.581948       10.943660       0.020516        5.261672       
256             10.927000       57.805886       10.943595       0.020494        5.282166       
257             10.927000       58.026120       10.943532       0.020155        5.302321       
258             10.927000       58.245982       10.943470       0.020121        5.322442       
259             10.927000       58.465822       10.943407       0.020119        5.342561       
260             10.927000       58.685739       10.943346       0.020126        5.362687       
261             10.927000       58.939070       10.943276       0.023184        5.385871       
262             10.927000       59.163686       10.943214       0.020556        5.406427       
263             10.927000       59.385810       10.943153       0.020328        5.426755       
264             10.927000       59.611136       10.943092       0.020621        5.447376       
265             10.927000       59.878760       10.943020       0.024492        5.471868       
266             10.927000       60.101419       10.942960       0.020377        5.492245       
267             10.927000       60.323860       10.942901       0.020357        5.512602       
268             10.927000       60.546050       10.942843       0.020334        5.532936       
269             10.927000       60.768097       10.942785       0.020321        5.553257       
270             10.927000       60.990101       10.942727       0.020317        5.573574       
271             10.927000       61.233620       10.942665       0.022286        5.595860       
272             10.927000       61.454193       10.942608       0.020186        5.616046       
273             10.927000       61.677049       10.942552       0.020395        5.636441       
274             10.927000       61.899457       10.942496       0.020354        5.656795       
275             10.926000       62.121266       10.942437       0.020301        5.677096       
276             10.926000       62.341315       10.942379       0.020140        5.697236       
277             10.926000       62.561660       10.942321       0.020167        5.717403       
278             10.926000       62.786899       10.942263       0.020615        5.738018       
279             10.926000       63.010577       10.942205       0.020472        5.758490       
280             10.926000       63.233303       10.942148       0.020385        5.778875       
281             10.926000       63.473610       10.942086       0.021994        5.800869       
282             10.926000       63.696839       10.942030       0.020431        5.821300       
283             10.926000       63.919795       10.941974       0.020406        5.841706       
284             10.926000       64.141144       10.941919       0.020259        5.861965       
285             10.926000       64.391503       10.941857       0.022914        5.884879       
286             10.926000       64.615606       10.941802       0.020511        5.905390       
287             10.926000       64.835372       10.941748       0.020114        5.925504       
288             10.926000       65.054744       10.941695       0.020078        5.945582       
289             10.926000       65.287347       10.941639       0.021289        5.966871       
290             10.926000       65.508468       10.941586       0.020238        5.987109       
291             10.926000       65.729774       10.941533       0.020255        6.007364       
292             10.926000       65.950862       10.941481       0.020235        6.027599       
293             10.926000       66.171873       10.941429       0.020228        6.047827       
294             10.926000       66.392873       10.941378       0.020227        6.068054       
295             10.926000       66.613731       10.941327       0.020214        6.088268       
296             10.926000       66.849656       10.941273       0.021593        6.109861       
297             10.926000       67.070132       10.941223       0.020179        6.130040       
298             10.926000       67.291908       10.941172       0.020298        6.150338       
299             10.926000       67.538125       10.941117       0.022535        6.172873       
300             10.926000       67.760076       10.941067       0.020314        6.193187       
301             10.926000       67.984299       10.941018       0.020522        6.213709       
302             10.926000       68.212401       10.940967       0.020877        6.234586       
303             10.926000       68.435718       10.940918       0.020439        6.255025       
304             10.926000       68.685191       10.940864       0.022833        6.277858       
305             10.926000       68.904848       10.940817       0.020104        6.297962       
306             10.926000       69.124493       10.940770       0.020103        6.318065       
307             10.926000       69.344182       10.940723       0.020107        6.338172       
308             10.926000       69.602975       10.940668       0.023686        6.361858       
309             10.926000       69.822719       10.940622       0.020112        6.381970       
310             10.926000       70.056525       10.940573       0.021399        6.403369       
311             10.926000       70.280781       10.940526       0.020525        6.423894       
312             10.926000       70.505878       10.940480       0.020602        6.444496       
313             10.926000       70.730834       10.940434       0.020589        6.465085       
314             10.926000       70.968780       10.940385       0.021778        6.486863       
315             10.926000       71.190698       10.940340       0.020311        6.507174       
316             10.926000       71.412605       10.940296       0.020310        6.527484       
317             10.926000       71.634534       10.940251       0.020312        6.547796       
318             10.926000       71.856397       10.940207       0.020306        6.568102       
319             10.926000       72.115988       10.940156       0.023759        6.591861       
320             10.926000       72.336267       10.940113       0.020161        6.612022       
321             10.926000       72.558305       10.940070       0.020322        6.632344       
322             10.926000       72.780540       10.940027       0.020340        6.652684       
323             10.952000       73.004629       10.940063       0.020461        6.673145       
324             10.952000       73.225159       10.940099       0.020136        6.693281       
325             10.952000       73.445633       10.940135       0.020131        6.713412       
326             10.952000       73.666962       10.940171       0.020209        6.733621       
327             10.952000       73.890175       10.940206       0.020381        6.754002       
328             10.952000       74.114614       10.940242       0.020493        6.774495       
329             10.952000       74.338462       10.940277       0.020439        6.794934       
330             10.952000       74.561642       10.940312       0.020378        6.815312       
331             10.952000       74.784658       10.940347       0.020363        6.835675       
332             10.952000       75.049641       10.940388       0.024195        6.859870       
333             10.952000       75.272854       10.940423       0.020381        6.880251       
334             10.952000       75.500743       10.940458       0.020808        6.901059       
335             10.952000       75.721218       10.940491       0.020131        6.921190       
336             10.952000       75.941671       10.940525       0.020129        6.941319       
337             10.952000       76.161565       10.940558       0.020078        6.961397       
338             10.952000       76.396715       10.940593       0.021471        6.982868       
339             10.952000       76.618482       10.940626       0.020249        7.003117       
340             10.952000       76.840030       10.940659       0.020229        7.023346       
341             10.952000       77.061578       10.940691       0.020229        7.043575       
342             10.952000       77.283816       10.940724       0.020292        7.063867       
343             10.952000       77.505353       10.940756       0.020228        7.084095       
344             10.952000       77.726858       10.940788       0.020225        7.104320       
345             10.952000       77.973727       10.940823       0.022541        7.126861       
346             10.952000       78.194640       10.940855       0.020171        7.147032       
347             10.952000       78.422627       10.940887       0.020817        7.167849       
348             10.952000       78.651502       10.940919       0.020898        7.188747       
349             10.952000       78.875591       10.940951       0.020461        7.209208       
350             10.952000       79.112844       10.940984       0.021663        7.230871       
351             10.952000       79.339857       10.941016       0.020728        7.251599       
352             10.952000       79.566651       10.941047       0.020708        7.272307       
353             10.952000       79.813663       10.941081       0.022554        7.294861       
354             10.952000       80.034083       10.941111       0.020126        7.314987       
355             10.952000       80.254503       10.941141       0.020126        7.335113       
356             10.952000       80.474923       10.941170       0.020126        7.355239       
357             10.952000       80.695244       10.941200       0.020117        7.375356       
358             10.952000       80.922969       10.941230       0.020793        7.396149       
359             10.952000       81.147014       10.941260       0.020457        7.416606       
360             10.952000       81.390773       10.941292       0.022257        7.438863       
361             10.952000       81.612627       10.941321       0.020257        7.459120       
362             10.952000       81.833682       10.941350       0.020184        7.479304       
363             10.952000       82.054628       10.941379       0.020174        7.499478       
364             10.952000       82.275607       10.941407       0.020177        7.519655       
365             10.952000       82.496629       10.941435       0.020181        7.539836       
366             10.952000       82.717607       10.941464       0.020177        7.560013       
367             10.952000       82.938717       10.941492       0.020189        7.580202       
368             10.952000       83.158907       10.941520       0.020105        7.600307       
369             10.952000       83.379459       10.941547       0.020138        7.620445       
370             10.952000       83.600536       10.941575       0.020186        7.640631       
371             10.952000       83.820934       10.941602       0.020124        7.660755       
372             10.959000       84.041254       10.941648       0.020104        7.680859       
373             10.959000       84.261584       10.941693       0.020105        7.700964       
374             10.959000       84.482923       10.941738       0.020197        7.721161       
375             10.959000       84.704657       10.941783       0.020233        7.741394       
376             10.959000       84.926806       10.941828       0.020271        7.761665       
377             10.959000       85.170042       10.941877       0.022195        7.783860       
378             10.959000       85.391709       10.941922       0.020227        7.804087       
379             10.959000       85.613147       10.941966       0.020206        7.824293       
380             10.959000       85.834486       10.942010       0.020197        7.844490       
381             10.959000       86.055693       10.942053       0.020185        7.864675       
382             10.959000       86.276265       10.942097       0.020127        7.884802       
383             10.959000       86.498250       10.942140       0.020256        7.905058       
384             10.959000       86.718789       10.942183       0.020124        7.925182       
385             10.930000       86.938952       10.942152       0.020143        7.945325       
386             10.924000       87.196038       10.942098       0.023534        7.968859       
387             10.924000       87.415665       10.942053       0.020105        7.988964       
388             10.924000       87.635390       10.942007       0.020114        8.009078       
389             10.924000       87.855137       10.941962       0.020116        8.029194       
390             10.924000       88.074808       10.941917       0.020109        8.049303       
391             10.925000       88.294532       10.941875       0.020112        8.069415       
392             10.925000       88.514364       10.941833       0.020122        8.089537       
393             10.925000       88.734143       10.941791       0.020117        8.109654       
394             10.925000       88.953702       10.941750       0.020097        8.129751       
395             10.925000       89.173295       10.941709       0.020100        8.149851       
396             10.925000       89.457498       10.941655       0.026014        8.175865       
397             10.925000       89.678052       10.941614       0.020188        8.196053       
398             10.925000       89.900878       10.941573       0.020396        8.216449       
399             10.925000       90.121224       10.941533       0.020169        8.236618       
400             10.925000       90.342357       10.941492       0.020241        8.256859       
401             10.925000       90.561972       10.941452       0.020102        8.276961       
402             10.925000       90.781575       10.941412       0.020101        8.297062       
403             10.925000       91.001168       10.941372       0.020100        8.317162       
404             10.925000       91.220749       10.941333       0.020099        8.337261       
405             10.925000       91.440265       10.941294       0.020093        8.357354       
406             10.925000       91.664763       10.941254       0.020549        8.377903       
407             10.925000       91.890069       10.941214       0.020623        8.398526       
408             10.925000       92.112295       10.941175       0.020341        8.418867       
409             10.925000       92.333985       10.941136       0.020292        8.439159       
410             10.925000       92.557030       10.941097       0.020416        8.459575       
411             10.920000       92.800404       10.941041       0.022287        8.481862       
412             10.920000       93.022331       10.940991       0.020323        8.502185       
413             10.920000       93.244181       10.940941       0.020316        8.522501       
414             10.920000       93.466087       10.940891       0.020321        8.542822       
415             10.920000       93.687850       10.940842       0.020308        8.563130       
416             10.921000       93.908149       10.940795       0.020172        8.583302       
417             10.921000       94.128392       10.940749       0.020167        8.603469       
418             10.921000       94.350285       10.940702       0.020318        8.623787       
419             10.921000       94.572386       10.940656       0.020337        8.644124       
420             10.921000       94.820675       10.940604       0.022735        8.666859       
421             10.921000       95.040536       10.940559       0.020132        8.686991       
422             10.921000       95.260562       10.940514       0.020147        8.707138       
423             10.921000       95.484704       10.940468       0.020524        8.727662       
424             10.921000       95.708617       10.940422       0.020503        8.748165       
425             10.899000       95.945126       10.940320       0.021700        8.769865       
426             10.899000       96.167498       10.940224       0.020403        8.790268       
427             10.899000       96.391462       10.940128       0.020549        8.810817       
428             10.899000       96.613071       10.940033       0.020333        8.831150       
429             10.899000       96.838844       10.939937       0.020715        8.851865       
430             10.900000       97.060234       10.939845       0.020311        8.872176       
431             10.900000       97.298518       10.939747       0.021861        8.894037       
432             10.900000       97.518208       10.939658       0.020155        8.914192       
433             10.900000       97.737516       10.939568       0.020120        8.934312       
434             10.900000       97.956889       10.939479       0.020126        8.954438       
435             10.900000       98.190367       10.939385       0.021420        8.975858       
436             10.900000       98.409479       10.939297       0.020102        8.995960       
437             10.900000       98.628526       10.939210       0.020096        9.016056       
438             10.900000       98.849131       10.939122       0.020239        9.036295       
439             10.900000       99.068210       10.939035       0.020099        9.056394       
440             10.900000       99.287311       10.938948       0.020101        9.076495       
441             10.900000       99.506390       10.938862       0.020099        9.096594       
442             10.900000       99.725523       10.938777       0.020104        9.116698       
443             10.900000       99.944602       10.938691       0.020099        9.136797       
444             10.900000       100.196022      10.938594       0.023066        9.159863       
445             10.900000       100.427996      10.938504       0.021282        9.181145       
446             10.900000       100.647598      10.938420       0.020147        9.201292       
447             10.900000       100.904500      10.938322       0.023569        9.224861       
448             10.900000       101.124200      10.938238       0.020156        9.245017       
449             10.900000       101.345165      10.938155       0.020272        9.265289       
450             10.900000       101.564244      10.938072       0.020099        9.285388       
451             10.900000       101.783269      10.937990       0.020094        9.305482       
452             10.900000       102.002304      10.937908       0.020095        9.325577       
453             10.900000       102.221351      10.937827       0.020096        9.345673       
454             10.900000       102.440277      10.937745       0.020085        9.365758       
455             10.900000       102.659269      10.937665       0.020091        9.385849       
456             10.900000       102.880441      10.937583       0.020291        9.406140       
457             10.900000       103.101384      10.937503       0.020270        9.426410       
458             10.900000       103.322207      10.937422       0.020259        9.446669       
459             10.900000       103.541995      10.937342       0.020164        9.466833       
460             10.900000       103.761826      10.937263       0.020168        9.487001       
461             10.900000       103.981657      10.937184       0.020168        9.507169       
462             10.900000       104.201488      10.937105       0.020168        9.527337       
463             10.900000       104.421287      10.937027       0.020165        9.547502       
464             10.900000       104.641085      10.936949       0.020165        9.567667       
465             10.900000       104.860110      10.936872       0.020094        9.587761       
466             10.900000       105.079211      10.936794       0.020101        9.607862       
467             10.900000       105.298399      10.936718       0.020109        9.627971       
468             10.900000       105.558822      10.936627       0.023892        9.651863       
469             10.900000       105.777934      10.936551       0.020102        9.671965       
470             10.900000       105.997492      10.936475       0.020143        9.692108       
471             10.900000       106.216789      10.936399       0.020119        9.712227       
472             10.900000       106.437950      10.936323       0.020290        9.732517       
473             10.900000       106.658327      10.936248       0.020218        9.752735       
474             10.900000       106.878518      10.936173       0.020201        9.772936       
475             10.900000       107.098796      10.936098       0.020209        9.793145       
476             10.900000       107.318943      10.936024       0.020197        9.813342       
477             10.900000       107.539101      10.935950       0.020198        9.833540       
478             10.900000       107.758300      10.935877       0.020110        9.853650       
479             10.931000       107.978658      10.935867       0.020159        9.873809       
480             10.931000       108.204340      10.935856       0.020646        9.894455       
481             10.931000       108.424556      10.935847       0.020146        9.914601       
482             10.931000       108.643788      10.935837       0.020056        9.934657       
483             10.931000       108.864944      10.935827       0.020232        9.954889       
484             10.931000       109.084744      10.935817       0.020108        9.974997       
485             10.931000       109.305878      10.935807       0.020230        9.995227       
486             10.931000       109.542382      10.935797       0.021636        10.016863      
487             10.931000       109.764685      10.935787       0.020337        10.037200      
488             10.931000       109.991514      10.935778       0.020751        10.057951      
489             10.931000       110.213523      10.935768       0.020310        10.078261      
490             10.931000       110.449622      10.935758       0.021599        10.099860      
491             10.931000       110.669870      10.935748       0.020149        10.120009      
492             10.931000       110.890381      10.935739       0.020173        10.140182      
493             10.931000       111.120556      10.935729       0.021057        10.161239      
494             10.931000       111.389753      10.935718       0.024627        10.185866      
495             10.931000       111.615172      10.935708       0.020622        10.206488      
496             10.931000       111.840755      10.935698       0.020637        10.227125      
497             10.931000       112.064579      10.935689       0.020476        10.247601      
498             10.931000       112.284565      10.935680       0.020125        10.267726      
499             10.931000       112.504508      10.935671       0.020121        10.287847      
500             10.931000       112.724472      10.935662       0.020123        10.307970      
501             10.931000       112.944393      10.935653       0.020119        10.328089      
502             10.931000       113.164193      10.935644       0.020108        10.348197      
503             10.931000       113.384617      10.935634       0.020165        10.368362      
504             10.931000       113.630696      10.935624       0.022512        10.390874      
505             10.931000       113.852890      10.935615       0.020327        10.411201      
506             10.931000       114.075270      10.935606       0.020344        10.431545      
507             10.931000       114.308319      10.935597       0.021320        10.452865      
508             10.931000       114.530579      10.935588       0.020333        10.473198      
509             10.931000       114.752675      10.935579       0.020318        10.493516      
510             10.931000       114.974695      10.935570       0.020311        10.513827      
511             10.931000       115.215592      10.935561       0.022038        10.535865      
512             10.931000       115.437612      10.935552       0.020311        10.556176      
513             10.931000       115.659631      10.935543       0.020311        10.576487      
514             10.931000       115.880153      10.935535       0.020174        10.596661      
515             10.931000       116.102392      10.935526       0.020331        10.616992      
516             10.931000       116.324673      10.935517       0.020335        10.637327      
517             10.931000       116.546617      10.935509       0.020304        10.657631      
518             10.931000       116.766723      10.935500       0.020136        10.677767      
519             10.931000       116.986360      10.935492       0.020093        10.697860      
520             10.931000       117.207385      10.935483       0.020220        10.718080      
521             10.931000       117.436280      10.935475       0.020940        10.739020      
522             10.931000       117.656452      10.935466       0.020142        10.759162      
523             10.931000       117.879477      10.935458       0.020403        10.779565      
524             10.931000       118.112329      10.935449       0.021302        10.800867      
525             10.931000       118.335267      10.935441       0.020395        10.821262      
526             10.931000       118.557986      10.935432       0.020375        10.841637      
527             10.961000       118.815394      10.935487       0.023484        10.865121      
528             10.961000       119.045586      10.935537       0.021001        10.886122      
529             10.961000       119.271536      10.935585       0.020614        10.906736      
530             10.961000       119.492093      10.935632       0.020122        10.926858      
531             10.961000       119.712070      10.935678       0.020069        10.946927      
532             10.961000       119.974377      10.935733       0.023931        10.970858      
533             10.961000       120.195198      10.935780       0.020146        10.991004      
534             10.961000       120.415634      10.935826       0.020111        11.011115      
535             10.961000       120.636115      10.935872       0.020115        11.031230      
536             10.961000       120.856585      10.935917       0.020114        11.051344      
537             10.961000       121.077920      10.935963       0.020193        11.071537      
538             10.961000       121.298707      10.936009       0.020143        11.091680      
539             10.961000       121.541833      10.936058       0.022181        11.113861      
540             10.961000       121.762434      10.936104       0.020126        11.133987      
541             10.961000       121.993405      10.936151       0.021072        11.155059      
542             10.961000       122.276275      10.936208       0.025807        11.180866      
543             10.961000       122.497490      10.936253       0.020182        11.201048      
544             10.961000       122.722936      10.936298       0.020568        11.221616      
545             10.961000       122.945718      10.936343       0.020325        11.241941      
546             10.961000       123.166122      10.936387       0.020108        11.262049      
547             10.961000       123.386460      10.936430       0.020102        11.282151      
548             10.961000       123.606776      10.936474       0.020100        11.302251      
549             10.961000       123.827103      10.936518       0.020101        11.322352      
550             10.961000       124.047386      10.936561       0.020097        11.342449      
551             10.961000       124.267746      10.936604       0.020104        11.362553      
552             10.961000       124.500459      10.936650       0.021231        11.383784      
553             10.961000       124.753505      10.936699       0.023086        11.406870      
554             10.961000       124.976167      10.936742       0.020314        11.427184      
555             10.961000       125.213768      10.936788       0.021677        11.448861      
556             10.961000       125.435060      10.936831       0.020189        11.469050      
557             10.961000       125.656220      10.936873       0.020177        11.489227      
558             10.961000       125.877424      10.936916       0.020181        11.509408      
559             10.961000       126.098551      10.936958       0.020174        11.529582      
560             10.961000       126.319755      10.937000       0.020181        11.549763      
561             10.961000       126.542318      10.937042       0.020305        11.570068      
562             10.961000       126.763325      10.937084       0.020163        11.590231      
563             10.961000       127.022388      10.937132       0.023635        11.613866      
564             10.961000       127.244414      10.937174       0.020256        11.634122      
565             10.961000       127.468205      10.937216       0.020417        11.654539      
566             10.961000       127.688685      10.937257       0.020115        11.674654      
567             10.961000       127.909144      10.937297       0.020113        11.694767      
568             10.961000       128.129646      10.937338       0.020117        11.714884      
569             10.961000       128.353656      10.937379       0.020437        11.735321      
570             10.961000       128.581974      10.937421       0.020830        11.756151      
571             10.961000       128.805370      10.937462       0.020381        11.776532      
572             10.961000       129.029523      10.937503       0.020450        11.796982      
573             10.961000       129.280365      10.937548       0.022885        11.819867      
574             10.961000       129.502950      10.937588       0.020307        11.840174      
575             10.961000       129.724505      10.937628       0.020213        11.860387      
576             10.981000       129.953107      10.937704       0.020818        11.881205      
577             10.981000       130.175440      10.937778       0.020247        11.901452      
578             10.981000       130.396344      10.937851       0.020117        11.921569      
579             10.981000       130.616755      10.937923       0.020072        11.941641      
580             10.981000       130.849761      10.938000       0.021219        11.962860      
581             10.981000       131.070699      10.938072       0.020120        11.982980      
582             10.981000       131.291570      10.938144       0.020114        12.003094      
583             10.981000       131.512398      10.938216       0.020110        12.023204      
584             10.981000       131.733270      10.938287       0.020114        12.043318      
585             10.981000       131.954230      10.938358       0.020122        12.063440      
586             10.981000       132.175157      10.938429       0.020119        12.083559      
587             10.981000       132.396006      10.938500       0.020112        12.103671      
588             10.981000       132.616736      10.938571       0.020101        12.123772      
589             10.981000       132.861238      10.938648       0.022266        12.146038      
590             10.981000       133.084757      10.938719       0.020355        12.166393      
591             10.981000       133.307660      10.938790       0.020299        12.186692      
592             10.981000       133.530465      10.938860       0.020290        12.206982      
593             10.981000       133.755619      10.938930       0.020504        12.227486      
594             10.981000       133.980883      10.939001       0.020514        12.248000      
595             10.981000       134.201777      10.939070       0.020116        12.268116      
596             10.981000       134.422682      10.939138       0.020117        12.288233      
597             10.981000       134.643576      10.939207       0.020116        12.308349      
598             10.981000       134.864953      10.939275       0.020160        12.328509      
599             10.981000       135.085737      10.939343       0.020106        12.348615      
600             10.981000       135.306608      10.939411       0.020114        12.368729      
601             10.981000       135.571767      10.939492       0.024147        12.392876      
602             10.981000       135.798107      10.939561       0.020612        12.413488      
603             10.981000       136.054810      10.939639       0.023377        12.436865      
604             10.981000       136.278317      10.939706       0.020354        12.457219      
605             10.981000       136.501572      10.939774       0.020331        12.477550      
606             10.981000       136.724640      10.939841       0.020314        12.497864      
607             10.981000       136.947686      10.939907       0.020312        12.518176      
608             10.981000       137.170754      10.939974       0.020314        12.538490      
609             10.981000       137.393668      10.940040       0.020300        12.558790      
610             10.981000       137.614880      10.940106       0.020145        12.578935      
611             10.981000       137.838113      10.940172       0.020329        12.599264      
612             10.981000       138.061489      10.940238       0.020342        12.619606      
613             10.981000       138.285347      10.940303       0.020386        12.639992      
614             10.981000       138.506340      10.940368       0.020125        12.660117      
615             10.981000       138.727300      10.940433       0.020122        12.680239      
616             10.981000       138.948248      10.940497       0.020121        12.700360      
617             10.981000       139.195508      10.940569       0.022517        12.722877      
618             10.981000       139.418565      10.940633       0.020313        12.743190      
619             10.981000       139.642324      10.940697       0.020377        12.763567      
620             10.981000       139.866128      10.940762       0.020381        12.783948      
621             10.981000       140.089800      10.940826       0.020369        12.804317      
622             10.981000       140.313944      10.940890       0.020412        12.824729      
623             10.981000       140.579487      10.940965       0.024182        12.848911      
624             10.975000       140.807888      10.941020       0.020811        12.869722      
625             10.975000       141.032831      10.941074       0.020496        12.890218      
626             10.975000       141.253934      10.941127       0.020146        12.910364      
627             10.975000       141.474257      10.941180       0.020075        12.930439      
628             10.975000       141.720371      10.941238       0.022425        12.952864      
629             10.975000       141.943010      10.941291       0.020286        12.973150      
630             10.975000       142.164694      10.941343       0.020199        12.993349      
631             10.975000       142.386126      10.941396       0.020176        13.013525      
632             10.975000       142.607535      10.941448       0.020174        13.033699      
633             10.975000       142.828846      10.941499       0.020165        13.053864      
634             10.975000       143.050420      10.941551       0.020189        13.074053      
635             10.975000       143.271995      10.941603       0.020189        13.094242      
636             10.975000       143.493185      10.941654       0.020154        13.114396      
637             10.975000       143.714408      10.941705       0.020157        13.134553      
638             10.975000       143.981276      10.941767       0.024316        13.158869      
639             10.975000       144.211070      10.941820       0.020938        13.179807      
640             10.975000       144.436135      10.941871       0.020507        13.200314      
641             10.975000       144.694859      10.941930       0.023574        13.223888      
642             10.975000       144.920385      10.941982       0.020549        13.244437      
643             10.975000       145.141202      10.942032       0.020120        13.264557      
644             10.975000       145.362019      10.942082       0.020120        13.284677      
645             10.975000       145.582858      10.942131       0.020122        13.304799      
646             10.975000       145.803686      10.942181       0.020121        13.324920      
647             10.975000       146.024360      10.942230       0.020107        13.345027      
648             10.975000       146.245144      10.942280       0.020117        13.365144      
649             10.975000       146.473457      10.942331       0.020803        13.385947      
650             10.975000       146.725081      10.942386       0.022927        13.408874      
651             10.975000       146.949981      10.942436       0.020492        13.429366      
652             10.975000       147.173047      10.942485       0.020325        13.449691      
653             10.975000       147.396037      10.942534       0.020318        13.470009      
654             10.975000       147.619071      10.942583       0.020322        13.490331      
655             10.975000       147.841919      10.942632       0.020305        13.510636      
656             10.975000       148.064854      10.942681       0.020313        13.530949      
657             10.975000       148.287734      10.942729       0.020308        13.551257      
658             10.975000       148.508902      10.942777       0.020152        13.571409      
659             10.975000       148.755401      10.942830       0.022460        13.593869      
660             10.975000       148.978215      10.942878       0.020302        13.614171      
661             10.975000       149.201238      10.942926       0.020321        13.634492      
662             10.975000       149.426149      10.942974       0.020493        13.654985      
663             10.975000       149.647109      10.943021       0.020133        13.675118      
664             10.975000       149.868442      10.943068       0.020167        13.695285      
665             10.975000       150.093045      10.943116       0.020465        13.715750      
666             10.975000       150.318197      10.943164       0.020515        13.736265      
667             10.975000       150.577306      10.943218       0.023609        13.759874      
668             10.975000       150.801338      10.943265       0.020413        13.780287      
669             10.975000       151.025272      10.943312       0.020404        13.800691      
670             10.975000       151.249272      10.943359       0.020410        13.821101      
671             10.975000       151.472844      10.943406       0.020371        13.841472      
672             10.975000       151.700893      10.943453       0.020779        13.862251      
673             10.961000       151.925188      10.943479       0.020463        13.882714      
674             10.961000       152.145998      10.943504       0.020145        13.902859      
675             10.961000       152.365941      10.943530       0.020066        13.922925      
676             10.961000       152.617386      10.943558       0.022940        13.945865      
677             10.961000       152.839643      10.943584       0.020277        13.966142      
678             10.961000       153.061384      10.943609       0.020230        13.986372      
679             10.961000       153.283158      10.943634       0.020233        14.006605      
680             10.961000       153.504866      10.943659       0.020227        14.026832      
681             10.961000       153.726497      10.943684       0.020220        14.047052      
682             10.961000       153.948096      10.943709       0.020217        14.067269      
683             10.961000       154.195727      10.943737       0.022592        14.089861      
684             10.961000       154.417117      10.943761       0.020198        14.110059      
685             10.961000       154.638321      10.943786       0.020181        14.130240      
686             10.961000       154.868831      10.943811       0.021030        14.151270      
687             10.961000       155.094638      10.943836       0.020601        14.171871      
688             10.961000       155.317925      10.943861       0.020371        14.192242      
689             10.961000       155.541332      10.943886       0.020382        14.212624      
690             10.961000       155.796022      10.943914       0.023236        14.235860      
691             10.961000       156.016699      10.943938       0.020133        14.255993      
692             10.961000       156.237377      10.943962       0.020133        14.276126      
693             10.961000       156.458011      10.943986       0.020129        14.296255      
694             10.961000       156.678634      10.944010       0.020128        14.316383      
695             10.961000       156.899082      10.944034       0.020112        14.336495      
696             10.961000       157.119628      10.944057       0.020121        14.356616      
697             10.961000       157.344340      10.944081       0.020501        14.377117      
698             10.961000       157.569961      10.944106       0.020584        14.397701      
699             10.961000       157.795177      10.944130       0.020547        14.418248      
700             10.961000       158.018452      10.944154       0.020370        14.438618      
701             10.961000       158.262345      10.944179       0.022251        14.460869      
702             10.961000       158.485544      10.944203       0.020363        14.481232      
703             10.961000       158.708524      10.944227       0.020343        14.501575      
704             10.961000       158.931580      10.944250       0.020350        14.521925      
705             10.961000       159.154615      10.944274       0.020348        14.542273      
706             10.961000       159.375928      10.944297       0.020191        14.562464      
707             10.961000       159.599642      10.944320       0.020410        14.582874      
708             10.961000       159.829757      10.944344       0.020994        14.603868      
709             10.961000       160.052847      10.944367       0.020353        14.624221      
710             10.961000       160.311954      10.944394       0.023639        14.647860      
711             10.961000       160.532577      10.944417       0.020128        14.667988      
712             10.961000       160.753463      10.944440       0.020152        14.688140      
713             10.961000       160.979029      10.944463       0.020579        14.708719      
714             10.961000       161.203510      10.944486       0.020480        14.729199      
715             10.961000       161.426961      10.944509       0.020386        14.749585      
716             10.961000       161.650577      10.944531       0.020401        14.769986      
717             10.961000       161.873929      10.944554       0.020377        14.790363      
718             10.961000       162.097281      10.944577       0.020377        14.810740      
719             10.961000       162.317850      10.944599       0.020123        14.830863      
720             10.961000       162.538999      10.944621       0.020176        14.851039      
721             10.948000       162.764681      10.944626       0.020614        14.871653      
722             10.948000       162.984922      10.944631       0.020117        14.891770      
723             10.948000       163.204845      10.944635       0.020088        14.911858      
724             10.948000       163.424615      10.944640       0.020074        14.931932      
725             10.948000       163.675620      10.944645       0.022927        14.954859      
726             10.948000       163.896277      10.944649       0.020155        14.975014      
727             10.948000       164.116233      10.944654       0.020091        14.995105      
728             10.948000       164.336168      10.944658       0.020089        15.015194      
729             10.948000       164.556190      10.944663       0.020097        15.035291      
730             10.948000       164.776288      10.944667       0.020104        15.055395      
731             10.948000       164.996376      10.944672       0.020103        15.075498      
732             10.948000       165.216376      10.944676       0.020095        15.095593      
733             10.931000       165.470773      10.944655       0.023273        15.118866      
734             10.931000       165.701242      10.944636       0.021084        15.139950      
735             10.931000       165.921666      10.944618       0.020165        15.160115      
736             10.931000       166.142133      10.944600       0.020169        15.180284      
737             10.931000       166.366536      10.944581       0.020529        15.200813      
738             10.931000       166.592928      10.944563       0.020711        15.221524      
739             10.931000       166.814630      10.944545       0.020282        15.241806      
740             10.931000       167.033829      10.944527       0.020053        15.261859      
741             10.938000       167.253618      10.944519       0.020094        15.281953      
742             10.938000       167.473428      10.944510       0.020096        15.302049      
743             10.938000       167.693216      10.944501       0.020094        15.322143      
744             10.938000       167.912873      10.944493       0.020082        15.342225      
745             10.938000       168.132639      10.944484       0.020092        15.362317      
746             10.939000       168.354296      10.944477       0.020263        15.382580      
747             10.939000       168.575865      10.944470       0.020255        15.402835      
748             10.939000       168.797533      10.944463       0.020264        15.423099      
749             10.939000       169.018206      10.944456       0.020173        15.443272      
750             10.938000       169.238814      10.944447       0.020169        15.463441      
751             10.938000       169.459521      10.944439       0.020178        15.483619      
752             10.938000       169.680152      10.944430       0.020171        15.503790      
753             10.938000       169.900727      10.944422       0.020166        15.523956      
754             10.938000       170.121238      10.944414       0.020160        15.544116      
755             10.942000       170.341248      10.944411       0.020107        15.564223      
756             10.942000       170.561434      10.944408       0.020123        15.584346      
757             10.942000       170.781489      10.944404       0.020111        15.604457      
758             10.942000       171.001642      10.944401       0.020120        15.624577      
759             10.942000       171.222331      10.944398       0.020169        15.644746      
760             10.943000       171.442285      10.944396       0.020100        15.664846      
761             10.943000       171.662327      10.944395       0.020108        15.684954      
762             10.943000       171.913053      10.944393       0.022912        15.707866      
763             10.943000       172.134113      10.944391       0.020201        15.728067      
764             10.943000       172.357569      10.944389       0.020420        15.748487      
765             10.946000       172.578711      10.944391       0.020203        15.768690      
766             10.946000       172.799513      10.944393       0.020172        15.788862      
767             10.946000       173.055376      10.944396       0.023375        15.812237      
768             10.946000       173.293014      10.944398       0.021710        15.833947      
769             10.946000       173.513433      10.944400       0.020137        15.854084      
770             10.949000       173.735041      10.944406       0.020240        15.874324      
771             10.949000       173.955116      10.944411       0.020100        15.894424      
772             10.949000       174.175169      10.944417       0.020098        15.914522      
773             10.949000       174.408908      10.944423       0.021348        15.935870      
774             10.949000       174.629290      10.944429       0.020128        15.955998      
775             10.937000       174.849124      10.944420       0.020100        15.976098      
776             10.937000       175.069078      10.944410       0.020111        15.996209      
777             10.937000       175.289032      10.944401       0.020111        16.016320      
778             10.937000       175.508931      10.944392       0.020106        16.036426      
779             10.937000       175.728819      10.944383       0.020105        16.056531      
780             10.944000       175.948805      10.944382       0.020101        16.076632      
781             10.944000       176.168691      10.944382       0.020092        16.096724      
782             10.944000       176.388666      10.944381       0.020100        16.116824      
783             10.944000       176.618960      10.944381       0.021043        16.137867      
784             10.944000       176.845611      10.944380       0.020710        16.158577      
785             10.944000       177.093350      10.944380       0.022637        16.181214      
786             10.944000       177.314189      10.944379       0.020179        16.201393      
787             10.944000       177.571001      10.944379       0.023466        16.224859      
788             10.944000       177.791139      10.944378       0.020115        16.244974      
789             10.944000       178.011158      10.944378       0.020104        16.265078      
790             10.944000       178.231187      10.944377       0.020105        16.285183      
791             10.944000       178.452803      10.944377       0.020250        16.305433      
792             10.944000       178.687322      10.944376       0.021429        16.326862      
793             10.944000       178.907384      10.944376       0.020108        16.346970      
794             10.944000       179.131911      10.944375       0.020516        16.367486      
795             10.944000       179.353658      10.944375       0.020262        16.387748      
796             10.944000       179.576270      10.944374       0.020341        16.408089      
797             10.944000       179.836475      10.944374       0.023776        16.431865      
798             10.944000       180.057850      10.944373       0.020228        16.452093      
799             10.944000       180.279324      10.944373       0.020237        16.472330      
800             10.944000       180.500754      10.944373       0.020233        16.492563      
801             10.944000       180.722162      10.944372       0.020231        16.512794      
802             10.944000       180.943635      10.944372       0.020237        16.533031      
803             10.944000       181.165098      10.944371       0.020236        16.553267      
804             10.944000       181.385554      10.944371       0.020144        16.573411      
805             10.944000       181.607039      10.944370       0.020238        16.593649      
806             10.944000       181.828644      10.944370       0.020249        16.613898      
807             10.944000       182.052744      10.944369       0.020477        16.634375      
808             10.944000       182.272850      10.944369       0.020112        16.654487      
809             10.944000       182.493032      10.944368       0.020119        16.674606      
810             10.944000       182.714429      10.944368       0.020230        16.694836      
811             10.944000       182.955613      10.944368       0.022038        16.716874      
812             10.944000       183.178159      10.944367       0.020335        16.737209      
813             10.944000       183.400848      10.944367       0.020348        16.757557      
814             10.944000       183.623175      10.944366       0.020315        16.777872      
815             10.944000       183.845798      10.944366       0.020342        16.798214      
816             10.944000       184.082911      10.944365       0.021666        16.819880      
817             10.944000       184.306748      10.944365       0.020453        16.840333      
818             10.944000       184.534657      10.944364       0.020825        16.861158      
819             10.944000       184.758757      10.944364       0.020477        16.881635      
820             10.944000       184.979892      10.944364       0.020206        16.901841      
821             10.944000       185.200118      10.944363       0.020123        16.921964      
822             10.944000       185.439748      10.944363       0.021896        16.943860      
823             10.944000       185.660072      10.944362       0.020132        16.963992      
824             10.944000       185.880167      10.944362       0.020111        16.984103      
825             10.944000       186.100273      10.944361       0.020112        17.004215      
826             10.944000       186.320401      10.944361       0.020114        17.024329      
827             10.944000       186.540572      10.944360       0.020118        17.044447      
828             10.976000       186.761442      10.944398       0.020123        17.064570      
829             10.976000       186.982213      10.944435       0.020114        17.084684      
830             10.976000       187.202776      10.944472       0.020095        17.104779      
831             10.976000       187.423295      10.944509       0.020091        17.124870      
832             10.976000       187.653769      10.944548       0.020998        17.145868      
833             10.976000       187.884232      10.944586       0.020997        17.166865      
834             10.976000       188.109877      10.944624       0.020558        17.187423      
835             10.976000       188.378207      10.944668       0.024447        17.211870      
836             10.976000       188.600976      10.944705       0.020296        17.232166      
837             10.976000       188.821637      10.944742       0.020104        17.252270      
838             10.976000       189.042277      10.944778       0.020102        17.272372      
839             10.976000       189.262927      10.944814       0.020103        17.292475      
840             10.976000       189.483578      10.944850       0.020103        17.312578      
841             10.976000       189.704075      10.944887       0.020089        17.332667      
842             10.976000       189.926503      10.944923       0.020265        17.352932      
843             10.976000       190.159129      10.944961       0.021194        17.374126      
844             10.976000       190.397725      10.945000       0.021738        17.395864      
845             10.976000       190.620055      10.945036       0.020256        17.416120      
846             10.976000       190.841518      10.945072       0.020177        17.436297      
847             10.976000       191.062871      10.945107       0.020167        17.456464      
848             10.976000       191.284257      10.945143       0.020170        17.476634      
849             10.976000       191.505610      10.945178       0.020167        17.496801      
850             10.976000       191.727050      10.945214       0.020175        17.516976      
851             10.976000       191.948381      10.945249       0.020165        17.537141      
852             10.976000       192.168933      10.945285       0.020094        17.557235      
853             10.976000       192.389660      10.945320       0.020110        17.577345      
854             10.976000       192.612188      10.945355       0.020274        17.597619      
855             10.976000       192.832838      10.945390       0.020103        17.617722      
856             10.976000       193.055377      10.945425       0.020275        17.637997      
857             10.976000       193.275940      10.945460       0.020095        17.658092      
858             10.976000       193.496700      10.945495       0.020113        17.678205      
859             10.976000       193.718931      10.945530       0.020247        17.698452      
860             10.976000       193.942995      10.945565       0.020414        17.718866      
861             10.976000       194.173458      10.945601       0.020997        17.739863      
862             10.976000       194.396776      10.945636       0.020346        17.760209      
863             10.976000       194.656391      10.945676       0.023653        17.783862      
864             10.976000       194.880027      10.945711       0.020375        17.804237      
865             10.976000       195.128381      10.945749       0.022627        17.826864      
866             10.976000       195.350415      10.945783       0.020229        17.847093      
867             10.976000       195.575653      10.945818       0.020521        17.867614      
868             10.976000       195.796808      10.945852       0.020149        17.887763      
869             10.976000       196.017382      10.945886       0.020096        17.907859      
870             10.976000       196.247889      10.945921       0.021001        17.928860      
871             10.976000       196.468825      10.945955       0.020129        17.948989      
872             10.976000       196.689519      10.945989       0.020107        17.969096      
873             10.976000       196.910225      10.946022       0.020108        17.989204      
874             10.976000       197.130941      10.946056       0.020109        18.009313      
875             10.976000       197.351625      10.946089       0.020106        18.029419      
876             10.976000       197.572297      10.946122       0.020105        18.049524      
877             10.973000       197.817368      10.946156       0.022334        18.071858      
878             10.973000       198.037849      10.946185       0.020093        18.091951      
879             10.973000       198.258417      10.946215       0.020101        18.112052      
880             10.973000       198.495532      10.946247       0.021609        18.133661      
881             10.973000       198.725351      10.946278       0.020944        18.154605      
882             10.973000       198.946731      10.946308       0.020175        18.174780      
883             10.973000       199.171820      10.946338       0.020513        18.195293      
884             10.973000       199.395703      10.946367       0.020403        18.215696      
885             10.973000       199.660821      10.946403       0.024161        18.239857      
886             10.973000       199.881357      10.946432       0.020098        18.259955      
887             10.973000       200.101859      10.946461       0.020095        18.280050      
888             10.973000       200.322416      10.946490       0.020100        18.300150      
889             10.973000       200.542897      10.946519       0.020093        18.320243      
890             10.973000       200.763344      10.946548       0.020090        18.340333      
891             10.973000       200.992285      10.946579       0.020864        18.361197      
892             10.973000       201.217648      10.946608       0.020538        18.381735      
893             10.973000       201.440313      10.946637       0.020292        18.402027      
894             10.973000       201.662691      10.946666       0.020266        18.422293      
895             10.973000       201.884148      10.946695       0.020182        18.442475      
896             10.973000       202.105485      10.946724       0.020171        18.462646      
897             10.973000       202.328149      10.946753       0.020292        18.482938      
898             10.973000       202.549540      10.946781       0.020176        18.503114      
899             10.973000       202.770833      10.946810       0.020167        18.523281      
900             10.973000       202.992202      10.946838       0.020174        18.543455      
901             10.973000       203.212693      10.946867       0.020094        18.563549      
902             10.973000       203.433470      10.946895       0.020120        18.583669      
903             10.973000       203.654137      10.946923       0.020110        18.603779      
904             10.973000       203.874552      10.946951       0.020087        18.623866      
905             10.973000       204.096218      10.946979       0.020201        18.644067      
906             10.973000       204.316841      10.947007       0.020106        18.664173      
907             10.973000       204.537475      10.947035       0.020107        18.684280      
908             10.973000       204.759865      10.947064       0.020267        18.704547      
909             10.973000       205.015799      10.947096       0.023324        18.727871      
910             10.973000       205.237794      10.947124       0.020231        18.748102      
911             10.973000       205.459733      10.947152       0.020226        18.768328      
912             10.973000       205.681629      10.947180       0.020222        18.788550      
913             10.973000       205.903383      10.947207       0.020209        18.808759      
914             10.973000       206.125301      10.947235       0.020224        18.828983      
915             10.973000       206.349326      10.947263       0.020416        18.849399      
916             10.973000       206.571320      10.947290       0.020231        18.869630      
917             10.973000       206.791581      10.947318       0.020073        18.889703      
918             10.973000       207.012819      10.947345       0.020162        18.909865      
919             10.973000       207.265154      10.947376       0.022996        18.932861      
920             10.973000       207.486622      10.947404       0.020183        18.953044      
921             10.973000       207.707322      10.947431       0.020113        18.973157      
922             10.973000       207.928022      10.947458       0.020113        18.993270      
923             10.973000       208.148711      10.947485       0.020112        19.013382      
924             10.973000       208.369444      10.947512       0.020116        19.033498      
925             10.973000       208.590210      10.947539       0.020119        19.053617      
926             10.916000       208.809709      10.947505       0.020108        19.073725      
927             10.916000       209.029077      10.947472       0.020096        19.093821      
928             10.916000       209.248619      10.947439       0.020112        19.113933      
929             10.916000       209.485682      10.947404       0.021717        19.135650      
930             10.916000       209.708128      10.947370       0.020378        19.156028      
931             10.916000       209.928468      10.947337       0.020185        19.176213      
932             10.916000       210.151634      10.947304       0.020444        19.196657      
933             10.916000       210.373808      10.947271       0.020353        19.217010      
934             10.916000       210.623238      10.947233       0.022850        19.239860      
935             10.916000       210.842988      10.947201       0.020131        19.259991      
936             10.916000       211.062727      10.947168       0.020130        19.280121      
937             10.916000       211.283318      10.947136       0.020208        19.300329      
938             10.916000       211.529255      10.947099       0.022530        19.322859      
939             10.916000       211.749278      10.947067       0.020156        19.343015      
940             10.916000       211.980807      10.947033       0.021210        19.364225      
941             10.916000       212.238970      10.946995       0.023650        19.387875      
942             10.916000       212.463425      10.946962       0.020562        19.408437      
943             10.916000       212.685511      10.946930       0.020345        19.428782      
944             10.916000       212.907728      10.946897       0.020357        19.449139      
945             10.916000       213.129814      10.946865       0.020345        19.469484      
946             10.916000       213.352042      10.946833       0.020358        19.489842      
947             10.916000       213.574237      10.946801       0.020355        19.510197      
948             10.916000       213.796279      10.946769       0.020341        19.530538      
949             10.916000       214.016400      10.946737       0.020165        19.550703      
950             10.916000       214.238683      10.946705       0.020363        19.571066      
951             10.916000       214.460736      10.946673       0.020342        19.591408      
952             10.916000       214.705844      10.946638       0.022454        19.613862      
953             10.916000       214.925943      10.946606       0.020163        19.634025      
954             10.916000       215.145682      10.946575       0.020130        19.654155      
955             10.916000       215.365804      10.946544       0.020165        19.674320      
956             10.916000       215.590761      10.946512       0.020608        19.694928      
957             10.916000       215.813916      10.946480       0.020443        19.715371      
958             10.916000       216.059515      10.946445       0.022499        19.737870      
959             10.916000       216.282355      10.946414       0.020414        19.758284      
960             10.916000       216.504976      10.946383       0.020394        19.778678      
961             10.916000       216.727564      10.946351       0.020391        19.799069      
962             10.916000       216.947696      10.946320       0.020166        19.819235      
963             10.916000       217.168046      10.946290       0.020186        19.839421      
964             10.916000       217.392545      10.946258       0.020566        19.859987      
965             10.916000       217.612295      10.946228       0.020131        19.880118      
966             10.916000       217.831390      10.946197       0.020071        19.900189      
967             10.916000       218.068038      10.946164       0.021679        19.921868      
968             10.916000       218.288443      10.946134       0.020191        19.942059      
969             10.916000       218.508826      10.946103       0.020189        19.962248      
970             10.916000       218.729296      10.946073       0.020197        19.982445      
971             10.916000       218.949690      10.946042       0.020190        20.002635      
972             10.916000       219.170193      10.946012       0.020200        20.022835      
973             10.916000       219.390576      10.945982       0.020189        20.043024      
974             10.881000       219.610253      10.945916       0.020189        20.063213      
975             10.881000       219.829396      10.945851       0.020140        20.083353      
976             10.881000       220.048746      10.945786       0.020159        20.103512      
977             10.881000       220.346374      10.945698       0.027353        20.130865      
978             10.881000       220.569881      10.945632       0.020541        20.151406      
979             10.881000       220.791940      10.945567       0.020408        20.171814      
980             10.881000       221.012640      10.945502       0.020283        20.192097      
981             10.881000       221.234765      10.945437       0.020414        20.212511      
982             10.881000       221.454049      10.945373       0.020153        20.232664      
983             10.881000       221.672910      10.945309       0.020114        20.252778      
984             10.881000       221.891422      10.945245       0.020082        20.272860      
985             10.881000       222.111142      10.945181       0.020193        20.293053      
986             10.881000       222.348413      10.945112       0.021806        20.314859      
987             10.881000       222.567328      10.945049       0.020119        20.334978      
988             10.881000       222.795709      10.944983       0.020989        20.355967      
989             10.881000       223.019836      10.944918       0.020598        20.376565      
990             10.881000       223.273418      10.944845       0.023305        20.399870      
991             10.881000       223.494280      10.944782       0.020298        20.420168      
992             10.881000       223.715208      10.944718       0.020304        20.440472      
993             10.881000       223.936288      10.944655       0.020318        20.460790      
994             10.881000       224.157075      10.944592       0.020291        20.481081      
995             10.881000       224.377937      10.944529       0.020298        20.501379      
996             10.881000       224.598822      10.944466       0.020300        20.521679      
997             10.881000       224.819499      10.944404       0.020281        20.541960      
998             10.881000       225.038882      10.944341       0.020162        20.562122      
999             10.881000       225.259668      10.944279       0.020291        20.582413      
1000            10.881000       225.480357      10.944217       0.020282        20.602695      
1001            10.881000       225.700806      10.944154       0.020260        20.622955      
1002            10.881000       225.950024      10.944084       0.022904        20.645859      
1003            10.881000       226.169189      10.944023       0.020142        20.666001      
1004            10.881000       226.392250      10.943960       0.020500        20.686501      
1005            10.881000       226.613580      10.943899       0.020341        20.706842      
1006            10.881000       226.837174      10.943836       0.020549        20.727391      
1007            10.881000       227.072084      10.943771       0.021589        20.748980      
1008            10.881000       227.321182      10.943702       0.022893        20.771873      
1009            10.881000       227.543046      10.943640       0.020390        20.792263      
1010            10.881000       227.762461      10.943580       0.020165        20.812428      
1011            10.881000       227.982366      10.943519       0.020210        20.832638      
1012            10.881000       228.205851      10.943457       0.020539        20.853177      
1013            10.881000       228.424483      10.943397       0.020093        20.873270      
1014            10.881000       228.643670      10.943337       0.020144        20.893414      
1015            10.881000       228.862900      10.943277       0.020148        20.913562      
1016            10.881000       229.081467      10.943217       0.020087        20.933649      
