#timestep       power           acc-energy      avg-power       dt              acc-time       
1               10.848000       0.217643        10.848000       0.020063        0.020063       
2               10.848000       0.450789        10.848000       0.021492        0.041555       
3               10.830000       0.669544        10.842112       0.020199        0.061754       
4               10.830000       0.888202        10.839128       0.020190        0.081944       
5               10.830000       1.106816        10.837324       0.020186        0.102130       
6               10.830000       1.325495        10.836115       0.020192        0.122322       
7               10.830000       1.544272        10.835248       0.020201        0.142523       
8               10.830000       1.763071        10.834597       0.020203        0.162726       
9               10.828000       2.031984        10.833723       0.024835        0.187561       
10              10.828000       2.282262        10.833095       0.023114        0.210675       
11              10.828000       2.551685        10.832557       0.024882        0.235557       
12              10.828000       2.773659        10.832192       0.020500        0.256057       
13              10.828000       2.997560        10.831879       0.020678        0.276735       
14              10.824000       3.220534        10.831333       0.020600        0.297335       
15              10.824000       3.471857        10.830802       0.023219        0.320554       
16              10.824000       3.689647        10.830400       0.020121        0.340675       
17              10.824000       3.907436        10.830043       0.020121        0.360796       
18              10.824000       4.125302        10.829724       0.020128        0.380924       
19              10.828000       4.343139        10.829637       0.020118        0.401042       
20              10.828000       4.563262        10.829558       0.020329        0.421371       
21              10.828000       4.792729        10.829484       0.021192        0.442563       
22              10.828000       5.012256        10.829419       0.020274        0.462837       
23              10.828000       5.232876        10.829359       0.020375        0.483212       
24              10.825000       5.453143        10.829183       0.020348        0.503560       
25              10.825000       5.680609        10.829015       0.021013        0.524573       
26              10.825000       5.901645        10.828865       0.020419        0.544992       
27              10.825000       6.135129        10.828718       0.021569        0.566561       
28              10.827000       6.355404        10.828658       0.020345        0.586906       
29              10.827000       6.589874        10.828599       0.021656        0.608562       
30              10.827000       6.809792        10.828548       0.020312        0.628874       
31              10.827000       7.028573        10.828499       0.020207        0.649081       
32              10.827000       7.247863        10.828454       0.020254        0.669335       
33              10.823000       7.466055        10.828295       0.020160        0.689495       
34              10.823000       7.688349        10.828141       0.020539        0.710034       
35              10.823000       7.905912        10.828000       0.020102        0.730136       
36              10.823000       8.123650        10.827866       0.020118        0.750254       
37              10.823000       8.375869        10.827719       0.023304        0.773558       
38              10.807000       8.593349        10.827194       0.020124        0.793682       
39              10.807000       8.810688        10.826695       0.020111        0.813793       
40              10.807000       9.027574        10.826221       0.020069        0.833862       
41              10.807000       9.283700        10.825690       0.023700        0.857562       
42              10.807000       9.500964        10.825261       0.020104        0.877666       
43              10.718000       9.716524        10.822859       0.020112        0.897778       
44              10.718000       9.931806        10.820564       0.020086        0.917864       
45              10.718000       10.147045       10.818368       0.020082        0.937946       
46              10.718000       10.362348       10.816263       0.020088        0.958034       
47              10.718000       10.581178       10.814213       0.020417        0.978451       
48              10.727000       10.797423       10.812452       0.020159        0.998610       
49              10.727000       11.013358       10.810764       0.020130        1.018740       
50              10.727000       11.230301       10.809133       0.020224        1.038964       
51              10.727000       11.472623       10.807386       0.022590        1.061554       
52              10.727000       11.688483       10.805890       0.020123        1.081677       
53              10.727000       11.904267       10.804450       0.020116        1.101793       
54              10.727000       12.120073       10.803061       0.020118        1.121911       
55              10.727000       12.335857       10.801721       0.020116        1.142027       
56              10.727000       12.551738       10.800427       0.020125        1.162152       
57              10.727000       12.771888       10.799153       0.020523        1.182675       
58              10.727000       12.989679       10.797935       0.020303        1.202978       
59              10.727000       13.208992       10.796750       0.020445        1.223423       
60              10.727000       13.426761       10.795611       0.020301        1.243724       
61              10.727000       13.645195       10.794506       0.020363        1.264087       
62              10.727000       13.896968       10.793276       0.023471        1.287558       
63              10.727000       14.115434       10.792244       0.020366        1.307924       
64              10.727000       14.333825       10.791244       0.020359        1.328283       
65              10.727000       14.552249       10.790274       0.020362        1.348645       
66              10.727000       14.770532       10.789333       0.020349        1.368994       
67              10.727000       14.988677       10.788421       0.020336        1.389330       
68              10.727000       15.206885       10.787534       0.020342        1.409672       
69              10.727000       15.425223       10.786673       0.020354        1.430026       
70              10.727000       15.651037       10.785807       0.021051        1.451077       
71              10.727000       15.870844       10.784988       0.020491        1.471568       
72              10.727000       16.087990       10.784201       0.020243        1.491811       
73              10.727000       16.304075       10.783439       0.020144        1.511955       
74              10.727000       16.535832       10.782644       0.021605        1.533560       
75              10.727000       16.752260       10.781922       0.020176        1.553736       
76              10.727000       16.968452       10.781218       0.020154        1.573890       
77              10.727000       17.184536       10.780533       0.020144        1.594034       
78              10.727000       17.400600       10.779865       0.020142        1.614176       
79              10.727000       17.616663       10.779214       0.020142        1.634318       
80              10.727000       17.832769       10.778578       0.020146        1.654464       
81              10.727000       18.048918       10.777957       0.020150        1.674614       
82              10.727000       18.264756       10.777352       0.020121        1.694735       
83              10.727000       18.480723       10.776761       0.020133        1.714868       
84              10.727000       18.713059       10.776140       0.021659        1.736527       
85              10.727000       18.981609       10.775442       0.025035        1.761562       
86              10.727000       19.199260       10.774890       0.020290        1.781852       
87              10.727000       19.417994       10.774349       0.020391        1.802243       
88              10.727000       19.635956       10.773821       0.020319        1.822562       
89              10.727000       19.852041       10.773309       0.020144        1.842706       
90              10.727000       20.067761       10.772809       0.020110        1.862816       
91              10.727000       20.283459       10.772320       0.020108        1.882924       
92              10.727000       20.499136       10.771841       0.020106        1.903030       
93              10.727000       20.714760       10.771372       0.020101        1.923131       
94              10.727000       20.930609       10.770913       0.020122        1.943253       
95              10.727000       21.149568       10.770456       0.020412        1.963665       
96              10.895000       21.371445       10.771735       0.020365        1.984030       
97              10.895000       21.627771       10.773179       0.023527        2.007557       
98              10.895000       21.849376       10.774401       0.020340        2.027897       
99              10.895000       22.070958       10.775599       0.020338        2.048235       
100             10.895000       22.292421       10.776772       0.020327        2.068562       
101             10.895000       22.514047       10.777923       0.020342        2.088904       
102             10.895000       22.735477       10.779051       0.020324        2.109228       
103             10.895000       22.957016       10.780159       0.020334        2.129562       
104             10.895000       23.178021       10.781242       0.020285        2.149847       
105             10.895000       23.436385       10.782483       0.023714        2.173561       
106             10.895000       23.657270       10.783523       0.020274        2.193835       
107             10.895000       23.882252       10.784563       0.020650        2.214485       
108             10.895000       24.105207       10.785574       0.020464        2.234949       
109             10.895000       24.327912       10.786566       0.020441        2.255390       
110             10.895000       24.547501       10.787526       0.020155        2.275545       
111             10.895000       24.767057       10.788469       0.020152        2.295697       
112             10.895000       25.027055       10.789565       0.023864        2.319561       
113             10.895000       25.247396       10.790477       0.020224        2.339785       
114             10.895000       25.467725       10.791372       0.020223        2.360008       
115             10.895000       25.687978       10.792253       0.020216        2.380224       
116             10.895000       25.908373       10.793118       0.020229        2.400453       
117             10.895000       26.128747       10.793970       0.020227        2.420680       
118             10.895000       26.348913       10.794806       0.020208        2.440888       
119             10.895000       26.568316       10.795626       0.020138        2.461026       
120             10.895000       26.788079       10.796434       0.020171        2.481197       
121             10.895000       27.020840       10.797275       0.021364        2.502561       
122             10.895000       27.282364       10.798204       0.024004        2.526565       
123             10.895000       27.503924       10.798977       0.020336        2.546901       
124             10.895000       27.727926       10.799746       0.020560        2.567461       
125             10.895000       27.950369       10.800497       0.020417        2.587878       
126             10.895000       28.208319       10.801354       0.023676        2.611554       
127             10.895000       28.427592       10.802070       0.020126        2.631680       
128             10.895000       28.646843       10.802775       0.020124        2.651804       
129             10.895000       28.866486       10.803471       0.020160        2.671964       
130             10.895000       29.085617       10.804155       0.020113        2.692077       
131             10.895000       29.305064       10.804830       0.020142        2.712219       
132             10.895000       29.528749       10.805507       0.020531        2.732750       
133             10.895000       29.754646       10.806181       0.020734        2.753484       
134             10.895000       29.976120       10.806832       0.020328        2.773812       
135             10.895000       30.198225       10.807475       0.020386        2.794198       
136             10.895000       30.420167       10.808109       0.020371        2.814569       
137             10.895000       30.670687       10.808813       0.022994        2.837563       
138             10.895000       30.892749       10.809427       0.020382        2.857945       
139             10.895000       31.114800       10.810033       0.020381        2.878326       
140             10.895000       31.336992       10.810631       0.020394        2.898720       
141             10.895000       31.558531       10.811219       0.020334        2.919054       
142             10.895000       31.780190       10.811799       0.020345        2.939399       
143             10.895000       32.000977       10.812368       0.020265        2.959664       
144             10.895000       32.226275       10.812942       0.020679        2.980343       
145             10.900000       32.479438       10.813615       0.023226        3.003569       
146             10.900000       32.703215       10.814201       0.020530        3.024099       
147             10.900000       32.924474       10.814773       0.020299        3.044398       
148             10.900000       33.144033       10.815334       0.020143        3.064541       
149             10.900000       33.364333       10.815888       0.020211        3.084752       
150             10.900000       33.585047       10.816437       0.020249        3.105001       
151             10.900000       33.841862       10.817066       0.023561        3.128562       
152             10.900000       34.062511       10.817599       0.020243        3.148805       
153             10.900000       34.282832       10.818125       0.020213        3.169018       
154             10.900000       34.503143       10.818644       0.020212        3.189230       
155             10.900000       34.723465       10.819156       0.020213        3.209443       
156             10.900000       34.942718       10.819660       0.020115        3.229558       
157             10.900000       35.162626       10.820158       0.020175        3.249733       
158             10.900000       35.403407       10.820697       0.022090        3.271823       
159             10.900000       35.624830       10.821187       0.020314        3.292137       
160             10.900000       35.891117       10.821767       0.024430        3.316567       
161             10.900000       36.112397       10.822243       0.020301        3.336868       
162             10.900000       36.334866       10.822716       0.020410        3.357278       
163             10.900000       36.554818       10.823178       0.020179        3.377457       
164             10.900000       36.773897       10.823632       0.020099        3.397556       
165             10.900000       36.993259       10.824082       0.020125        3.417681       
166             10.900000       37.213461       10.824528       0.020202        3.437883       
167             10.900000       37.432889       10.824967       0.020131        3.458014       
168             10.900000       37.664067       10.825425       0.021209        3.479223       
169             10.900000       37.896662       10.825879       0.021339        3.500562       
170             10.900000       38.117006       10.826305       0.020215        3.520777       
171             10.900000       38.343268       10.826737       0.020758        3.541535       
172             10.900000       38.563219       10.827152       0.020179        3.561714       
173             10.900000       38.783148       10.827562       0.020177        3.581891       
174             10.900000       39.030164       10.828018       0.022662        3.604553       
175             10.900000       39.250213       10.828419       0.020188        3.624741       
176             10.900000       39.470317       10.828815       0.020193        3.644934       
177             10.900000       39.690290       10.829207       0.020181        3.665115       
178             10.900000       39.909336       10.829593       0.020096        3.685211       
179             10.900000       40.129298       10.829977       0.020180        3.705391       
180             10.900000       40.348922       10.830355       0.020149        3.725540       
181             10.900000       40.570585       10.830733       0.020336        3.745876       
182             10.900000       40.791222       10.831106       0.020242        3.766118       
183             10.900000       41.011544       10.831474       0.020213        3.786331       
184             10.900000       41.230220       10.831835       0.020062        3.806393       
185             10.900000       41.449419       10.832193       0.020110        3.826503       
186             10.900000       41.668008       10.832546       0.020054        3.846557       
187             10.900000       41.895698       10.832911       0.020889        3.867446       
188             10.900000       42.136664       10.833292       0.022107        3.889553       
189             10.900000       42.355961       10.833635       0.020119        3.909672       
190             10.900000       42.575084       10.833975       0.020103        3.929775       
191             10.900000       42.794174       10.834311       0.020100        3.949875       
192             10.900000       43.013340       10.834644       0.020107        3.969982       
193             10.922000       43.232992       10.835084       0.020111        3.990093       
194             10.922000       43.452503       10.835519       0.020098        4.010191       
195             10.922000       43.672341       10.835951       0.020128        4.030319       
196             10.922000       43.900316       10.836395       0.020873        4.051192       
197             10.922000       44.166452       10.836907       0.024367        4.075559       
198             10.922000       44.390571       10.837333       0.020520        4.096079       
199             10.922000       44.616810       10.837759       0.020714        4.116793       
200             10.922000       44.838330       10.838172       0.020282        4.137075       
201             10.922000       45.057862       10.838577       0.020100        4.157175       
202             10.922000       45.277351       10.838978       0.020096        4.177271       
203             10.922000       45.496883       10.839376       0.020100        4.197371       
204             10.922000       45.716393       10.839770       0.020098        4.217469       
205             10.922000       45.935903       10.840160       0.020098        4.237567       
206             10.922000       46.157511       10.840550       0.020290        4.257857       
207             10.922000       46.378332       10.840935       0.020218        4.278075       
208             10.922000       46.634791       10.841377       0.023481        4.301556       
209             10.922000       46.855296       10.841754       0.020189        4.321745       
210             10.922000       47.075767       10.842127       0.020186        4.341931       
211             10.922000       47.296271       10.842497       0.020189        4.362120       
212             10.922000       47.516754       10.842863       0.020187        4.382307       
213             10.922000       47.737334       10.843226       0.020196        4.402503       
214             10.922000       47.958712       10.843587       0.020269        4.422772       
215             10.922000       48.178168       10.843942       0.020093        4.442865       
216             10.922000       48.398050       10.844294       0.020132        4.462997       
217             10.922000       48.617746       10.844642       0.020115        4.483112       
218             10.922000       48.837464       10.844988       0.020117        4.503229       
219             10.922000       49.059213       10.845334       0.020303        4.523532       
220             10.922000       49.280209       10.845675       0.020234        4.543766       
221             10.922000       49.499807       10.846011       0.020106        4.563872       
222             10.922000       49.719055       10.846344       0.020074        4.583946       
223             10.922000       49.976934       10.846732       0.023611        4.607557       
224             10.922000       50.197122       10.847060       0.020160        4.627717       
225             10.922000       50.416785       10.847384       0.020112        4.647829       
226             10.922000       50.636415       10.847705       0.020109        4.667938       
227             10.922000       50.855991       10.848024       0.020104        4.688042       
228             10.922000       51.075655       10.848340       0.020112        4.708154       
229             10.922000       51.295329       10.848653       0.020113        4.728267       
230             10.922000       51.514948       10.848964       0.020108        4.748375       
231             10.922000       51.734437       10.849272       0.020096        4.768471       
232             10.922000       51.953936       10.849577       0.020097        4.788568       
233             10.922000       52.174364       10.849881       0.020182        4.808750       
234             10.922000       52.394672       10.850182       0.020171        4.828921       
235             10.922000       52.628031       10.850498       0.021366        4.850287       
236             10.922000       52.851124       10.850798       0.020426        4.870713       
237             10.922000       53.072491       10.851093       0.020268        4.890981       
238             10.922000       53.297189       10.851390       0.020573        4.911554       
239             10.922000       53.516798       10.851678       0.020107        4.931661       
240             10.922000       53.736243       10.851964       0.020092        4.951753       
241             10.922000       53.955688       10.852247       0.020092        4.971845       
242             10.956000       54.175805       10.852664       0.020091        4.991936       
243             10.956000       54.395998       10.853078       0.020098        5.012034       
244             10.956000       54.617737       10.853492       0.020239        5.032273       
245             10.956000       54.883847       10.853985       0.024289        5.056562       
246             10.956000       55.107393       10.854395       0.020404        5.076966       
247             10.956000       55.328573       10.854797       0.020188        5.097154       
248             10.956000       55.549764       10.855196       0.020189        5.117343       
249             10.956000       55.770889       10.855593       0.020183        5.137526       
250             10.956000       55.992101       10.855986       0.020191        5.157717       
251             10.956000       56.213314       10.856376       0.020191        5.177908       
252             10.956000       56.434428       10.856762       0.020182        5.198090       
253             10.956000       56.654611       10.857145       0.020097        5.218187       
254             10.956000       56.875790       10.857526       0.020188        5.238375       
255             10.956000       57.096576       10.857903       0.020152        5.258527       
256             10.956000       57.403705       10.858423       0.028033        5.286560       
257             10.956000       57.627405       10.858799       0.020418        5.306978       
258             10.956000       57.848957       10.859168       0.020222        5.327200       
259             10.956000       58.068855       10.859531       0.020071        5.347271       
260             10.956000       58.288610       10.859891       0.020058        5.367329       
261             10.956000       58.532097       10.860288       0.022224        5.389553       
262             10.956000       58.752422       10.860644       0.020110        5.409663       
263             10.956000       58.972648       10.860997       0.020101        5.429764       
264             10.956000       59.192809       10.861347       0.020095        5.449859       
265             10.956000       59.413003       10.861695       0.020098        5.469957       
266             10.956000       59.634215       10.862041       0.020191        5.490148       
267             10.956000       59.855395       10.862386       0.020188        5.510336       
268             10.956000       60.109750       10.862778       0.023216        5.533552       
269             10.956000       60.338478       10.863129       0.020877        5.554429       
270             10.956000       60.568061       10.863478       0.020955        5.575384       
271             10.956000       60.792670       10.863817       0.020501        5.595885       
272             10.956000       61.022910       10.864162       0.021015        5.616900       
273             10.956000       61.246961       10.864495       0.020450        5.637350       
274             10.956000       61.467888       10.864821       0.020165        5.657515       
275             10.956000       61.731249       10.865207       0.024038        5.681553       
276             10.956000       61.951475       10.865527       0.020101        5.701654       
277             10.956000       62.171658       10.865845       0.020097        5.721751       
278             10.956000       62.391852       10.866160       0.020098        5.741849       
279             10.956000       62.612012       10.866474       0.020095        5.761944       
280             10.956000       62.832217       10.866785       0.020099        5.782043       
281             10.956000       63.054416       10.867097       0.020281        5.802324       
282             10.956000       63.275815       10.867405       0.020208        5.822532       
283             10.956000       63.500084       10.867716       0.020470        5.843002       
284             10.956000       63.721548       10.868020       0.020214        5.863216       
285             10.956000       63.942947       10.868322       0.020208        5.883424       
286             10.956000       64.164346       10.868622       0.020208        5.903632       
287             10.956000       64.385734       10.868920       0.020207        5.923839       
288             10.956000       64.607078       10.869216       0.020203        5.944042       
289             10.956000       64.828422       10.869510       0.020203        5.964245       
290             10.973000       65.049056       10.869858       0.020107        5.984352       
291             10.973000       65.270009       10.870204       0.020136        6.004488       
292             10.973000       65.491762       10.870549       0.020209        6.024697       
293             10.973000       65.715414       10.870894       0.020382        6.045079       
294             10.973000       65.938539       10.871236       0.020334        6.065413       
295             10.973000       66.160874       10.871575       0.020262        6.085675       
296             10.973000       66.381760       10.871910       0.020130        6.105805       
297             10.973000       66.602010       10.872241       0.020072        6.125877       
298             10.973000       66.850889       10.872613       0.022681        6.148558       
299             10.973000       67.072686       10.872941       0.020213        6.168771       
300             10.973000       67.293342       10.873267       0.020109        6.188880       
301             10.973000       67.514042       10.873590       0.020113        6.208993       
302             10.973000       67.734687       10.873911       0.020108        6.229101       
303             10.973000       67.955398       10.874229       0.020114        6.249215       
304             10.973000       68.176109       10.874546       0.020114        6.269329       
305             10.973000       68.396798       10.874861       0.020112        6.289441       
306             10.973000       68.617333       10.875174       0.020098        6.309539       
307             10.973000       68.837989       10.875485       0.020109        6.329648       
308             10.973000       69.062629       10.875799       0.020472        6.350120       
309             10.973000       69.289781       10.876115       0.020701        6.370821       
310             10.973000       69.513663       10.876424       0.020403        6.391224       
311             10.973000       69.737819       10.876732       0.020428        6.411652       
312             10.973000       70.000085       10.877089       0.023901        6.435553       
313             10.973000       70.220664       10.877388       0.020102        6.455655       
314             10.973000       70.441243       10.877685       0.020102        6.475757       
315             10.973000       70.661812       10.877980       0.020101        6.495858       
316             10.973000       70.882347       10.878273       0.020098        6.515956       
317             10.973000       71.102805       10.878564       0.020091        6.536047       
318             10.973000       71.323418       10.878854       0.020105        6.556152       
319             10.973000       71.546016       10.879144       0.020286        6.576438       
320             10.973000       71.767879       10.879432       0.020219        6.596657       
321             10.973000       71.993747       10.879723       0.020584        6.617241       
322             10.973000       72.215314       10.880006       0.020192        6.637433       
323             10.973000       72.436859       10.880288       0.020190        6.657623       
324             10.973000       72.658459       10.880569       0.020195        6.677818       
325             10.973000       72.880091       10.880848       0.020198        6.698016       
326             10.973000       73.101625       10.881125       0.020189        6.718205       
327             10.973000       73.323159       10.881400       0.020189        6.738394       
328             10.973000       73.543727       10.881672       0.020101        6.758495       
329             10.973000       73.765086       10.881944       0.020173        6.778668       
330             10.973000       73.986203       10.882214       0.020151        6.798819       
331             10.973000       74.209569       10.882485       0.020356        6.819175       
332             10.973000       74.432058       10.882753       0.020276        6.839451       
333             10.973000       74.654096       10.883019       0.020235        6.859686       
334             10.973000       74.875092       10.883283       0.020140        6.879826       
335             10.973000       75.095694       10.883544       0.020104        6.899930       
336             10.973000       75.354964       10.883850       0.023628        6.923558       
337             10.973000       75.575916       10.884108       0.020136        6.943694       
338             10.973000       75.796627       10.884365       0.020114        6.963808       
339             10.970000       76.017299       10.884611       0.020116        6.983924       
340             10.970000       76.237939       10.884857       0.020113        7.004037       
341             10.970000       76.458535       10.885100       0.020109        7.024146       
342             10.970000       76.679701       10.885343       0.020161        7.044307       
343             10.970000       76.900286       10.885584       0.020108        7.064415       
344             10.970000       77.120750       10.885824       0.020097        7.084512       
345             10.970000       77.341455       10.886062       0.020119        7.104631       
346             10.970000       77.572198       10.886310       0.021034        7.125665       
347             10.970000       77.812430       10.886566       0.021899        7.147564       
348             10.970000       78.075699       10.886846       0.023999        7.171563       
349             10.970000       78.298818       10.887081       0.020339        7.191902       
350             10.970000       78.524603       10.887317       0.020582        7.212484       
351             10.958000       78.745176       10.887514       0.020129        7.232613       
352             10.958000       78.965750       10.887710       0.020129        7.252742       
353             10.958000       79.186280       10.887904       0.020125        7.272867       
354             10.961000       79.406914       10.888106       0.020129        7.292996       
355             10.961000       79.627690       10.888307       0.020142        7.313138       
356             10.961000       79.854692       10.888512       0.020710        7.333848       
357             10.961000       80.080018       10.888715       0.020557        7.354405       
358             10.961000       80.322968       10.888932       0.022165        7.376570       
359             10.956000       80.546898       10.889117       0.020439        7.397009       
360             10.956000       80.770400       10.889301       0.020400        7.417409       
361             10.956000       81.024097       10.889509       0.023156        7.440565       
362             10.956000       81.247381       10.889690       0.020380        7.460945       
363             10.956000       81.470598       10.889871       0.020374        7.481319       
364             10.954000       81.693600       10.890045       0.020358        7.501677       
365             10.954000       81.914958       10.890217       0.020208        7.521885       
366             10.954000       82.138343       10.890389       0.020393        7.542278       
367             10.954000       82.360052       10.890559       0.020240        7.562518       
368             10.952000       82.616165       10.890749       0.023385        7.585903       
369             10.952000       82.853418       10.890923       0.021663        7.607566       
370             10.952000       83.077145       10.891087       0.020428        7.627994       
371             10.952000       83.297762       10.891247       0.020144        7.648138       
372             10.952000       83.517996       10.891407       0.020109        7.668247       
373             10.947000       83.738151       10.891552       0.020111        7.688358       
374             10.947000       83.981120       10.891712       0.022195        7.710553       
375             10.947000       84.201242       10.891855       0.020108        7.730661       
376             10.947000       84.421364       10.891999       0.020108        7.750769       
377             10.947000       84.641454       10.892141       0.020105        7.770874       
378             10.950000       84.861582       10.892290       0.020103        7.790977       
379             10.950000       85.081775       10.892439       0.020109        7.811086       
380             10.950000       85.301936       10.892586       0.020106        7.831192       
381             10.950000       85.521943       10.892733       0.020092        7.851284       
382             10.950000       85.742060       10.892880       0.020102        7.871386       
383             10.947000       85.963835       10.893019       0.020259        7.891645       
384             10.947000       86.189552       10.893159       0.020619        7.912264       
385             10.947000       86.415038       10.893299       0.020598        7.932862       
386             10.947000       86.652610       10.893446       0.021702        7.954564       
387             10.947000       86.874779       10.893582       0.020295        7.974859       
388             10.947000       87.094847       10.893716       0.020103        7.994962       
389             10.947000       87.314870       10.893850       0.020099        8.015061       
390             10.947000       87.534916       10.893983       0.020101        8.035162       
391             10.947000       87.754929       10.894115       0.020098        8.055260       
392             10.947000       87.975051       10.894247       0.020108        8.075368       
393             10.944000       88.197017       10.894371       0.020282        8.095650       
394             10.944000       88.418064       10.894495       0.020198        8.115848       
395             10.944000       88.655691       10.894627       0.021713        8.137561       
396             10.944000       88.876946       10.894749       0.020217        8.157778       
397             10.944000       89.098146       10.894871       0.020212        8.177990       
398             10.947000       89.319309       10.894999       0.020203        8.198193       
399             10.947000       89.540438       10.895127       0.020200        8.218393       
400             10.947000       89.783067       10.895267       0.022164        8.240557       
401             10.947000       90.004230       10.895393       0.020203        8.260760       
402             10.947000       90.242852       10.895529       0.021798        8.282558       
403             10.947000       90.463861       10.895654       0.020189        8.302747       
404             10.947000       90.702659       10.895789       0.021814        8.324561       
405             10.947000       90.924412       10.895913       0.020257        8.344818       
406             10.947000       91.146724       10.896037       0.020308        8.365126       
407             10.947000       91.368182       10.896160       0.020230        8.385356       
408             10.947000       91.589289       10.896282       0.020198        8.405554       
409             10.947000       91.809532       10.896403       0.020119        8.425673       
410             10.947000       92.060087       10.896540       0.022888        8.448561       
411             10.947000       92.280330       10.896660       0.020119        8.468680       
412             10.947000       92.500310       10.896780       0.020095        8.488775       
413             10.947000       92.720355       10.896898       0.020101        8.508876       
414             10.947000       92.957654       10.897025       0.021677        8.530553       
415             10.947000       93.177666       10.897143       0.020098        8.550651       
416             10.947000       93.397624       10.897260       0.020093        8.570744       
417             10.947000       93.617692       10.897376       0.020103        8.590847       
418             10.947000       93.837595       10.897492       0.020088        8.610935       
419             10.947000       94.057531       10.897607       0.020091        8.631026       
420             10.947000       94.301047       10.897734       0.022245        8.653271       
421             10.947000       94.521651       10.897849       0.020152        8.673423       
422             10.947000       94.742857       10.897963       0.020207        8.693630       
423             10.947000       94.963450       10.898076       0.020151        8.713781       
424             10.947000       95.186266       10.898190       0.020354        8.734135       
425             10.947000       95.408282       10.898303       0.020281        8.754416       
426             10.947000       95.628284       10.898415       0.020097        8.774513       
427             10.947000       95.848559       10.898526       0.020122        8.794635       
428             10.947000       96.068506       10.898637       0.020092        8.814727       
429             10.947000       96.288453       10.898747       0.020092        8.834819       
430             10.947000       96.508433       10.898856       0.020095        8.854914       
431             10.947000       96.745370       10.898973       0.021644        8.876558       
432             10.947000       96.973363       10.899086       0.020827        8.897385       
433             10.947000       97.196474       10.899195       0.020381        8.917766       
434             10.947000       97.417615       10.899303       0.020201        8.937967       
435             10.947000       97.664896       10.899424       0.022589        8.960556       
436             10.947000       97.885851       10.899531       0.020184        8.980740       
437             10.947000       98.106783       10.899637       0.020182        9.000922       
438             10.947000       98.327836       10.899743       0.020193        9.021115       
439             10.947000       98.548724       10.899849       0.020178        9.041293       
440             10.947000       98.768726       10.899953       0.020097        9.061390       
441             10.947000       98.989078       10.900057       0.020129        9.081519       
442             10.947000       99.209584       10.900161       0.020143        9.101662       
443             10.947000       99.432892       10.900266       0.020399        9.122061       
444             10.947000       99.654787       10.900370       0.020270        9.142331       
445             10.947000       99.876179       10.900473       0.020224        9.162555       
446             10.926000       100.095268      10.900528       0.020052        9.182607       
447             10.926000       100.314541      10.900584       0.020069        9.202676       
448             10.926000       100.533957      10.900639       0.020082        9.222758       
449             10.926000       100.753603      10.900694       0.020103        9.242861       
450             10.926000       100.973150      10.900749       0.020094        9.262955       
451             10.926000       101.192751      10.900804       0.020099        9.283054       
452             10.926000       101.412309      10.900858       0.020095        9.303149       
453             10.926000       101.631933      10.900913       0.020101        9.323250       
454             10.926000       101.851546      10.900967       0.020100        9.343350       
455             10.926000       102.071104      10.901020       0.020095        9.363445       
456             10.926000       102.290607      10.901074       0.020090        9.383535       
457             10.926000       102.510198      10.901127       0.020098        9.403633       
458             10.926000       102.771657      10.901190       0.023930        9.427563       
459             10.926000       102.992133      10.901243       0.020179        9.447742       
460             10.926000       103.217656      10.901297       0.020641        9.468383       
461             10.926000       103.470921      10.901357       0.023180        9.491563       
462             10.926000       103.692500      10.901410       0.020280        9.511843       
463             10.926000       103.912113      10.901462       0.020100        9.531943       
464             10.926000       104.131693      10.901513       0.020097        9.552040       
465             10.926000       104.351240      10.901565       0.020094        9.572134       
466             10.926000       104.570787      10.901616       0.020094        9.592228       
467             10.926000       104.790432      10.901667       0.020103        9.612331       
468             10.926000       105.012809      10.901718       0.020353        9.632684       
469             10.926000       105.235120      10.901770       0.020347        9.653031       
470             10.926000       105.479753      10.901826       0.022390        9.675421       
471             10.926000       105.701016      10.901876       0.020251        9.695672       
472             10.926000       105.951068      10.901933       0.022886        9.718558       
473             10.926000       106.173052      10.901983       0.020317        9.738875       
474             10.926000       106.394871      10.902033       0.020302        9.759177       
475             10.926000       106.616888      10.902083       0.020320        9.779497       
476             10.926000       106.838685      10.902133       0.020300        9.799797       
477             10.926000       107.060593      10.902182       0.020310        9.820107       
478             10.926000       107.283374      10.902231       0.020390        9.840497       
479             10.926000       107.506799      10.902281       0.020449        9.860946       
480             10.926000       107.728401      10.902329       0.020282        9.881228       
481             10.926000       107.994416      10.902387       0.024347        9.905575       
482             10.926000       108.218486      10.902436       0.020508        9.926083       
483             10.926000       108.438263      10.902484       0.020115        9.946198       
484             10.926000       108.658149      10.902531       0.020125        9.966323       
485             10.926000       108.901121      10.902584       0.022238        9.988561       
486             10.926000       109.122613      10.902631       0.020272        10.008833      
487             10.926000       109.343580      10.902678       0.020224        10.029057      
488             10.926000       109.564570      10.902725       0.020226        10.049283      
489             10.926000       109.785646      10.902772       0.020234        10.069517      
490             10.926000       110.006592      10.902818       0.020222        10.089739      
491             10.926000       110.227330      10.902865       0.020203        10.109942      
492             10.926000       110.448166      10.902911       0.020212        10.130154      
493             10.926000       110.668303      10.902957       0.020148        10.150302      
494             10.926000       110.888691      10.903002       0.020171        10.170473      
495             10.917000       111.162632      10.903037       0.025093        10.195566      
496             10.917000       111.384520      10.903065       0.020325        10.215891      
497             10.917000       111.610906      10.903093       0.020737        10.236628      
498             10.917000       111.832794      10.903120       0.020325        10.256953      
499             10.917000       112.068623      10.903150       0.021602        10.278555      
500             10.917000       112.288371      10.903177       0.020129        10.298684      
501             10.917000       112.508086      10.903204       0.020126        10.318810      
502             10.917000       112.727802      10.903230       0.020126        10.338936      
503             10.917000       112.947539      10.903257       0.020128        10.359064      
504             10.917000       113.167386      10.903284       0.020138        10.379202      
505             10.917000       113.391610      10.903311       0.020539        10.399741      
506             10.917000       113.613193      10.903338       0.020297        10.420038      
507             10.917000       113.848421      10.903366       0.021547        10.441585      
508             10.917000       114.070844      10.903392       0.020374        10.461959      
509             10.917000       114.293671      10.903419       0.020411        10.482370      
510             10.917000       114.557830      10.903450       0.024197        10.506567      
511             10.917000       114.780416      10.903476       0.020389        10.526956      
512             10.917000       115.003080      10.903503       0.020396        10.547352      
513             10.917000       115.228024      10.903529       0.020605        10.567957      
514             10.917000       115.451943      10.903555       0.020511        10.588468      
515             10.917000       115.714933      10.903585       0.024090        10.612558      
516             10.917000       115.935315      10.903611       0.020187        10.632745      
517             10.917000       116.156297      10.903636       0.020242        10.652987      
518             10.917000       116.380947      10.903662       0.020578        10.673565      
519             10.917000       116.604844      10.903688       0.020509        10.694074      
520             10.917000       116.824537      10.903713       0.020124        10.714198      
521             10.917000       117.044307      10.903738       0.020131        10.734329      
522             10.917000       117.264176      10.903763       0.020140        10.754469      
523             10.917000       117.516260      10.903791       0.023091        10.777560      
524             10.917000       117.737035      10.903816       0.020223        10.797783      
525             10.917000       117.957689      10.903840       0.020212        10.817995      
526             10.917000       118.178344      10.903865       0.020212        10.838207      
527             10.917000       118.398922      10.903889       0.020205        10.858412      
528             10.917000       118.619576      10.903914       0.020212        10.878624      
529             10.917000       118.840198      10.903938       0.020209        10.898833      
530             10.917000       119.077348      10.903964       0.021723        10.920556      
531             10.917000       119.297434      10.903988       0.020160        10.940716      
532             10.917000       119.535949      10.904014       0.021848        10.962564      
533             10.917000       119.776112      10.904040       0.021999        10.984563      
534             10.917000       119.998153      10.904064       0.020339        11.004902      
535             10.917000       120.224397      10.904088       0.020724        11.025626      
536             10.917000       120.446230      10.904112       0.020320        11.045946      
537             10.917000       120.682125      10.904137       0.021608        11.067554      
538             10.917000       120.901818      10.904160       0.020124        11.087678      
539             10.917000       121.121501      10.904184       0.020123        11.107801      
540             10.917000       121.341239      10.904207       0.020128        11.127929      
541             10.917000       121.577319      10.904232       0.021625        11.149554      
542             10.917000       121.797187      10.904255       0.020140        11.169694      
543             10.937000       122.021363      10.904315       0.020497        11.190191      
544             10.937000       122.245014      10.904374       0.020449        11.210640      
545             10.937000       122.470152      10.904434       0.020585        11.231225      
546             10.937000       122.693463      10.904493       0.020418        11.251643      
547             10.937000       122.955087      10.904562       0.023921        11.275564      
548             10.937000       123.177808      10.904621       0.020364        11.295928      
549             10.937000       123.400387      10.904679       0.020351        11.316279      
550             10.937000       123.622999      10.904737       0.020354        11.336633      
551             10.937000       123.845468      10.904795       0.020341        11.356974      
552             10.937000       124.067982      10.904852       0.020345        11.377319      
553             10.937000       124.311221      10.904915       0.022240        11.399559      
554             10.937000       124.532389      10.904972       0.020222        11.419781      
555             10.937000       124.757046      10.905029       0.020541        11.440322      
556             10.937000       124.978454      10.905086       0.020244        11.460566      
557             10.937000       125.199917      10.905142       0.020249        11.480815      
558             10.937000       125.419970      10.905198       0.020120        11.500935      
559             10.937000       125.640208      10.905253       0.020137        11.521072      
560             10.937000       125.864242      10.905310       0.020484        11.541556      
561             10.937000       126.084382      10.905365       0.020128        11.561684      
562             10.937000       126.304380      10.905420       0.020115        11.581799      
563             10.937000       126.524312      10.905474       0.020109        11.601908      
564             10.937000       126.744277      10.905529       0.020112        11.622020      
565             10.937000       126.964198      10.905583       0.020108        11.642128      
566             10.937000       127.184141      10.905638       0.020110        11.662238      
567             10.937000       127.439137      10.905700       0.023315        11.685553      
568             10.937000       127.659058      10.905754       0.020108        11.705661      
569             10.937000       127.900733      10.905813       0.022097        11.727758      
570             10.937000       128.121518      10.905866       0.020187        11.747945      
571             10.937000       128.342216      10.905920       0.020179        11.768124      
572             10.937000       128.598546      10.905982       0.023437        11.791561      
573             10.937000       128.819233      10.906035       0.020178        11.811739      
574             10.937000       129.041211      10.906088       0.020296        11.832035      
575             10.937000       129.261077      10.906140       0.020103        11.852138      
576             10.937000       129.480922      10.906192       0.020101        11.872239      
577             10.937000       129.700745      10.906244       0.020099        11.892338      
578             10.937000       129.920545      10.906296       0.020097        11.912435      
579             10.937000       130.140587      10.906348       0.020119        11.932554      
580             10.937000       130.362521      10.906400       0.020292        11.952846      
581             10.937000       130.586335      10.906452       0.020464        11.973310      
582             10.937000       130.807471      10.906504       0.020219        11.993529      
583             10.937000       131.028518      10.906555       0.020211        12.013740      
584             10.937000       131.249457      10.906606       0.020201        12.033941      
585             10.937000       131.470373      10.906657       0.020199        12.054140      
586             10.937000       131.691399      10.906708       0.020209        12.074349      
587             10.937000       131.912403      10.906759       0.020207        12.094556      
588             10.937000       132.163921      10.906816       0.022997        12.117553      
589             10.937000       132.383777      10.906866       0.020102        12.137655      
590             10.937000       132.603982      10.906916       0.020134        12.157789      
591             10.937000       132.824046      10.906966       0.020121        12.177910      
592             10.947000       133.044365      10.907032       0.020126        12.198036      
593             10.947000       133.266764      10.907098       0.020316        12.218352      
594             10.947000       133.487915      10.907164       0.020202        12.238554      
595             10.947000       133.707622      10.907229       0.020070        12.258624      
596             10.947000       133.927941      10.907294       0.020126        12.278750      
597             10.947000       134.166706      10.907365       0.021811        12.300561      
598             10.947000       134.389445      10.907430       0.020347        12.320908      
599             10.947000       134.610793      10.907495       0.020220        12.341128      
600             10.947000       134.832098      10.907560       0.020216        12.361344      
601             10.947000       135.053358      10.907624       0.020212        12.381556      
602             10.947000       135.274641      10.907688       0.020214        12.401770      
603             10.947000       135.495956      10.907752       0.020217        12.421987      
604             10.947000       135.718126      10.907816       0.020295        12.442282      
605             10.947000       135.951023      10.907883       0.021275        12.463557      
606             10.947000       136.171868      10.907946       0.020174        12.483731      
607             10.947000       136.454695      10.908027       0.025836        12.509567      
608             10.947000       136.676875      10.908090       0.020296        12.529863      
609             10.947000       136.903500      10.908154       0.020702        12.550565      
610             10.947000       137.125702      10.908217       0.020298        12.570863      
611             10.947000       137.349798      10.908280       0.020471        12.591334      
612             10.947000       137.570074      10.908342       0.020122        12.611456      
613             10.947000       137.790108      10.908403       0.020100        12.631556      
614             10.947000       138.010406      10.908465       0.020124        12.651680      
615             10.947000       138.230714      10.908526       0.020125        12.671805      
616             10.947000       138.451132      10.908587       0.020135        12.691940      
617             10.947000       138.675775      10.908649       0.020521        12.712461      
618             10.947000       138.901897      10.908711       0.020656        12.733117      
619             10.947000       139.125642      10.908773       0.020439        12.753556      
620             10.947000       139.348600      10.908834       0.020367        12.773923      
621             10.947000       139.574557      10.908895       0.020641        12.794564      
622             10.947000       139.837252      10.908966       0.023997        12.818561      
623             10.947000       140.060155      10.909027       0.020362        12.838923      
624             10.947000       140.282893      10.909087       0.020347        12.859270      
625             10.947000       140.505698      10.909147       0.020353        12.879623      
626             10.947000       140.745853      10.909211       0.021938        12.901561      
627             10.947000       140.968559      10.909271       0.020344        12.921905      
628             10.947000       141.189852      10.909330       0.020215        12.942120      
629             10.947000       141.413959      10.909389       0.020472        12.962592      
630             10.947000       141.676348      10.909458       0.023969        12.986561      
631             10.947000       141.899546      10.909517       0.020389        13.006950      
632             10.947000       142.120052      10.909575       0.020143        13.027093      
633             10.947000       142.340141      10.909633       0.020105        13.047198      
634             10.947000       142.574122      10.909694       0.021374        13.068572      
635             10.947000       142.794726      10.909752       0.020152        13.088724      
636             10.947000       143.014466      10.909809       0.020073        13.108797      
637             10.947000       143.234675      10.909866       0.020116        13.128913      
638             10.947000       143.454798      10.909922       0.020108        13.149021      
639             10.947000       143.674942      10.909979       0.020110        13.169131      
640             10.917000       143.894494      10.909990       0.020111        13.189242      
641             10.917000       144.114897      10.910000       0.020189        13.209431      
642             10.917000       144.334296      10.910011       0.020097        13.229528      
643             10.917000       144.553728      10.910022       0.020100        13.249628      
644             10.917000       144.781161      10.910033       0.020833        13.270461      
645             10.917000       145.022427      10.910044       0.022100        13.292561      
646             10.917000       145.242579      10.910055       0.020166        13.312727      
647             10.917000       145.471432      10.910066       0.020963        13.333690      
648             10.917000       145.691716      10.910076       0.020178        13.353868      
649             10.917000       145.913134      10.910087       0.020282        13.374150      
650             10.917000       146.132610      10.910097       0.020104        13.394254      
651             10.917000       146.352019      10.910107       0.020098        13.414352      
652             10.917000       146.571440      10.910118       0.020099        13.434451      
653             10.917000       146.790850      10.910128       0.020098        13.454549      
654             10.917000       147.010325      10.910138       0.020104        13.474653      
655             10.917000       147.271296      10.910150       0.023905        13.498558      
656             10.917000       147.496121      10.910161       0.020594        13.519152      
657             10.917000       147.723064      10.910171       0.020788        13.539940      
658             10.917000       147.943871      10.910181       0.020226        13.560166      
659             10.917000       148.164624      10.910192       0.020221        13.580387      
660             10.917000       148.384830      10.910202       0.020171        13.600558      
661             10.917000       148.605496      10.910212       0.020213        13.620771      
662             10.917000       148.826052      10.910222       0.020203        13.640974      
663             10.917000       149.046684      10.910232       0.020210        13.661184      
664             10.917000       149.266236      10.910242       0.020111        13.681295      
665             10.917000       149.486115      10.910252       0.020141        13.701436      
666             10.917000       149.706202      10.910262       0.020160        13.721596      
667             10.917000       149.928833      10.910272       0.020393        13.741989      
668             10.917000       150.150393      10.910282       0.020295        13.762284      
669             10.917000       150.371386      10.910291       0.020243        13.782527      
670             10.917000       150.590730      10.910301       0.020092        13.802619      
671             10.917000       150.809922      10.910311       0.020078        13.822697      
672             10.917000       151.048567      10.910321       0.021860        13.844557      
673             10.917000       151.268207      10.910331       0.020119        13.864676      
674             10.917000       151.487747      10.910341       0.020110        13.884786      
675             10.917000       151.707277      10.910350       0.020109        13.904895      
676             10.917000       151.926851      10.910360       0.020113        13.925008      
677             10.917000       152.146512      10.910370       0.020121        13.945129      
678             10.917000       152.380420      10.910380       0.021426        13.966555      
679             10.917000       152.600343      10.910389       0.020145        13.986700      
680             10.917000       152.819982      10.910399       0.020119        14.006819      
681             10.917000       153.040057      10.910408       0.020159        14.026978      
682             10.917000       153.308408      10.910420       0.024581        14.051559      
683             10.917000       153.532589      10.910429       0.020535        14.072094      
684             10.917000       153.755809      10.910439       0.020447        14.092541      
685             10.917000       153.982195      10.910449       0.020737        14.113278      
686             10.917000       154.205742      10.910458       0.020477        14.133755      
687             10.917000       154.425436      10.910467       0.020124        14.153879      
688             10.917000       154.645097      10.910477       0.020121        14.174000      
689             10.929000       154.864955      10.910503       0.020117        14.194117      
690             10.929000       155.084880      10.910529       0.020123        14.214240      
691             10.929000       155.305088      10.910555       0.020149        14.234389      
692             10.929000       155.529307      10.910582       0.020516        14.254905      
693             10.929000       155.776991      10.910611       0.022663        14.277568      
694             10.929000       156.000369      10.910637       0.020439        14.298007      
695             10.929000       156.246851      10.910666       0.022553        14.320560      
696             10.929000       156.469256      10.910692       0.020350        14.340910      
697             10.929000       156.691366      10.910718       0.020323        14.361233      
698             10.929000       156.913585      10.910744       0.020333        14.381566      
699             10.966000       157.136502      10.910822       0.020328        14.401894      
700             10.966000       157.359288      10.910900       0.020316        14.422210      
701             10.966000       157.581634      10.910977       0.020276        14.442486      
702             10.966000       157.804529      10.911054       0.020326        14.462812      
703             10.969000       158.054216      10.911145       0.022763        14.485575      
704             10.969000       158.278280      10.911227       0.020427        14.506002      
705             10.969000       158.503869      10.911309       0.020566        14.526568      
706             10.969000       158.727878      10.911390       0.020422        14.546990      
707             10.969000       158.948782      10.911469       0.020139        14.567129      
708             10.972000       159.169704      10.911553       0.020135        14.587264      
709             10.972000       159.403352      10.911641       0.021295        14.608559      
710             10.972000       159.625063      10.911724       0.020207        14.628766      
711             10.972000       159.846709      10.911808       0.020201        14.648967      
712             10.972000       160.068387      10.911890       0.020204        14.669171      
713             10.969000       160.289983      10.911969       0.020202        14.689373      
714             10.969000       160.511436      10.912047       0.020189        14.709562      
715             10.969000       160.733098      10.912125       0.020208        14.729770      
716             10.969000       160.955549      10.912204       0.020280        14.750050      
717             10.969000       161.191437      10.912286       0.021505        14.771555      
718             10.973000       161.412850      10.912369       0.020178        14.791733      
719             10.973000       161.645610      10.912456       0.021212        14.812945      
720             10.973000       161.904759      10.912552       0.023617        14.836562      
721             10.973000       162.128016      10.912635       0.020346        14.856908      
722             10.973000       162.353785      10.912719       0.020575        14.877483      
723             10.973000       162.577766      10.912801       0.020412        14.897895      
724             10.973000       162.798598      10.912882       0.020125        14.918020      
725             10.973000       163.019407      10.912963       0.020123        14.938143      
726             10.973000       163.240678      10.913044       0.020165        14.958308      
727             10.973000       163.461466      10.913125       0.020121        14.978429      
728             10.976000       163.682445      10.913209       0.020133        14.998562      
729             10.976000       163.906597      10.913295       0.020422        15.018984      
730             10.976000       164.143558      10.913385       0.021589        15.040573      
731             10.976000       164.370267      10.913470       0.020655        15.061228      
732             10.977000       164.594253      10.913556       0.020405        15.081633      
733             10.977000       164.834979      10.913649       0.021930        15.103563      
734             10.977000       165.058668      10.913734       0.020378        15.123941      
735             10.977000       165.282061      10.913819       0.020351        15.144292      
736             10.977000       165.505531      10.913904       0.020358        15.164650      
737             10.977000       165.728891      10.913988       0.020348        15.184998      
738             10.977000       165.987597      10.914086       0.023568        15.208566      
739             10.977000       166.210792      10.914170       0.020333        15.228899      
740             10.977000       166.434822      10.914254       0.020409        15.249308      
741             10.977000       166.656458      10.914337       0.020191        15.269499      
742             10.989000       166.882403      10.914437       0.020561        15.290060      
743             10.989000       167.106689      10.914537       0.020410        15.310470      
744             10.989000       167.330809      10.914636       0.020395        15.330865      
745             10.989000       167.551567      10.914733       0.020089        15.350954      
746             10.989000       167.771919      10.914830       0.020052        15.371006      
747             10.989000       167.993918      10.914927       0.020202        15.391208      
748             10.989000       168.250479      10.915040       0.023347        15.414555      
749             10.989000       168.471896      10.915136       0.020149        15.434704      
750             10.989000       168.693116      10.915232       0.020131        15.454835      
751             10.989000       168.914280      10.915328       0.020126        15.474961      
752             10.989000       169.135434      10.915424       0.020125        15.495086      
753             10.989000       169.356653      10.915519       0.020131        15.515217      
754             10.989000       169.602137      10.915625       0.022339        15.537556      
755             10.989000       169.823158      10.915720       0.020113        15.557669      
756             10.989000       170.049587      10.915817       0.020605        15.578274      
757             10.989000       170.276817      10.915914       0.020678        15.598952      
758             10.989000       170.506092      10.916012       0.020864        15.619816      
759             10.989000       170.756037      10.916118       0.022745        15.642561      
760             10.989000       170.978366      10.916212       0.020232        15.662793      
761             10.989000       171.203860      10.916307       0.020520        15.683313      
762             10.989000       171.424838      10.916400       0.020109        15.703422      
763             10.989000       171.645772      10.916493       0.020105        15.723527      
764             10.989000       171.866717      10.916586       0.020106        15.743633      
765             10.989000       172.087596      10.916678       0.020100        15.763733      
766             10.989000       172.308705      10.916770       0.020121        15.783854      
767             10.989000       172.532826      10.916863       0.020395        15.804249      
768             10.989000       172.757672      10.916957       0.020461        15.824710      
769             10.989000       172.984562      10.917050       0.020647        15.845357      
770             10.989000       173.208023      10.917143       0.020335        15.865692      
771             10.989000       173.437320      10.917237       0.020866        15.886558      
772             10.989000       173.660451      10.917329       0.020305        15.906863      
773             10.989000       173.920869      10.917435       0.023698        15.930561      
774             10.989000       174.143824      10.917526       0.020289        15.950850      
775             10.989000       174.366330      10.917617       0.020248        15.971098      
776             10.989000       174.587494      10.917707       0.020126        15.991224      
777             10.989000       174.832901      10.917806       0.022332        16.013556      
778             10.989000       175.054779      10.917896       0.020191        16.033747      
779             10.989000       175.280087      10.917987       0.020503        16.054250      
780             10.989000       175.503427      10.918076       0.020324        16.074574      
781             10.989000       175.727174      10.918166       0.020361        16.094935      
782             10.989000       175.948801      10.918255       0.020168        16.115103      
783             10.989000       176.170361      10.918343       0.020162        16.135265      
784             10.989000       176.392448      10.918432       0.020210        16.155475      
