#timestep       power           acc-energy      avg-power       dt              acc-time       
1               10.525000       0.221414        10.525000       0.021037        0.021037       
2               10.525000       0.463479        10.525000       0.022999        0.044036       
3               10.525000       0.676189        10.525000       0.020210        0.064246       
4               10.525000       0.888836        10.525000       0.020204        0.084450       
5               10.525000       1.101062        10.525000       0.020164        0.104614       
6               10.525000       1.320056        10.525000       0.020807        0.125421       
7               10.525000       1.538366        10.525000       0.020742        0.146163       
8               10.525000       1.779083        10.525000       0.022871        0.169034       
9               10.525000       1.990698        10.525000       0.020106        0.189140       
10              10.525000       2.202209        10.525000       0.020096        0.209236       
11              10.525000       2.413719        10.525000       0.020096        0.229332       
12              10.525000       2.642259        10.525000       0.021714        0.251046       
13              10.525000       2.864926        10.525000       0.021156        0.272202       
14              10.525000       3.078036        10.525000       0.020248        0.292450       
15              10.525000       3.290989        10.525000       0.020233        0.312683       
16              10.525000       3.505204        10.525000       0.020353        0.333036       
17              10.525000       3.736828        10.525000       0.022007        0.355043       
18              10.525000       3.950559        10.525000       0.020307        0.375350       
19              10.525000       4.164364        10.525000       0.020314        0.395664       
20              10.525000       4.376232        10.525000       0.020130        0.415794       
21              10.525000       4.588447        10.525000       0.020163        0.435957       
22              10.525000       4.803968        10.525000       0.020477        0.456434       
23              10.525000       5.019330        10.525000       0.020462        0.476896       
24              10.525000       5.252522        10.525000       0.022156        0.499052       
25              10.525000       5.468222        10.525000       0.020494        0.519546       
26              10.525000       5.683563        10.525000       0.020460        0.540006       
27              10.525000       5.900483        10.525000       0.020610        0.560616       
28              10.647000       6.114957        10.529232       0.020144        0.580760       
29              10.647000       6.352140        10.533582       0.022277        0.603037       
30              10.647000       6.566485        10.537246       0.020132        0.623169       
31              10.647000       6.780660        10.540678       0.020116        0.643285       
32              10.647000       6.994867        10.543903       0.020119        0.663404       
33              10.647000       7.208904        10.546935       0.020103        0.683507       
34              10.647000       7.425315        10.549825       0.020326        0.703833       
35              10.647000       7.640480        10.552537       0.020209        0.724042       
36              10.647000       7.858105        10.555131       0.020440        0.744482       
37              10.647000       8.072163        10.557546       0.020105        0.764587       
38              10.647000       8.286157        10.559838       0.020099        0.784686       
39              10.647000       8.500129        10.562014       0.020097        0.804783       
40              10.647000       8.714209        10.564086       0.020107        0.824890       
41              10.647000       8.930226        10.566076       0.020289        0.845179       
42              10.647000       9.146062        10.567972       0.020272        0.865451       
43              10.647000       9.362260        10.569783       0.020306        0.885757       
44              10.647000       9.576871        10.571501       0.020157        0.905914       
45              10.647000       9.833687        10.573460       0.024121        0.930035       
46              10.647000       10.047713       10.575015       0.020102        0.950137       
47              10.647000       10.262346       10.576511       0.020159        0.970296       
48              10.647000       10.478278       10.577954       0.020281        0.990577       
49              10.647000       10.692262       10.579327       0.020098        1.010675       
50              10.647000       10.906362       10.580647       0.020109        1.030784       
51              10.647000       11.122113       10.581927       0.020264        1.051048       
52              10.647000       11.337608       10.583156       0.020240        1.071288       
53              10.647000       11.553923       10.584344       0.020317        1.091605       
54              10.647000       11.769940       10.585488       0.020289        1.111894       
55              10.647000       11.984435       10.586582       0.020146        1.132040       
56              10.647000       12.200143       10.587645       0.020260        1.152300       
57              10.647000       12.415766       10.588670       0.020252        1.172552       
58              10.647000       12.630686       10.589657       0.020186        1.192738       
59              10.647000       12.878729       10.590756       0.023297        1.216035       
60              10.647000       13.092979       10.591671       0.020123        1.236158       
61              10.647000       13.307207       10.592557       0.020121        1.256279       
62              10.647000       13.521489       10.593416       0.020126        1.276405       
63              10.647000       13.735600       10.594247       0.020110        1.296515       
64              10.647000       13.957654       10.595082       0.020856        1.317371       
65              10.647000       14.172638       10.595866       0.020192        1.337563       
66              10.647000       14.388857       10.596631       0.020308        1.357871       
67              10.647000       14.602905       10.597365       0.020104        1.377975       
68              10.647000       14.816473       10.598078       0.020059        1.398034       
69              10.647000       15.030648       10.598772       0.020116        1.418150       
70              10.647000       15.246857       10.599452       0.020307        1.438457       
71              10.647000       15.462959       10.600114       0.020297        1.458754       
72              10.647000       15.677709       10.600753       0.020170        1.478924       
73              10.647000       15.891916       10.601374       0.020119        1.499043       
74              10.647000       16.106591       10.601980       0.020163        1.519206       
75              10.647000       16.321277       10.602569       0.020164        1.539370       
76              10.647000       16.535729       10.603143       0.020142        1.559512       
77              10.713000       16.751103       10.604541       0.020104        1.579616       
78              10.713000       16.966520       10.605905       0.020108        1.599724       
79              10.713000       17.182066       10.607235       0.020120        1.619844       
80              10.713000       17.430640       10.608729       0.023203        1.643047       
81              10.713000       17.647878       10.610000       0.020278        1.663325       
82              10.713000       17.865609       10.611243       0.020324        1.683649       
83              10.713000       18.082311       10.612451       0.020228        1.703877       
84              10.713000       18.298018       10.613625       0.020135        1.724012       
85              10.713000       18.513702       10.614773       0.020133        1.744145       
86              10.713000       18.732462       10.615909       0.020420        1.764565       
87              10.713000       18.948168       10.617005       0.020135        1.784700       
88              10.713000       19.163607       10.618074       0.020110        1.804810       
89              10.713000       19.379281       10.619121       0.020132        1.824942       
90              10.749000       19.595271       10.620536       0.020094        1.845036       
91              10.749000       19.810950       10.621918       0.020065        1.865101       
92              10.750000       20.026928       10.623283       0.020091        1.885192       
93              10.750000       20.243584       10.624623       0.020154        1.905346       
94              10.750000       20.460390       10.625937       0.020168        1.925514       
95              10.750000       20.677142       10.627222       0.020163        1.945677       
96              10.750000       20.893249       10.628478       0.020103        1.965780       
97              10.759000       21.109473       10.629799       0.020097        1.985877       
98              10.759000       21.325675       10.631093       0.020095        2.005972       
99              10.759000       21.541683       10.632360       0.020077        2.026049       
100             10.759000       21.759790       10.633615       0.020272        2.046321       
101             10.759000       21.977659       10.634844       0.020250        2.066571       
102             10.768000       22.195022       10.636132       0.020186        2.086757       
103             10.768000       22.434923       10.637525       0.022279        2.109036       
104             10.768000       22.652092       10.638761       0.020168        2.129204       
105             10.768000       22.868690       10.639970       0.020115        2.149319       
106             10.768000       23.085784       10.641160       0.020161        2.169480       
107             10.774000       23.303892       10.642388       0.020244        2.189724       
108             10.774000       23.520407       10.643585       0.020096        2.209820       
109             10.774000       23.737018       10.644761       0.020105        2.229925       
110             10.774000       23.955924       10.645928       0.020318        2.250243       
111             10.774000       24.173796       10.647068       0.020222        2.270465       
112             10.773000       24.391281       10.648178       0.020188        2.290653       
113             10.773000       24.608497       10.649267       0.020163        2.310816       
114             10.773000       24.826381       10.650341       0.020225        2.331041       
115             10.773000       25.052894       10.651437       0.021026        2.352067       
116             10.771000       25.271470       10.652460       0.020293        2.372360       
117             10.771000       25.526549       10.653632       0.023682        2.396042       
118             10.771000       25.744996       10.654617       0.020281        2.416323       
119             10.771000       25.962904       10.655583       0.020231        2.436554       
120             10.771000       26.180736       10.656533       0.020224        2.456778       
121             10.764000       26.398428       10.657411       0.020224        2.477002       
122             10.764000       26.615860       10.658273       0.020200        2.497202       
123             10.764000       26.838363       10.659141       0.020671        2.517873       
124             10.764000       27.057733       10.659983       0.020380        2.538253       
125             10.764000       27.279461       10.660820       0.020599        2.558852       
126             10.760000       27.496006       10.661594       0.020125        2.578977       
127             10.760000       27.712519       10.662356       0.020122        2.599099       
128             10.760000       27.929365       10.663107       0.020153        2.619252       
129             10.760000       28.152431       10.663868       0.020731        2.639983       
130             10.760000       28.400588       10.664701       0.023063        2.663046       
131             10.766000       28.619989       10.665470       0.020379        2.683425       
132             10.766000       28.839163       10.666227       0.020358        2.703783       
133             10.766000       29.058186       10.666972       0.020344        2.724127       
134             10.766000       29.283454       10.667727       0.020924        2.745051       
135             10.766000       29.503780       10.668454       0.020465        2.765516       
136             10.756000       29.746027       10.669161       0.022522        2.788038       
137             10.756000       29.962771       10.669784       0.020151        2.808189       
138             10.756000       30.181806       10.670405       0.020364        2.828553       
139             10.756000       30.400863       10.671017       0.020366        2.848919       
140             10.756000       30.623093       10.671629       0.020661        2.869580       
141             10.756000       30.844451       10.672230       0.020580        2.890160       
142             10.756000       31.064627       10.672819       0.020470        2.910630       
143             10.756000       31.300097       10.673440       0.021892        2.932522       
144             10.756000       31.553078       10.674097       0.023520        2.956042       
145             10.756000       31.769768       10.674651       0.020146        2.976188       
146             10.756000       31.986427       10.675198       0.020143        2.996331       
147             10.756000       32.241387       10.675832       0.023704        3.020035       
148             10.756000       32.457776       10.676363       0.020118        3.040153       
149             10.756000       32.703895       10.676958       0.022882        3.063035       
150             10.756000       32.920176       10.677473       0.020108        3.083143       
151             10.756000       33.140104       10.677990       0.020447        3.103590       
152             10.756000       33.357203       10.678495       0.020184        3.123774       
153             10.756000       33.574163       10.678992       0.020171        3.143945       
154             10.756000       33.790251       10.679481       0.020090        3.164035       
155             10.756000       34.006414       10.679964       0.020097        3.184132       
156             10.756000       34.222588       10.680441       0.020098        3.204230       
157             10.756000       34.438902       10.680912       0.020111        3.224341       
158             10.756000       34.683375       10.681437       0.022729        3.247070       
159             10.756000       34.903981       10.681906       0.020510        3.267580       
160             10.756000       35.122521       10.682363       0.020318        3.287898       
161             10.756000       35.340900       10.682815       0.020303        3.308201       
162             10.756000       35.559193       10.683262       0.020295        3.328496       
163             10.756000       35.776142       10.683700       0.020170        3.348666       
164             10.756000       35.994639       10.684136       0.020314        3.368980       
165             10.756000       36.212201       10.684565       0.020227        3.389207       
166             10.756000       36.428891       10.684987       0.020146        3.409353       
167             10.756000       36.672966       10.685456       0.022692        3.432045       
168             10.756000       36.892496       10.685873       0.020410        3.452455       
169             10.756000       37.111532       10.686284       0.020364        3.472819       
170             10.756000       37.330577       10.686691       0.020365        3.493184       
171             10.756000       37.547913       10.687089       0.020206        3.513390       
172             10.756000       37.770121       10.687492       0.020659        3.534049       
173             10.756000       37.998417       10.687901       0.021225        3.555274       
174             10.756000       38.217238       10.688289       0.020344        3.575618       
175             10.756000       38.434907       10.688670       0.020237        3.595855       
176             10.756000       38.652866       10.689047       0.020264        3.616119       
177             10.756000       38.888606       10.689450       0.021917        3.638036       
178             10.756000       39.105877       10.689818       0.020200        3.658236       
179             10.756000       39.323159       10.690181       0.020201        3.678437       
180             10.756000       39.540075       10.690540       0.020167        3.698604       
181             10.756000       39.759928       10.690900       0.020440        3.719044       
182             10.756000       39.978371       10.691254       0.020309        3.739353       
183             10.756000       40.211561       10.691627       0.021680        3.761033       
184             10.789000       40.428409       10.692144       0.020099        3.781132       
185             10.789000       40.645214       10.692656       0.020095        3.801227       
186             10.789000       40.862127       10.693163       0.020105        3.821332       
187             10.789000       41.081845       10.693671       0.020365        3.841697       
188             10.789000       41.322925       10.694223       0.022345        3.864042       
189             10.789000       41.542212       10.694719       0.020325        3.884367       
190             10.789000       41.761250       10.695209       0.020302        3.904669       
191             10.789000       41.980159       10.695694       0.020290        3.924959       
192             10.789000       42.197795       10.696171       0.020172        3.945131       
193             10.789000       42.417556       10.696648       0.020369        3.965500       
194             10.789000       42.638158       10.697121       0.020447        3.985947       
195             10.789000       42.854909       10.697582       0.020090        4.006037       
196             10.789000       43.072157       10.698039       0.020136        4.026173       
197             10.789000       43.292500       10.698498       0.020423        4.046596       
198             10.789000       43.512995       10.698953       0.020437        4.067033       
199             10.789000       43.761272       10.699460       0.023012        4.090045       
200             10.789000       43.981464       10.699904       0.020409        4.110454       
201             10.789000       44.202671       10.700347       0.020503        4.130957       
202             10.789000       44.422972       10.700783       0.020419        4.151376       
203             10.789000       44.640467       10.701209       0.020159        4.171535       
204             10.789000       44.858028       10.701631       0.020165        4.191700       
205             10.789000       45.077433       10.702053       0.020336        4.212036       
206             10.789000       45.314855       10.702505       0.022006        4.234042       
207             10.789000       45.533074       10.702916       0.020226        4.254268       
208             10.789000       45.751141       10.703323       0.020212        4.274480       
209             10.789000       45.968906       10.703726       0.020184        4.294664       
210             10.789000       46.188851       10.704129       0.020386        4.315050       
211             10.789000       46.408331       10.704527       0.020343        4.335393       
212             10.789000       46.641838       10.704947       0.021643        4.357036       
213             10.789000       46.859182       10.705333       0.020145        4.377181       
214             10.789000       47.077422       10.705718       0.020228        4.397409       
215             10.789000       47.310950       10.706126       0.021645        4.419054       
216             10.789000       47.532858       10.706510       0.020568        4.439622       
217             10.789000       47.755187       10.706891       0.020607        4.460229       
218             10.789000       47.974603       10.707264       0.020337        4.480566       
219             10.789000       48.227864       10.707690       0.023474        4.504040       
220             10.789000       48.447280       10.708055       0.020337        4.524377       
221             10.789000       48.665369       10.708415       0.020214        4.544591       
222             10.789000       48.885518       10.708776       0.020405        4.564996       
223             10.789000       49.106520       10.709134       0.020484        4.585480       
224             10.789000       49.323789       10.709483       0.020138        4.605618       
225             10.789000       49.541047       10.709829       0.020137        4.625755       
226             10.789000       49.763851       10.710181       0.020651        4.646406       
227             10.789000       50.008070       10.710563       0.022636        4.669042       
228             10.789000       50.227788       10.710904       0.020365        4.689407       
229             10.789000       50.447280       10.711241       0.020344        4.709751       
230             10.789000       50.665919       10.711575       0.020265        4.730016       
231             10.789000       50.883457       10.711903       0.020163        4.750179       
232             10.789000       51.104287       10.712234       0.020468        4.770647       
233             10.819000       51.322192       10.712683       0.020141        4.790788       
234             10.819000       51.573799       10.713196       0.023256        4.814044       
235             10.819000       51.792646       10.713639       0.020228        4.834272       
236             10.819000       52.011471       10.714078       0.020226        4.854498       
237             10.828000       52.230413       10.714551       0.020220        4.874718       
238             10.828000       52.451607       10.715024       0.020428        4.895146       
239             10.828000       52.671795       10.715491       0.020335        4.915481       
240             10.828000       52.892220       10.715955       0.020357        4.935838       
241             10.828000       53.132569       10.716457       0.022197        4.958035       
242             10.832000       53.350585       10.716924       0.020127        4.978162       
243             10.832000       53.568492       10.717387       0.020117        4.998279       
244             10.832000       53.786638       10.717847       0.020139        5.018418       
245             10.832000       54.010839       10.718316       0.020698        5.039116       
246             10.832000       54.259195       10.718831       0.022928        5.062044       
247             10.824000       54.479268       10.719252       0.020332        5.082376       
248             10.824000       54.699309       10.719669       0.020329        5.102705       
249             10.824000       54.919372       10.720083       0.020331        5.123036       
250             10.824000       55.137855       10.720491       0.020185        5.143221       
251             10.824000       55.358502       10.720900       0.020385        5.163606       
252             10.822000       55.578730       10.721297       0.020350        5.183956       
253             10.822000       55.796728       10.721686       0.020144        5.204100       
254             10.822000       56.023351       10.722088       0.020941        5.225041       
255             10.822000       56.243060       10.722475       0.020302        5.245343       
256             10.822000       56.463082       10.722859       0.020331        5.265674       
257             10.818000       56.705102       10.723262       0.022372        5.288046       
258             10.818000       56.924253       10.723623       0.020258        5.308304       
259             10.818000       57.141976       10.723980       0.020126        5.328430       
260             10.818000       57.359786       10.724334       0.020134        5.348564       
261             10.818000       57.579456       10.724688       0.020306        5.368870       
262             10.814000       57.829962       10.725072       0.023165        5.392035       
263             10.814000       58.047648       10.725403       0.020130        5.412165       
264             10.814000       58.265280       10.725731       0.020125        5.432290       
265             10.814000       58.482923       10.726057       0.020126        5.452416       
266             10.810000       58.700452       10.726365       0.020123        5.472539       
267             10.810000       58.919409       10.726674       0.020255        5.492794       
268             10.810000       59.144257       10.726988       0.020800        5.513594       
269             10.810000       59.363019       10.727292       0.020237        5.533831       
270             10.810000       59.582429       10.727594       0.020297        5.554128       
271             10.814000       59.799812       10.727905       0.020102        5.574230       
272             10.814000       60.017206       10.728215       0.020103        5.594333       
273             10.814000       60.251881       10.728546       0.021701        5.616034       
274             10.814000       60.469545       10.728851       0.020128        5.636162       
275             10.814000       60.692324       10.729162       0.020601        5.656763       
276             10.816000       60.954893       10.729533       0.024276        5.681039       
277             10.816000       61.174523       10.729841       0.020306        5.701345       
278             10.816000       61.394185       10.730146       0.020309        5.721654       
279             10.816000       61.613945       10.730450       0.020318        5.741972       
280             10.816000       61.832255       10.730750       0.020184        5.762156       
281             10.821000       62.052138       10.731067       0.020320        5.782476       
282             10.821000       62.270062       10.731379       0.020139        5.802615       
283             10.821000       62.488224       10.731689       0.020161        5.822776       
284             10.821000       62.710834       10.732004       0.020572        5.843348       
285             10.821000       62.931993       10.732314       0.020438        5.863786       
286             10.821000       63.152493       10.732621       0.020377        5.884163       
287             10.821000       63.372916       10.732926       0.020370        5.904533       
288             10.821000       63.592604       10.733228       0.020302        5.924835       
289             10.821000       63.812606       10.733528       0.020331        5.945166       
290             10.821000       64.033441       10.733827       0.020408        5.965574       
291             10.821000       64.251506       10.734121       0.020152        5.985726       
292             10.821000       64.470306       10.734413       0.020220        6.005946       
293             10.821000       64.709342       10.734731       0.022090        6.028036       
294             10.821000       64.927905       10.735019       0.020198        6.048234       
295             10.821000       65.146500       10.735305       0.020201        6.068435       
296             10.821000       65.364608       10.735589       0.020156        6.088591       
297             10.821000       65.582348       10.735870       0.020122        6.108713       
298             10.821000       65.845591       10.736208       0.024327        6.133040       
299             10.821000       66.064629       10.736487       0.020242        6.153282       
300             10.821000       66.282196       10.736762       0.020106        6.173388       
301             10.821000       66.499698       10.737035       0.020100        6.193488       
302             10.821000       66.717168       10.737307       0.020097        6.213585       
303             10.821000       66.934800       10.737577       0.020112        6.233697       
304             10.821000       67.154412       10.737847       0.020295        6.253992       
305             10.821000       67.374035       10.738116       0.020296        6.274288       
306             10.821000       67.592284       10.738382       0.020169        6.294457       
307             10.821000       67.810554       10.738646       0.020171        6.314628       
308             10.821000       68.028760       10.738908       0.020165        6.334793       
309             10.821000       68.246370       10.739168       0.020110        6.354903       
310             10.821000       68.464338       10.739426       0.020143        6.375046       
311             10.821000       68.683008       10.739684       0.020208        6.395254       
312             10.821000       68.900565       10.739939       0.020105        6.415359       
313             10.821000       69.119268       10.740194       0.020211        6.435570       
314             10.821000       69.373258       10.740487       0.023472        6.459042       
315             10.821000       69.593595       10.740740       0.020362        6.479404       
316             10.821000       69.814409       10.740992       0.020406        6.499810       
317             10.821000       70.034973       10.741242       0.020383        6.520193       
318             10.821000       70.271650       10.741509       0.021872        6.542065       
319             10.821000       70.492161       10.741756       0.020378        6.562443       
320             10.821000       70.709771       10.741998       0.020110        6.582553       
321             10.821000       70.931417       10.742243       0.020483        6.603036       
322             10.821000       71.149147       10.742482       0.020121        6.623157       
323             10.821000       71.366833       10.742720       0.020117        6.643274       
324             10.821000       71.584454       10.742956       0.020111        6.663385       
325             10.821000       71.802151       10.743191       0.020118        6.683503       
326             10.821000       72.019750       10.743425       0.020109        6.703612       
327             10.821000       72.284129       10.743706       0.024432        6.728044       
328             10.821000       72.502388       10.743937       0.020170        6.748214       
329             10.821000       72.719945       10.744166       0.020105        6.768319       
330             10.891000       72.938854       10.744601       0.020100        6.788419       
331             10.891000       73.157730       10.745033       0.020097        6.808516       
332             10.891000       73.376683       10.745463       0.020104        6.828620       
333             10.891000       73.653630       10.746003       0.025429        6.854049       
334             10.891000       73.874391       10.746430       0.020270        6.874319       
335             10.891000       74.094084       10.746853       0.020172        6.894491       
336             10.891000       74.313690       10.747274       0.020164        6.914655       
337             10.891000       74.533318       10.747692       0.020166        6.934821       
338             10.891000       74.752325       10.748106       0.020109        6.954930       
339             10.891000       74.971430       10.748518       0.020118        6.975048       
340             10.891000       75.190677       10.748928       0.020131        6.995179       
341             10.891000       75.409782       10.749336       0.020118        7.015297       
342             10.891000       75.631174       10.749745       0.020328        7.035625       
343             10.891000       75.851891       10.750151       0.020266        7.055891       
344             10.891000       76.072521       10.750554       0.020258        7.076149       
345             10.891000       76.292912       10.750954       0.020236        7.096385       
346             10.891000       76.512855       10.751352       0.020195        7.116580       
347             10.891000       76.732603       10.751747       0.020177        7.136757       
348             10.891000       76.953483       10.752141       0.020281        7.157038       
349             10.891000       77.172599       10.752530       0.020119        7.177157       
350             10.891000       77.391879       10.752918       0.020134        7.197291       
351             10.891000       77.647817       10.753367       0.023500        7.220791       
352             10.891000       77.900968       10.753809       0.023244        7.244035       
353             10.891000       78.120116       10.754189       0.020122        7.264157       
354             10.891000       78.339156       10.754567       0.020112        7.284269       
355             10.891000       78.561191       10.754947       0.020387        7.304656       
356             10.891000       78.783269       10.755326       0.020391        7.325047       
357             10.891000       79.002995       10.755699       0.020175        7.345222       
358             10.891000       79.222002       10.756068       0.020109        7.365331       
359             10.891000       79.440890       10.756435       0.020098        7.385429       
360             10.891000       79.659810       10.756801       0.020101        7.405530       
361             10.891000       79.878272       10.757163       0.020059        7.425589       
362             10.891000       80.098652       10.757527       0.020235        7.445824       
363             10.891000       80.319423       10.757889       0.020271        7.466095       
364             10.891000       80.538833       10.758247       0.020146        7.486241       
365             10.891000       80.758298       10.758604       0.020151        7.506392       
366             10.891000       80.977719       10.758958       0.020147        7.526539       
367             10.891000       81.196726       10.759310       0.020109        7.546648       
368             10.891000       81.416397       10.759661       0.020170        7.566818       
369             10.891000       81.635285       10.760009       0.020098        7.586916       
370             10.891000       81.854216       10.760355       0.020102        7.607018       
371             10.891000       82.073364       10.760700       0.020122        7.627140       
372             10.891000       82.294353       10.761046       0.020291        7.647431       
373             10.891000       82.515125       10.761389       0.020271        7.667702       
374             10.891000       82.735178       10.761730       0.020205        7.687907       
375             10.891000       82.955230       10.762069       0.020205        7.708112       
376             10.891000       83.205135       10.762451       0.022946        7.731058       
377             10.891000       83.427333       10.762790       0.020402        7.751460       
378             10.883000       83.645929       10.763100       0.020086        7.771546       
379             10.883000       83.864754       10.763410       0.020107        7.791653       
380             10.883000       84.083709       10.763718       0.020119        7.811772       
381             10.883000       84.302566       10.764024       0.020110        7.831882       
382             10.883000       84.521456       10.764329       0.020113        7.851995       
383             10.883000       84.740356       10.764632       0.020114        7.872109       
384             10.883000       84.960770       10.764936       0.020253        7.892362       
385             10.883000       85.196768       10.765259       0.021685        7.914047       
386             10.883000       85.418204       10.765561       0.020347        7.934394       
387             10.883000       85.637453       10.765859       0.020146        7.954540       
388             10.883000       85.856462       10.766154       0.020124        7.974664       
389             10.883000       86.075428       10.766448       0.020120        7.994784       
390             10.883000       86.294808       10.766741       0.020158        8.014942       
391             10.883000       86.535453       10.767061       0.022112        8.037054       
392             10.883000       86.758957       10.767357       0.020537        8.057591       
393             10.883000       86.980241       10.767648       0.020333        8.077924       
394             10.883000       87.201471       10.767937       0.020328        8.098252       
395             10.883000       87.423538       10.768227       0.020405        8.118657       
396             10.883000       87.656347       10.768528       0.021392        8.140049       
397             10.883000       87.878317       10.768814       0.020396        8.160445       
398             10.883000       88.101136       10.769100       0.020474        8.180919       
399             10.883000       88.320330       10.769380       0.020141        8.201060       
400             10.883000       88.541233       10.769660       0.020298        8.221358       
401             10.883000       88.777286       10.769959       0.021690        8.243048       
402             10.883000       88.999506       10.770238       0.020419        8.263467       
403             10.883000       89.223391       10.770518       0.020572        8.284039       
404             10.883000       89.484648       10.770843       0.024006        8.308045       
405             10.883000       89.705420       10.771116       0.020286        8.328331       
406             10.883000       89.929197       10.771392       0.020562        8.348893       
407             10.883000       90.149523       10.771662       0.020245        8.369138       
408             10.883000       90.399712       10.771967       0.022989        8.392127       
409             10.883000       90.619157       10.772233       0.020164        8.412291       
410             10.883000       90.838123       10.772497       0.020120        8.432411       
411             10.883000       91.057143       10.772760       0.020125        8.452536       
412             10.883000       91.275772       10.773022       0.020089        8.472625       
413             10.883000       91.497970       10.773286       0.020417        8.493042       
414             10.883000       91.717894       10.773546       0.020208        8.513250       
415             10.883000       91.937252       10.773805       0.020156        8.533406       
416             10.883000       92.172629       10.774081       0.021628        8.555034       
417             10.883000       92.391367       10.774336       0.020099        8.575133       
418             10.883000       92.610115       10.774590       0.020100        8.595233       
419             10.883000       92.828863       10.774843       0.020100        8.615333       
420             10.883000       93.049734       10.775098       0.020295        8.635628       
421             10.883000       93.270746       10.775351       0.020308        8.655936       
422             10.883000       93.490082       10.775601       0.020154        8.676090       
423             10.883000       93.709309       10.775849       0.020144        8.696234       
424             10.883000       93.930321       10.776099       0.020308        8.716542       
425             10.883000       94.175221       10.776374       0.022503        8.739045       
426             10.883000       94.397419       10.776623       0.020417        8.759462       
427             10.854000       94.620067       10.776804       0.020513        8.779975       
428             10.854000       94.838667       10.776980       0.020140        8.800115       
429             10.854000       95.057809       10.777157       0.020190        8.820305       
430             10.854000       95.282487       10.777337       0.020700        8.841005       
431             10.854000       95.506687       10.777515       0.020656        8.861661       
432             10.854000       95.760573       10.777717       0.023391        8.885052       
433             10.854000       95.983026       10.777892       0.020495        8.905547       
434             10.854000       96.205696       10.778067       0.020515        8.926062       
435             10.854000       96.429082       10.778242       0.020581        8.946643       
436             10.854000       96.652587       10.778416       0.020592        8.967235       
437             10.854000       96.889280       10.778599       0.021807        8.989042       
438             10.814000       97.109043       10.778679       0.020322        9.009364       
439             10.814000       97.328004       10.778758       0.020248        9.029612       
440             10.814000       97.546545       10.778837       0.020209        9.049821       
441             10.821000       97.765778       10.778931       0.020260        9.070081       
442             10.821000       98.003494       10.779033       0.021968        9.092049       
443             10.821000       98.227348       10.779128       0.020687        9.112736       
444             10.821000       98.449178       10.779222       0.020500        9.133236       
445             10.821000       98.667146       10.779314       0.020143        9.153379       
446             10.829000       98.901669       10.779431       0.021657        9.175036       
447             10.829000       99.119538       10.779540       0.020119        9.195155       
448             10.829000       99.337894       10.779648       0.020164        9.215319       
449             10.829000       99.561296       10.779758       0.020630        9.235949       
450             10.829000       99.800595       10.779876       0.022098        9.258047       
451             10.834000       100.021425      10.779995       0.020383        9.278430       
452             10.834000       100.241843      10.780113       0.020345        9.298775       
453             10.834000       100.462119      10.780230       0.020332        9.319107       
454             10.834000       100.680912      10.780347       0.020195        9.339302       
455             10.834000       100.902164      10.780464       0.020422        9.359724       
456             10.841000       101.154911      10.780614       0.023314        9.383038       
457             10.841000       101.373552      10.780744       0.020168        9.403206       
458             10.841000       101.597452      10.780876       0.020653        9.423859       
459             10.841000       101.818955      10.781006       0.020432        9.444291       
460             10.841000       102.040805      10.781135       0.020464        9.464755       
461             10.840000       102.265811      10.781264       0.020757        9.485512       
462             10.840000       102.487305      10.781390       0.020433        9.505945       
463             10.840000       102.742066      10.781535       0.023502        9.529447       
464             10.840000       102.976145      10.781667       0.021594        9.551041       
465             10.843000       103.194361      10.781796       0.020125        9.571166       
466             10.843000       103.412695      10.781925       0.020136        9.591302       
467             10.843000       103.631008      10.782053       0.020134        9.611436       
468             10.843000       103.849169      10.782180       0.020120        9.631556       
469             10.843000       104.067287      10.782307       0.020116        9.651672       
470             10.840000       104.320651      10.782446       0.023373        9.675045       
471             10.840000       104.539413      10.782566       0.020181        9.695226       
472             10.840000       104.763356      10.782688       0.020659        9.715885       
473             10.840000       104.981782      10.782807       0.020150        9.736035       
474             10.840000       105.199710      10.782924       0.020104        9.756139       
475             10.839000       105.417573      10.783040       0.020100        9.776239       
476             10.839000       105.635427      10.783155       0.020099        9.796338       
477             10.839000       105.853399      10.783269       0.020110        9.816448       
478             10.839000       106.073561      10.783384       0.020312        9.836760       
479             10.839000       106.293365      10.783498       0.020279        9.857039       
480             10.842000       106.511874      10.783618       0.020154        9.877193       
481             10.842000       106.730373      10.783737       0.020153        9.897346       
482             10.842000       106.948883      10.783855       0.020154        9.917500       
483             10.842000       107.167859      10.783973       0.020197        9.937697       
484             10.842000       107.420933      10.784109       0.023342        9.961039       
485             10.844000       107.639906      10.784230       0.020193        9.981232       
486             10.844000       107.857978      10.784351       0.020110        10.001342      
487             10.844000       108.076474      10.784471       0.020149        10.021491      
488             10.844000       108.297150      10.784591       0.020350        10.041841      
489             10.844000       108.518443      10.784712       0.020407        10.062248      
490             10.844000       108.741341      10.784832       0.020555        10.082803      
491             10.844000       108.963351      10.784952       0.020473        10.103276      
492             10.844000       109.188960      10.785074       0.020805        10.124081      
493             10.844000       109.411056      10.785193       0.020481        10.144562      
494             10.844000       109.630766      10.785310       0.020261        10.164823      
495             10.844000       109.860865      10.785432       0.021219        10.186042      
496             10.844000       110.080608      10.785548       0.020264        10.206306      
497             10.844000       110.300145      10.785664       0.020245        10.226551      
498             10.844000       110.519259      10.785779       0.020206        10.246757      
499             10.844000       110.738394      10.785894       0.020208        10.266965      
500             10.844000       110.957378      10.786008       0.020194        10.287159      
501             10.844000       111.216430      10.786142       0.023889        10.311048      
502             10.844000       111.436835      10.786256       0.020325        10.331373      
503             10.844000       111.655113      10.786368       0.020129        10.351502      
504             10.844000       111.873316      10.786480       0.020122        10.371624      
505             10.844000       112.091487      10.786592       0.020119        10.391743      
506             10.844000       112.309928      10.786703       0.020144        10.411887      
507             10.844000       112.532198      10.786815       0.020497        10.432384      
508             10.844000       112.756170      10.786928       0.020654        10.453038      
509             10.844000       112.975110      10.787038       0.020190        10.473228      
510             10.844000       113.194072      10.787148       0.020192        10.493420      
511             10.844000       113.412980      10.787257       0.020187        10.513607      
512             10.844000       113.631172      10.787365       0.020121        10.533728      
513             10.844000       113.884011      10.787490       0.023316        10.557044      
514             10.844000       114.103450      10.787599       0.020236        10.577280      
515             10.844000       114.321469      10.787706       0.020105        10.597385      
516             10.844000       114.539715      10.787812       0.020126        10.617511      
517             10.844000       114.759696      10.787919       0.020286        10.637797      
518             10.844000       114.979895      10.788026       0.020306        10.658103      
519             10.844000       115.201438      10.788133       0.020430        10.678533      
520             10.844000       115.421321      10.788239       0.020277        10.698810      
521             10.844000       115.641216      10.788345       0.020278        10.719088      
522             10.844000       115.862510      10.788450       0.020407        10.739495      
523             10.844000       116.080658      10.788554       0.020117        10.759612      
524             10.844000       116.334690      10.788675       0.023426        10.783038      
525             10.844000       116.553012      10.788778       0.020133        10.803171      
526             10.844000       116.771280      10.788881       0.020128        10.823299      
527             10.844000       116.989483      10.788983       0.020122        10.843421      
528             10.844000       117.207588      10.789085       0.020113        10.863534      
529             10.844000       117.440778      10.789193       0.021504        10.885038      
530             10.844000       117.663785      10.789297       0.020565        10.905603      
531             10.844000       117.882107      10.789397       0.020133        10.925736      
532             10.844000       118.100028      10.789498       0.020096        10.945832      
533             10.844000       118.317916      10.789597       0.020093        10.965925      
534             10.836000       118.535612      10.789682       0.020090        10.986015      
535             10.836000       118.753415      10.789767       0.020100        11.006115      
536             10.836000       118.972747      10.789852       0.020241        11.026356      
537             10.836000       119.191721      10.789936       0.020208        11.046564      
538             10.836000       119.409947      10.790020       0.020139        11.066703      
539             10.836000       119.628173      10.790104       0.020139        11.086842      
540             10.836000       119.846974      10.790187       0.020192        11.107034      
541             10.836000       120.096234      10.790282       0.023003        11.130037      
542             10.836000       120.314460      10.790364       0.020139        11.150176      
543             10.836000       120.533044      10.790447       0.020172        11.170348      
544             10.836000       120.778870      10.790539       0.022686        11.193034      
545             10.836000       121.013610      10.790627       0.021663        11.214697      
546             10.836000       121.238348      10.790711       0.020740        11.235437      
547             10.836000       121.461570      10.790793       0.020600        11.256037      
548             10.836000       121.680425      10.790874       0.020197        11.276234      
549             10.836000       121.898586      10.790955       0.020133        11.296367      
550             10.836000       122.117061      10.791035       0.020162        11.316529      
551             10.836000       122.372000      10.791128       0.023527        11.340056      
552             10.836000       122.591299      10.791208       0.020238        11.360294      
553             10.836000       122.837731      10.791298       0.022742        11.383036      
554             10.836000       123.055892      10.791377       0.020133        11.403169      
555             10.836000       123.274595      10.791456       0.020183        11.423352      
556             10.836000       123.492648      10.791534       0.020123        11.443475      
557             10.836000       123.710690      10.791612       0.020122        11.463597      
558             10.836000       123.930531      10.791690       0.020288        11.483885      
559             10.836000       124.149028      10.791768       0.020164        11.504049      
560             10.836000       124.367753      10.791845       0.020185        11.524234      
561             10.836000       124.585686      10.791922       0.020112        11.544346      
562             10.836000       124.803512      10.791999       0.020102        11.564448      
563             10.836000       125.021304      10.792075       0.020099        11.584547      
564             10.836000       125.239249      10.792152       0.020113        11.604660      
565             10.836000       125.459371      10.792228       0.020314        11.624974      
566             10.836000       125.676817      10.792304       0.020067        11.645041      
567             10.836000       125.936849      10.792393       0.023997        11.669038      
568             10.836000       126.155238      10.792469       0.020154        11.689192      
569             10.836000       126.373713      10.792544       0.020162        11.709354      
570             10.836000       126.591679      10.792618       0.020115        11.729469      
571             10.836000       126.809862      10.792692       0.020135        11.749604      
572             10.836000       127.028760      10.792767       0.020201        11.769805      
573             10.836000       127.246737      10.792841       0.020116        11.789921      
574             10.836000       127.464822      10.792914       0.020126        11.810047      
575             10.836000       127.685086      10.792988       0.020327        11.830374      
576             10.836000       127.907115      10.793062       0.020490        11.850864      
577             10.836000       128.131356      10.793137       0.020694        11.871558      
578             10.836000       128.374960      10.793218       0.022481        11.894039      
579             10.836000       128.593500      10.793291       0.020168        11.914207      
580             10.836000       128.813655      10.793363       0.020317        11.934524      
581             10.836000       129.032781      10.793436       0.020222        11.954746      
582             10.814000       129.273846      10.793474       0.022292        11.977038      
583             10.814000       129.491435      10.793508       0.020121        11.997159      
584             10.814000       129.708818      10.793543       0.020102        12.017261      
585             10.814000       129.926266      10.793577       0.020108        12.037369      
586             10.814000       130.143735      10.793611       0.020110        12.057479      
587             10.814000       130.361118      10.793645       0.020102        12.077581      
588             10.814000       130.579853      10.793679       0.020227        12.097808      
589             10.814000       130.797928      10.793713       0.020166        12.117974      
590             10.814000       131.047299      10.793751       0.023060        12.141034      
591             10.814000       131.264661      10.793785       0.020100        12.161134      
592             10.814000       131.482952      10.793818       0.020186        12.181320      
593             10.814000       131.717940      10.793854       0.021730        12.203050      
594             10.814000       131.939292      10.793888       0.020469        12.223519      
595             10.814000       132.161163      10.793921       0.020517        12.244036      
596             10.814000       132.409885      10.793959       0.023000        12.267036      
597             10.814000       132.628274      10.793992       0.020195        12.287231      
598             10.814000       132.849809      10.794025       0.020486        12.307717      
599             10.814000       133.069593      10.794058       0.020324        12.328041      
600             10.814000       133.329129      10.794097       0.024000        12.352041      
601             10.814000       133.547485      10.794130       0.020192        12.372233      
602             10.814000       133.765247      10.794162       0.020137        12.392370      
603             10.814000       133.986566      10.794194       0.020466        12.412836      
604             10.814000       134.220365      10.794229       0.021620        12.434456      
605             10.814000       134.475445      10.794266       0.023588        12.458044      
606             10.814000       134.694299      10.794298       0.020238        12.478282      
607             10.814000       134.912147      10.794330       0.020145        12.498427      
608             10.814000       135.131347      10.794362       0.020270        12.518697      
609             10.814000       135.353899      10.794394       0.020580        12.539277      
610             10.814000       135.571855      10.794426       0.020155        12.559432      
611             10.814000       135.789920      10.794457       0.020165        12.579597      
