1               102.332741      2.059753        102.332741      0.020128        0.020128       
2               117.800142      4.728516        110.523236      0.022655        0.042783       
3               113.489234      7.012146        111.471997      0.020122        0.062905       
4               133.592224      9.697083        116.828097      0.020098        0.083003       
5               251.446238      14.745117       143.046762      0.020076        0.103079       
6               129.371456      17.373169       140.795417      0.020314        0.123393       
7               132.640274      20.041626       139.652194      0.020118        0.143511       
8               135.739929      22.770813       139.171437      0.020106        0.163617       
9               176.474249      26.318298       143.253002      0.020102        0.183719       
10              134.748175      29.029297       142.413568      0.020119        0.203838       
11              133.337921      31.709656       141.598891      0.020102        0.223940       
12              111.697650      33.952209       139.138705      0.020077        0.244017       
13              124.589639      36.454468       138.032297      0.020084        0.264101       
14              103.058317      38.525940       135.558777      0.020100        0.284201       
15              136.591055      41.268005       135.626883      0.020075        0.304276       
16              244.481400      46.172302       142.359474      0.020060        0.324336       
17              113.680371      48.456482       140.686417      0.020093        0.344429       
18              125.540153      50.978333       139.851729      0.020088        0.364517       
19              141.835757      53.826111       139.955306      0.020078        0.384595       
20              139.355143      56.623108       139.925538      0.020071        0.404666       
21              160.904796      59.858582       140.918657      0.020108        0.424774       
22              133.804570      62.546448       140.597416      0.020088        0.444862       
23              107.383700      64.702820       139.162908      0.020081        0.464943       
24              117.515221      67.502502       138.107733      0.023824        0.488767       
25              112.150391      69.756165       137.082676      0.020095        0.508862       
26              105.206935      71.869141       135.872359      0.020084        0.528946       
27              266.191408      77.209473       140.634513      0.020062        0.549008       
28              135.214991      79.927429       140.443095      0.020101        0.569109       
29              122.200872      82.383911       139.820728      0.020102        0.589211       
30              138.882246      85.174194       139.789783      0.020091        0.609302       
31              132.314804      87.830017       139.551391      0.020072        0.629374       
32              168.583834      91.221924       140.450757      0.020120        0.649494       
33              135.727828      93.949646       140.309004      0.020097        0.669591       
34              110.319920      96.164429       139.436030      0.020076        0.689667       
35              117.581405      98.524170       138.818053      0.020069        0.709736       
36              113.522287      100.801086      138.122846      0.020057        0.729793       
37              105.732941      102.926636      137.254547      0.020103        0.749896       
38              256.047254      108.066528      140.351609      0.020074        0.769970       
39              149.661922      111.072937      140.588333      0.020088        0.790058       
40              112.206930      113.339966      139.880638      0.020204        0.810262       
41              134.997573      116.245789      139.754274      0.021525        0.831787       
42              131.676573      118.890381      139.563832      0.020084        0.851871       
43              165.574966      122.221252      140.163916      0.020117        0.871988       
44              146.430202      125.190857      140.306340      0.020280        0.892268       
45              109.367827      127.386963      139.625409      0.020080        0.912348       
46              119.591558      129.786926      139.194229      0.020068        0.932416       
47              108.554192      131.968323      138.547820      0.020095        0.952511       
48              99.987241       133.977966      137.750965      0.020099        0.972610       
49              250.130426      138.999084      140.023496      0.020074        0.992684       
50              146.248666      141.937805      140.147007      0.020094        1.012778       
51              115.460423      144.257751      139.666765      0.020093        1.032871       
52              141.685066      147.103638      139.705266      0.020086        1.052957       
53              120.213302      149.517761      139.340472      0.020082        1.073039       
54              183.655089      153.209229      140.155304      0.020100        1.093139       
55              135.585718      155.931519      140.072887      0.020078        1.113217       
56              113.410124      158.206299      139.600978      0.020058        1.133275       
57              123.269687      160.979004      139.283147      0.022493        1.155768       
58              109.539453      163.179871      138.774914      0.020092        1.175860       
59              104.413508      165.278687      138.197388      0.020101        1.195961       
60              259.147825      170.481079      140.194105      0.020075        1.216036       
61              141.158797      173.317383      140.209786      0.020093        1.236129       
62              120.247733      175.733521      139.890497      0.020093        1.256222       
63              137.648844      178.499023      139.855211      0.020091        1.276313       
64              133.615696      181.181091      139.758599      0.020073        1.296386       
65              178.148545      184.760986      140.344590      0.020095        1.316481       
66              133.742193      187.448669      140.245320      0.020096        1.336577       
67              113.401375      189.725769      139.848001      0.020080        1.356657       
68              120.832332      192.150391      139.570844      0.020066        1.376723       
69              113.613305      194.431519      139.197723      0.020078        1.396801       
70              85.201005       196.438599      138.302174      0.023557        1.420358       
71              273.530361      202.270813      140.302157      0.021322        1.441680       
72              110.386765      204.934998      139.809592      0.024135        1.465815       
73              151.014506      207.966614      139.960975      0.020075        1.485890       
74              135.739122      210.690491      139.904719      0.020067        1.505957       
75              155.842531      213.817627      140.114289      0.020066        1.526023       
76              144.545440      216.722412      140.171883      0.020096        1.546119       
77              139.325000      219.879517      140.159651      0.022660        1.568779       
78              111.013924      222.107788      139.791452      0.020072        1.588851       
79              123.107539      224.578064      139.583374      0.020066        1.608917       
80              103.138843      226.650330      139.133872      0.020092        1.629009       
81              129.636252      229.253296      139.018231      0.020079        1.649088       
82              250.883093      234.286011      140.362635      0.020060        1.669148       
83              121.775545      236.731873      140.141634      0.020085        1.689233       
84              123.978326      239.222473      139.951673      0.020089        1.709322       
85              141.505936      242.062073      139.969708      0.020067        1.729389       
86              162.933812      245.331177      140.233077      0.020064        1.749453       
87              134.314337      248.034790      140.165751      0.020129        1.769582       
88              135.897047      250.764282      140.117844      0.020085        1.789667       
89              114.088979      253.054504      139.829127      0.020074        1.809741       
90              120.732397      255.472412      139.620111      0.020027        1.829768       
91              101.193860      257.506409      139.202586      0.020100        1.849868       
92              103.846416      259.591125      138.823015      0.020075        1.869943       
93              266.029305      264.927673      140.173150      0.020060        1.890003       
94              129.624876      267.531189      140.062232      0.020085        1.910088       
95              123.167608      270.004395      139.886473      0.020080        1.930168       
96              142.432599      272.862732      139.912673      0.020068        1.950236       
97              134.662938      275.565552      139.859195      0.020071        1.970307       
98              171.064767      279.005493      140.174463      0.020109        1.990416       
99              139.950769      281.819763      140.172225      0.020109        2.010525       
100             108.329955      283.994812      139.857378      0.020078        2.030603       
101             119.150261      286.385681      139.654757      0.020066        2.050669       
102             112.041047      288.637146      139.386790      0.020095        2.070764       
103             105.214806      290.751648      139.058334      0.020097        2.090861       
104             250.091195      295.771729      140.114153      0.020073        2.110934       
105             149.209544      298.768005      140.199860      0.020081        2.131015       
106             123.118713      301.240845      140.040372      0.020085        2.151100       
107             138.583061      304.023315      140.026896      0.020078        2.171178       
108             116.144569      306.356079      139.807992      0.020085        2.191263       
109             178.369852      309.944702      140.158825      0.020119        2.211382       
110             131.118733      312.584778      140.077256      0.020135        2.231517       
111             118.406745      314.963806      139.883881      0.020092        2.251609       
112             110.198903      317.176270      139.621528      0.020077        2.271686       
113             117.483417      319.538391      139.427309      0.020106        2.291792       
114             104.330747      321.636169      139.122068      0.020107        2.311899       
115             181.484878      325.279297      139.486734      0.020074        2.331973       
116             205.750634      329.406860      140.051913      0.020061        2.352034       
117             107.156951      331.560608      139.773195      0.020099        2.372133       
118             137.060231      334.314148      139.750411      0.020090        2.392223       
119             133.153252      336.989197      139.695469      0.020090        2.412313       
120             175.212310      340.506409      139.988583      0.020074        2.432387       
121             122.657277      342.968018      139.846757      0.020069        2.452456       
122             133.049346      345.639648      139.791553      0.020080        2.472536       
123             112.897715      347.906860      139.574881      0.020082        2.492618       
124             123.539171      350.386292      139.446796      0.020070        2.512688       
125             110.286432      352.603821      139.215302      0.020107        2.532795       
126             121.675165      355.047058      139.077338      0.020080        2.552875       
127             251.339487      360.088928      139.952594      0.020060        2.572935       
128             122.831183      362.897095      139.801801      0.022862        2.595797       
129             129.333077      365.496948      139.721353      0.020102        2.615899       
130             142.248098      368.369080      139.740707      0.020191        2.636090       
131             170.291979      371.786499      139.971530      0.020068        2.656158       
132             126.980943      374.338562      139.873974      0.020098        2.676256       
133             135.978249      377.071045      139.844940      0.020095        2.696351       
134             113.023227      379.341003      139.646634      0.020084        2.716435       
135             125.289890      381.856323      139.541308      0.020076        2.736511       
136             105.826669      383.982910      139.295536      0.020095        2.756606       
137             120.589659      386.403748      139.160295      0.020075        2.776681       
138             261.317601      391.646301      140.036572      0.020062        2.796743       
139             119.033162      394.033630      139.887024      0.020056        2.816799       
140             123.054702      396.505676      139.767829      0.020089        2.836888       
141             142.500503      399.366089      139.787029      0.020073        2.856961       
142             150.104202      402.377930      139.858983      0.020065        2.877026       
143             147.135449      405.335205      139.909464      0.020099        2.897125       
144             131.929300      407.984741      139.854526      0.020083        2.917208       
145             111.560227      410.613770      139.627788      0.023566        2.940774       
146             121.535023      413.052734      139.505159      0.020068        2.960842       
147             106.292744      415.188049      139.281335      0.020089        2.980931       
148             130.235490      417.802917      139.220815      0.020078        3.001009       
149             251.698518      422.851990      139.967670      0.020060        3.021069       
150             119.336987      425.250305      139.831336      0.020097        3.041166       
151             125.488500      427.771118      139.737218      0.020088        3.061254       
152             136.421329      430.509094      139.715620      0.020070        3.081324       
153             154.019234      433.599182      139.808151      0.020063        3.101387       
154             154.973714      436.713379      139.905782      0.020095        3.121482       
155             132.391162      439.373779      139.857715      0.020095        3.141577       
156             108.236407      441.547058      139.656894      0.020079        3.161656       
157             115.570480      443.866211      139.504982      0.020067        3.181723       
158             121.106855      446.298279      139.389588      0.020082        3.201805       
159             100.729708      448.451477      139.133197      0.021376        3.223181       
160             250.913850      453.882507      139.878843      0.021645        3.244826       
161             113.696096      456.511047      139.693614      0.023119        3.267945       
162             113.219664      459.209412      139.501938      0.023833        3.291778       
163             162.620505      462.472717      139.642017      0.020067        3.311845       
164             166.246575      465.808289      139.802224      0.020064        3.331909       
165             129.605929      468.412720      139.741098      0.020095        3.352004       
166             132.303097      471.070557      139.696787      0.020089        3.372093       
167             105.279260      473.184143      139.493092      0.020076        3.392169       
168             123.706432      475.666931      139.400239      0.020070        3.412239       
169             102.474320      477.726562      139.184009      0.020099        3.432338       
170             139.220586      480.521973      139.184222      0.020079        3.452417       
171             244.724810      485.431152      139.793914      0.020060        3.472477       
172             115.758319      487.759399      139.655499      0.020113        3.492590       
173             126.749421      490.303894      139.581740      0.020075        3.512665       
174             141.804009      493.149475      139.594364      0.020067        3.532732       
175             160.766321      496.370911      139.713776      0.020038        3.552770       
176             136.186192      499.107300      139.693937      0.020093        3.572863       
177             141.631109      501.951111      139.704763      0.020079        3.592942       
178             109.175990      504.142273      139.535178      0.020070        3.613012       
179             124.351375      506.637756      139.451308      0.020068        3.633080       
180             113.655651      508.921326      139.309435      0.020092        3.653172       
181             108.216788      511.093994      139.139490      0.020077        3.673249       
182             262.864970      516.367065      139.811498      0.020060        3.693309       
183             128.181421      518.942871      139.748563      0.020095        3.713404       
184             126.011299      521.474060      139.674653      0.020087        3.733491       
185             136.775383      524.221741      139.659136      0.020089        3.753580       
186             142.283629      527.078369      139.673099      0.020077        3.773657       
187             163.809975      530.374390      139.801114      0.020121        3.793778       
188             132.742907      533.190796      139.761860      0.021217        3.814995       
189             115.609876      535.709473      139.624720      0.021786        3.836781       
190             120.689784      538.131958      139.526178      0.020072        3.856853       
191             112.383975      540.391663      139.385411      0.020107        3.876960       
192             100.459459      542.408386      139.184890      0.020075        3.897035       
193             269.575743      547.816345      139.852673      0.020061        3.917096       
194             126.817694      550.363098      139.786186      0.020082        3.937178       
195             120.107318      552.775574      139.686302      0.020086        3.957264       
196             144.612776      555.679688      139.711176      0.020082        3.977346       
197             134.578887      558.381897      139.685397      0.020079        3.997425       
198             166.555464      561.733826      139.819996      0.020125        4.017550       
199             140.187560      564.549072      139.821824      0.020082        4.037632       
200             111.966181      566.797241      139.683985      0.020079        4.057711       
201             118.424878      569.172607      139.579414      0.020058        4.077769       
202             111.855262      571.420227      139.443468      0.020094        4.097863       
203             102.474431      573.479553      139.263056      0.020096        4.117959       
204             247.701415      578.451416      139.789048      0.020072        4.138031       
205             154.938435      581.563354      139.862225      0.020085        4.158116       
206             113.002979      583.833923      139.733059      0.020093        4.178209       
207             139.324400      586.631836      139.731104      0.020082        4.198291       
208             114.898287      588.939453      139.612873      0.020084        4.218375       
209             191.025923      592.780029      139.856748      0.020105        4.238480       
210             139.086726      595.577759      139.853111      0.020115        4.258595       
211             112.951653      597.846619      139.726817      0.020087        4.278682       
212             118.612049      600.226807      139.628252      0.020067        4.298749       
213             112.222472      603.036072      139.469583      0.025033        4.323782       
214             99.198459       605.028870      139.283342      0.020089        4.343871       
215             267.715083      610.415833      139.875530      0.020122        4.363993       
216             135.237461      613.230530      139.853515      0.020813        4.384806       
217             123.895930      615.719971      139.780724      0.020093        4.404899       
218             136.426341      618.459412      139.765502      0.020080        4.424979       
219             139.104440      621.251099      139.762517      0.020069        4.445048       
220             158.205554      624.431030      139.845539      0.020100        4.465148       
221             135.080742      627.146423      139.824184      0.020102        4.485250       
222             107.311488      629.301453      139.679263      0.020082        4.505332       
223             118.870742      631.686951      139.586987      0.020068        4.525400       
224             110.206414      633.902100      139.457067      0.020100        4.545500       
225             98.352231       636.205017      139.246411      0.023415        4.568915       
226             239.453625      641.677490      139.745159      0.022854        4.591769       
227             137.418797      644.436035      139.735033      0.020074        4.611843       
228             122.739124      646.900269      139.661365      0.020077        4.631920       
229             135.682667      649.623962      139.644196      0.020074        4.651994       
230             116.317098      651.958679      139.543979      0.020072        4.672066       
231             184.637872      655.672485      139.737283      0.020114        4.692180       
232             139.878174      658.486694      139.737885      0.020119        4.712299       
233             72.015460       659.931396      139.450802      0.020061        4.732360       
