#timestep       power           acc-energy      avg-power       dt              acc-time       
1               257.182000      5.192505        257.182000      0.020190        0.020190       
2               251.011000      10.319153       254.078723      0.020424        0.040614       
3               251.011000      15.421454       253.055477      0.020327        0.060941       
4               251.011000      20.519989       252.544389      0.020312        0.081253       
5               251.011000      25.622290       252.237545      0.020327        0.101580       
6               251.011000      30.720574       252.033163      0.020311        0.121891       
7               233.709000      35.466503       249.416328      0.020307        0.142198       
8               233.709000      40.218742       247.451220      0.020334        0.162532       
9               233.709000      44.970279       245.923338      0.020331        0.182863       
