#timestep       power           acc-energy      avg-power       dt              acc-time       
1               284.576000      1.476949        284.576000      0.005190        0.005190       
2               284.576000      2.980934        284.576000      0.005285        0.010475       
3               284.576000      4.466705        284.576000      0.005221        0.015696       
4               284.576000      5.953614        284.576000      0.005225        0.020921       
5               284.576000      7.424303        284.576000      0.005168        0.026089       
6               284.576000      8.897838        284.576000      0.005178        0.031267       
7               284.576000      10.369665       284.576000      0.005172        0.036439       
8               284.576000      11.850883       284.576000      0.005205        0.041644       
9               284.576000      13.326410       284.576000      0.005185        0.046829       
10              284.576000      14.799659       284.576000      0.005177        0.052006       
11              284.576000      16.271771       284.576000      0.005173        0.057179       
12              284.576000      17.750997       284.576000      0.005198        0.062377       
13              284.576000      19.221401       284.576000      0.005167        0.067544       
14              284.576000      20.693513       284.576000      0.005173        0.072717       
15              284.576000      22.169609       284.576000      0.005187        0.077904       
16              284.576000      23.642859       284.576000      0.005177        0.083081       
17              284.576000      25.114686       284.576000      0.005172        0.088253       
18              284.576000      26.589928       284.576000      0.005184        0.093437       
19              284.576000      28.062039       284.576000      0.005173        0.098610       
20              292.825000      29.576530       284.987091      0.005172        0.103782       
21              292.825000      31.091314       285.359222      0.005173        0.108955       
22              292.825000      32.609026       285.698242      0.005183        0.114138       
23              292.825000      34.128202       286.008096      0.005188        0.119326       
24              292.825000      35.657627       286.293965      0.005223        0.124549       
25              292.825000      37.175046       286.554842      0.005182        0.129731       
26              292.825000      38.726726       286.800902      0.005299        0.135030       
27              292.825000      40.258786       287.025611      0.005232        0.140262       
28              292.825000      41.771227       287.231583      0.005165        0.145427       
29              292.825000      43.285425       287.423641      0.005171        0.150598       
30              292.825000      44.796695       287.602612      0.005161        0.155759       
31              292.825000      46.328756       287.772333      0.005232        0.160991       
32              292.825000      47.861109       287.931399      0.005233        0.166224       
33              292.825000      49.382920       288.079759      0.005197        0.171421       
34              292.825000      50.903268       288.219258      0.005192        0.176613       
35              292.825000      52.420687       288.350543      0.005182        0.181795       
36              292.825000      53.938106       288.474551      0.005182        0.186977       
37              292.825000      55.457282       288.592003      0.005188        0.192165       
38              292.825000      56.979972       288.703530      0.005200        0.197365       
39              291.607000      58.485539       288.777548      0.005163        0.202528       
40              291.607000      59.998396       288.848217      0.005188        0.207716       
41              291.607000      61.510087       288.915392      0.005184        0.212900       
42              291.607000      63.019736       288.979289      0.005177        0.218077       
43              291.607000      64.537551       289.040544      0.005205        0.223282       
44              291.607000      66.041368       289.098482      0.005157        0.228439       
45              291.607000      67.546935       289.153925      0.005163        0.233602       
46              291.607000      69.055418       289.207070      0.005173        0.238775       
47              291.607000      70.559527       289.257817      0.005158        0.243933       
48              291.607000      72.062761       289.306434      0.005155        0.249088       
49              291.607000      73.568620       289.353160      0.005164        0.254252       
50              291.607000      75.075061       289.398043      0.005166        0.259418       
51              291.607000      76.582670       289.441205      0.005170        0.264588       
52              291.607000      78.095235       289.482847      0.005187        0.269775       
53              291.607000      79.606634       289.522888      0.005183        0.274958       
54              291.607000      81.125032       289.561622      0.005207        0.280165       
55              291.607000      82.608728       289.598105      0.005088        0.285253       
56              291.607000      84.094466       289.633357      0.005095        0.290348       
57              291.607000      85.579329       289.667373      0.005092        0.295440       
58              290.091000      87.079099       289.674659      0.005170        0.300610       
59              290.091000      88.571327       289.681663      0.005144        0.305754       
60              290.091000      90.050211       289.688377      0.005098        0.310852       
61              290.091000      91.536347       289.694904      0.005123        0.315975       
62              290.091000      93.020163       289.701214      0.005115        0.321090       
63              290.091000      94.500207       289.707311      0.005102        0.326192       
64              290.091000      95.975610       289.713202      0.005086        0.331278       
65              290.091000      97.481472       289.719030      0.005191        0.336469       
66              290.091000      98.980373       289.724656      0.005167        0.341636       
67              290.091000      100.487105      289.730142      0.005194        0.346830       
68              290.091000      101.988616      289.735448      0.005176        0.352006       
69              290.091000      103.486646      289.740589      0.005164        0.357170       
70              290.091000      104.989898      289.745600      0.005182        0.362352       
71              290.091000      106.486187      289.750448      0.005158        0.367510       
72              290.091000      107.992340      289.755192      0.005192        0.372702       
73              290.091000      109.508355      289.759836      0.005226        0.377928       
74              290.091000      111.007836      289.764304      0.005169        0.383097       
75              290.091000      112.505865      289.768649      0.005164        0.388261       
76              290.091000      114.004185      289.772881      0.005165        0.393426       
77              290.091000      115.516140      289.777040      0.005212        0.398638       
78              290.979000      117.019046      289.792414      0.005165        0.403803       
79              290.979000      118.520207      289.807383      0.005159        0.408962       
80              290.979000      120.023404      289.821998      0.005166        0.414128       
81              290.979000      121.527475      289.836262      0.005169        0.419297       
82              290.979000      123.029800      289.850161      0.005163        0.424460       
83              290.979000      124.530378      289.863712      0.005157        0.429617       
84              290.979000      126.035031      289.876976      0.005171        0.434788       
85              290.979000      127.551904      289.890032      0.005213        0.440001       
86              290.979000      129.057720      289.902691      0.005175        0.445176       
87              290.979000      130.563246      289.915057      0.005174        0.450350       
88              290.979000      132.078955      289.927222      0.005209        0.455559       
89              290.979000      133.581571      289.939011      0.005164        0.460723       
90              290.979000      135.084769      289.950543      0.005166        0.465889       
91              290.979000      136.589712      289.961835      0.005172        0.471061       
92              290.979000      138.095237      289.972886      0.005174        0.476235       
93              290.979000      139.598435      289.983683      0.005166        0.481401       
94              290.979000      141.100759      289.994244      0.005163        0.486564       
95              290.979000      142.615305      290.004667      0.005205        0.491769       
96              290.979000      144.117630      290.014790      0.005163        0.496932       
97              289.315000      145.613388      290.007584      0.005170        0.502102       
98              289.315000      147.106832      290.000537      0.005162        0.507264       
99              289.315000      148.602301      289.993621      0.005169        0.512433       
100             289.315000      150.098060      289.986843      0.005170        0.517603       
101             289.315000      151.595554      289.980191      0.005176        0.522779       
102             289.315000      153.095363      289.973660      0.005184        0.527963       
103             289.315000      154.598355      289.967242      0.005195        0.533158       
104             289.315000      156.096717      289.960967      0.005179        0.538337       
105             289.315000      157.593054      289.954820      0.005172        0.543509       
106             289.315000      159.106172      289.948722      0.005230        0.548739       
107             289.315000      160.602798      289.942804      0.005173        0.553912       
108             289.315000      162.108104      289.936962      0.005203        0.559115       
109             289.315000      163.608781      289.931245      0.005187        0.564302       
110             289.315000      165.109747      289.925631      0.005188        0.569490       
111             289.315000      166.614185      289.920105      0.005200        0.574690       
112             289.315000      168.115730      289.914690      0.005190        0.579880       
113             289.315000      169.618143      289.909367      0.005193        0.585073       
114             289.315000      171.117084      289.904150      0.005181        0.590254       
115             289.315000      172.614578      289.899028      0.005176        0.595430       
116             287.291000      174.101022      289.876561      0.005174        0.600604       
117             287.291000      175.588902      289.854456      0.005179        0.605783       
118             287.291000      177.083677      289.832627      0.005203        0.610986       
119             287.291000      178.580176      289.811141      0.005209        0.616195       
120             287.291000      180.071216      289.790092      0.005190        0.621385       
121             287.291000      181.559384      289.769431      0.005180        0.626565       
122             287.291000      183.049562      289.749082      0.005187        0.631752       
123             287.291000      184.535719      289.729118      0.005173        0.636925       
124             287.291000      186.020726      289.709491      0.005169        0.642094       
125             287.291000      187.510904      289.690110      0.005187        0.647281       
126             287.291000      188.997635      289.671081      0.005175        0.652456       
127             287.291000      190.484653      289.652349      0.005176        0.657632       
128             287.291000      191.975694      289.633859      0.005190        0.662822       
129             287.291000      193.474203      289.615566      0.005216        0.668038       
130             287.291000      194.980757      289.597461      0.005244        0.673282       
131             287.291000      196.473809      289.579794      0.005197        0.678479       
132             287.291000      197.960540      289.562468      0.005175        0.683654       
133             287.291000      199.447845      289.545397      0.005177        0.688831       
134             287.291000      200.934863      289.528583      0.005176        0.694007       
135             285.230000      202.410643      289.496773      0.005174        0.699181       
136             285.230000      203.893839      289.465274      0.005200        0.704381       
137             285.230000      205.371901      289.434344      0.005182        0.709563       
138             285.230000      206.859376      289.403669      0.005215        0.714778       
139             285.230000      208.338008      289.373617      0.005184        0.719962       
140             285.230000      209.818067      289.343966      0.005189        0.725151       
141             285.230000      211.298695      289.314726      0.005191        0.730342       
142             285.230000      212.786170      289.285766      0.005215        0.735557       
143             285.230000      214.265658      289.257365      0.005187        0.740744       
144             285.230000      215.740582      289.229446      0.005171        0.745915       
145             285.230000      217.217503      289.201874      0.005178        0.751093       
146             285.230000      218.697276      289.174627      0.005188        0.756281       
147             285.230000      220.173912      289.147809      0.005177        0.761458       
148             285.230000      221.651404      289.121337      0.005180        0.766638       
149             285.230000      223.126043      289.095271      0.005170        0.771808       
150             285.230000      224.603534      289.069502      0.005180        0.776988       
151             285.230000      226.080455      289.044084      0.005178        0.782166       
152             285.230000      227.559373      289.018967      0.005185        0.787351       
153             285.230000      229.041713      288.994121      0.005197        0.792548       
154             285.230000      230.531184      288.969482      0.005222        0.797770       
155             283.165000      231.996846      288.932065      0.005176        0.802946       
156             283.165000      233.465340      288.895056      0.005186        0.808132       
157             283.165000      234.933550      288.858526      0.005185        0.813317       
158             283.165000      236.403460      288.822418      0.005191        0.818508       
159             283.165000      237.870538      288.786833      0.005181        0.823689       
160             283.165000      239.336200      288.751726      0.005176        0.828865       
161             283.165000      240.800446      288.717089      0.005171        0.834036       
162             283.165000      242.266391      288.682839      0.005177        0.839213       
163             283.165000      243.735734      288.648930      0.005189        0.844402       
164             283.165000      245.201963      288.615507      0.005178        0.849580       
165             283.165000      246.666775      288.582520      0.005173        0.854753       
166             283.165000      248.137251      288.549805      0.005193        0.859946       
167             283.165000      249.613956      288.517347      0.005215        0.865161       
168             283.165000      251.080185      288.485504      0.005178        0.870339       
169             283.165000      252.544431      288.454079      0.005171        0.875510       
170             283.165000      254.008394      288.423030      0.005170        0.880680       
171             283.165000      255.476038      288.392266      0.005183        0.885863       
172             283.165000      256.943966      288.361855      0.005184        0.891047       
173             283.165000      258.407362      288.331887      0.005168        0.896215       
174             281.136000      259.862241      288.290575      0.005175        0.901390       
175             281.136000      261.316558      288.249749      0.005173        0.906563       
176             281.136000      262.771718      288.209364      0.005176        0.911739       
177             281.136000      264.224910      288.169489      0.005169        0.916908       
178             281.136000      265.682881      288.129931      0.005186        0.922094       
179             281.136000      267.137197      288.090914      0.005173        0.927267       
180             281.136000      268.593201      288.052285      0.005179        0.932446       
181             281.136000      270.061293      288.013767      0.005222        0.937668       
182             281.136000      271.525730      287.975770      0.005209        0.942877       
183             281.136000      272.988481      287.938234      0.005203        0.948080       
184             281.136000      274.443079      287.901313      0.005174        0.953254       
185             281.136000      275.898239      287.864777      0.005176        0.958430       
186             281.136000      277.351431      287.828682      0.005169        0.963599       
187             281.136000      278.809964      287.792842      0.005188        0.968787       
188             281.136000      280.263718      287.757499      0.005171        0.973958       
189             281.136000      281.717473      287.722530      0.005171        0.979129       
190             281.136000      283.170383      287.687947      0.005168        0.984297       
191             281.136000      284.624700      287.653693      0.005173        0.989470       
192             281.136000      286.092792      287.619476      0.005222        0.994692       
193             279.086000      287.535667      287.575352      0.005170        0.999862       
194             279.086000      288.983565      287.531531      0.005188        1.005050       
195             279.086000      290.437882      287.487968      0.005211        1.010261       
196             279.086000      291.881036      287.445182      0.005171        1.015432       
197             279.086000      293.328376      287.402707      0.005186        1.020618       
198             279.086000      294.784647      287.360403      0.005218        1.025836       
199             279.086000      296.226963      287.318927      0.005168        1.031004       
200             279.086000      297.669279      287.277865      0.005168        1.036172       
201             279.086000      299.117736      287.237037      0.005190        1.041362       
202             279.086000      300.562843      287.196708      0.005178        1.046540       
203             279.086000      302.006276      287.156822      0.005172        1.051712       
204             279.086000      303.450267      287.117311      0.005174        1.056886       
205             279.086000      304.892583      287.078231      0.005168        1.062054       
206             279.086000      306.339644      287.039402      0.005185        1.067239       
207             279.086000      307.782519      287.001059      0.005170        1.072409       
208             279.086000      309.226231      286.963062      0.005173        1.077582       
209             279.086000      310.668826      286.925458      0.005169        1.082751       
210             279.086000      312.126213      286.887830      0.005222        1.087973       
211             279.086000      313.581089      286.850626      0.005213        1.093186       
212             279.086000      315.026196      286.814022      0.005178        1.098364       
213             284.768000      316.498447      286.804436      0.005170        1.103534       
214             284.768000      317.973260      286.794923      0.005179        1.108713       
215             284.768000      319.458040      286.785436      0.005214        1.113927       
216             284.768000      320.937410      286.776071      0.005195        1.119122       
217             284.768000      322.418773      286.766780      0.005202        1.124324       
218             284.768000      323.896150      286.757599      0.005188        1.129512       
219             284.768000      325.369254      286.748529      0.005173        1.134685       
220             284.768000      326.851187      286.739487      0.005204        1.139889       
221             284.768000      328.324007      286.730582      0.005172        1.145061       
222             284.768000      329.795119      286.721768      0.005166        1.150227       
223             284.768000      331.267369      286.713025      0.005170        1.155397       
224             284.768000      332.741044      286.704352      0.005175        1.160572       
225             284.768000      334.219274      286.695730      0.005191        1.165763       
226             284.768000      335.691810      286.687217      0.005171        1.170934       
227             284.768000      337.169471      286.678749      0.005189        1.176123       
228             284.768000      338.642006      286.670385      0.005171        1.181294       
229             284.768000      340.114542      286.662094      0.005171        1.186465       
230             284.768000      341.586223      286.653880      0.005168        1.191633       
231             284.768000      343.062745      286.645709      0.005185        1.196818       
232             289.824000      344.563163      286.659398      0.005177        1.201995       
233             289.824000      346.069089      286.673019      0.005196        1.207191       
234             289.824000      347.574725      286.686521      0.005195        1.212386       
235             289.824000      349.072535      286.699838      0.005168        1.217554       
236             289.824000      350.571215      286.713051      0.005171        1.222725       
237             289.824000      352.069315      286.726147      0.005169        1.227894       
238             289.824000      353.575531      286.739203      0.005197        1.233091       
239             289.824000      355.075080      286.752093      0.005174        1.238265       
240             289.824000      356.574629      286.764875      0.005174        1.243439       
241             289.824000      358.073599      286.777546      0.005172        1.248611       
242             289.824000      359.576916      286.790150      0.005187        1.253798       
243             289.824000      361.077625      286.802628      0.005178        1.258976       
244             289.824000      362.578333      286.815003      0.005178        1.264154       
245             289.824000      364.078463      286.827273      0.005176        1.269330       
246             289.824000      365.579171      286.839448      0.005178        1.274508       
247             289.824000      367.076112      286.851494      0.005165        1.279673       
248             289.824000      368.574502      286.863455      0.005170        1.284843       
249             289.824000      370.075211      286.875338      0.005178        1.290021       
250             289.824000      371.593019      286.887260      0.005237        1.295258       
251             292.503000      373.080982      286.909229      0.005087        1.300345       
252             292.503000      374.571577      286.931066      0.005096        1.305441       
253             292.503000      376.077675      286.952956      0.005149        1.310590       
254             292.503000      377.583773      286.974676      0.005149        1.315739       
255             292.503000      379.090456      286.996234      0.005151        1.320890       
256             292.503000      380.594214      287.017584      0.005141        1.326031       
257             292.503000      382.095924      287.038740      0.005134        1.331165       
258             292.503000      383.584472      287.059550      0.005089        1.336254       
259             292.503000      385.072142      287.080190      0.005086        1.341340       
260             292.503000      386.561568      287.100699      0.005092        1.346432       
261             292.503000      388.050700      287.121048      0.005091        1.351523       
262             292.503000      389.538956      287.141233      0.005088        1.356611       
263             292.503000      391.028674      287.161287      0.005093        1.361704       
264             292.503000      392.538574      287.181460      0.005162        1.366866       
265             292.503000      394.065147      287.201702      0.005219        1.372085       
266             292.503000      395.562470      287.221407      0.005119        1.377204       
267             292.503000      397.052480      287.240870      0.005094        1.382298       
268             292.503000      398.542783      287.260195      0.005095        1.387393       
269             292.503000      400.033378      287.279381      0.005096        1.392489       
270             292.503000      401.551469      287.298778      0.005190        1.397679       
271             295.418000      403.094733      287.329012      0.005224        1.402903       
272             295.418000      404.632383      287.358912      0.005205        1.408108       
273             295.418000      406.147582      287.388161      0.005129        1.413237       
274             295.418000      407.650078      287.416955      0.005086        1.418323       
275             295.418000      409.153460      287.445561      0.005089        1.423412       
276             295.418000      410.656843      287.473962      0.005089        1.428501       
277             295.418000      412.157566      287.502113      0.005080        1.433581       
278             295.418000      413.697580      287.530793      0.005213        1.438794       
279             295.418000      415.233163      287.559185      0.005198        1.443992       
280             295.418000      416.776131      287.587508      0.005223        1.449215       
281             295.418000      418.287194      287.615049      0.005115        1.454330       
282             295.418000      419.814505      287.642689      0.005170        1.459500       
283             295.418000      421.346247      287.670214      0.005185        1.464685       
284             295.418000      422.881535      287.697608      0.005197        1.469882       
285             295.418000      424.411800      287.724719      0.005180        1.475062       
286             295.418000      425.947678      287.751740      0.005199        1.480261       
287             295.418000      427.476762      287.778453      0.005176        1.485437       
288             295.418000      429.009686      287.805047      0.005189        1.490626       
289             295.418000      430.533156      287.831294      0.005157        1.495783       
290             295.860000      432.068374      287.859050      0.005189        1.500972       
291             295.860000      433.600633      287.886562      0.005179        1.506151       
292             295.860000      435.134371      287.913911      0.005184        1.511335       
293             295.860000      436.665151      287.941022      0.005174        1.516509       
294             295.860000      438.203327      287.968077      0.005199        1.521708       
295             295.860000      439.736178      287.994856      0.005181        1.526889       
296             295.860000      441.265478      288.021392      0.005169        1.532058       
297             295.860000      442.797441      288.047796      0.005178        1.537236       
298             295.860000      444.326741      288.073976      0.005169        1.542405       
299             295.860000      445.867580      288.100178      0.005208        1.547613       
300             295.860000      447.410490      288.126238      0.005215        1.552828       
301             295.860000      448.938607      288.151877      0.005165        1.557993       
302             295.860000      450.470570      288.177410      0.005178        1.563171       
303             295.860000      451.983302      288.202457      0.005113        1.568284       
304             295.860000      453.517632      288.227696      0.005186        1.573470       
305             295.860000      455.048412      288.252710      0.005174        1.578644       
306             295.860000      456.577416      288.277533      0.005168        1.583812       
307             295.860000      458.107900      288.302218      0.005173        1.588985       
308             295.860000      459.619449      288.326441      0.005109        1.594094       
309             296.034000      461.140472      288.351203      0.005138        1.599232       
310             296.034000      462.666823      288.375893      0.005156        1.604388       
311             296.034000      464.194358      288.400444      0.005160        1.609548       
312             296.034000      465.729591      288.424961      0.005186        1.614734       
313             296.034000      467.260975      288.449259      0.005173        1.619907       
314             296.034000      468.792358      288.473403      0.005173        1.625080       
315             296.034000      470.323742      288.497394      0.005173        1.630253       
316             296.034000      471.860159      288.521311      0.005190        1.635443       
317             296.034000      473.393023      288.545022      0.005178        1.640621       
318             296.034000      474.923519      288.568548      0.005170        1.645791       
319             296.034000      476.454310      288.591930      0.005171        1.650962       
320             296.034000      477.986286      288.615185      0.005175        1.656137       
321             296.034000      479.517078      288.638277      0.005171        1.661308       
322             296.034000      481.048462      288.661234      0.005173        1.666481       
323             296.034000      482.585175      288.684129      0.005191        1.671672       
324             296.034000      484.134913      288.707074      0.005235        1.676907       
325             296.034000      485.673697      288.729715      0.005198        1.682105       
326             296.034000      487.210114      288.752182      0.005190        1.687295       
327             296.034000      488.758372      288.774684      0.005230        1.692525       
328             296.034000      490.296268      288.796897      0.005195        1.697720       
329             296.160000      491.834523      288.819355      0.005194        1.702914       
330             296.160000      493.376924      288.841736      0.005208        1.708122       
331             296.160000      494.910441      288.863854      0.005178        1.713300       
332             296.160000      496.449288      288.885914      0.005196        1.718496       
333             296.160000      497.980436      288.907732      0.005170        1.723666       
334             296.160000      499.516321      288.929487      0.005186        1.728852       
335             296.160000      501.056946      288.951178      0.005202        1.734054       
336             296.160000      502.595201      288.972706      0.005194        1.739248       
337             296.160000      504.134344      288.994118      0.005197        1.744445       
338             296.160000      505.666972      289.015313      0.005175        1.749620       
339             296.160000      507.198119      289.036363      0.005170        1.754790       
340             296.160000      508.733709      289.057350      0.005185        1.759975       
341             296.160000      510.269595      289.078217      0.005186        1.765161       
342             296.160000      511.810219      289.099026      0.005202        1.770363       
343             296.160000      513.341959      289.119594      0.005172        1.775535       
344             296.160000      514.875179      289.140062      0.005177        1.780712       
345             296.160000      516.406030      289.160381      0.005169        1.785881       
346             296.160000      517.932735      289.180527      0.005155        1.791036       
347             296.160000      519.445816      289.200380      0.005109        1.796145       
348             296.312000      520.986935      289.220913      0.005201        1.801346       
349             296.312000      522.521238      289.241238      0.005178        1.806524       
350             296.312000      524.053171      289.261416      0.005170        1.811694       
351             296.312000      525.580364      289.281417      0.005154        1.816848       
352             296.312000      527.111704      289.301358      0.005168        1.822016       
353             296.312000      528.646896      289.321237      0.005181        1.827197       
354             296.312000      530.180311      289.340980      0.005175        1.832372       
355             296.312000      531.712244      289.360594      0.005170        1.837542       
356             296.312000      533.244473      289.380101      0.005171        1.842713       
357             296.312000      534.779666      289.399536      0.005181        1.847894       
358             296.312000      536.313969      289.418851      0.005178        1.853072       
359             296.312000      537.847384      289.438048      0.005175        1.858247       
360             296.312000      539.396207      289.457329      0.005227        1.863474       
361             296.312000      540.934066      289.476367      0.005190        1.868664       
362             296.312000      542.467481      289.495245      0.005175        1.873839       
363             296.312000      544.001192      289.514023      0.005176        1.879015       
364             296.312000      545.536977      289.532723      0.005183        1.884198       
365             296.312000      547.072169      289.551312      0.005181        1.889379       
366             296.312000      548.588398      289.569573      0.005117        1.894496       
367             296.440000      550.120696      289.588267      0.005169        1.899665       
368             296.440000      551.658034      289.606921      0.005186        1.904851       
369             296.440000      553.196557      289.625488      0.005190        1.910041       
370             296.440000      554.736860      289.643976      0.005196        1.915237       
371             296.440000      556.273901      289.662325      0.005185        1.920422       
372             296.440000      557.805607      289.680512      0.005167        1.925589       
373             296.440000      559.339684      289.698629      0.005175        1.930764       
374             296.440000      560.870203      289.716608      0.005163        1.935927       
375             296.440000      562.409023      289.734588      0.005191        1.941118       
376             296.440000      563.924128      289.752197      0.005111        1.946229       
377             296.440000      565.451387      289.769854      0.005152        1.951381       
378             296.440000      566.985168      289.787493      0.005174        1.956555       
379             296.440000      568.515984      289.805005      0.005164        1.961719       
380             296.440000      570.053025      289.822495      0.005185        1.966904       
381             296.440000      571.587102      289.839860      0.005175        1.972079       
382             296.440000      573.121476      289.857138      0.005176        1.977255       
383             296.440000      574.653181      289.874296      0.005167        1.982422       
384             296.440000      576.189333      289.891414      0.005182        1.987604       
385             296.440000      577.738232      289.908583      0.005225        1.992829       
386             296.440000      579.272606      289.925504      0.005176        1.998005       
387             296.478000      580.805990      289.942421      0.005172        2.003177       
388             296.478000      582.345304      289.959317      0.005192        2.008369       
389             296.478000      583.881653      289.976093      0.005182        2.013551       
390             296.478000      585.414740      289.992748      0.005171        2.018722       
391             296.478000      586.952275      290.009366      0.005186        2.023908       
392             296.478000      588.488921      290.025889      0.005183        2.029091       
393             296.478000      590.020230      290.042271      0.005165        2.034256       
394             296.478000      591.536715      290.058412      0.005115        2.039371       
395             296.478000      593.060612      290.074552      0.005140        2.044511       
396             296.478000      594.591920      290.090688      0.005165        2.049676       
397             296.478000      596.125898      290.106771      0.005174        2.054850       
398             296.478000      597.659875      290.122773      0.005174        2.060024       
399             296.478000      599.191480      290.138670      0.005166        2.065190       
400             296.478000      600.723085      290.154488      0.005166        2.070356       
401             296.478000      602.254098      290.170221      0.005164        2.075520       
402             296.478000      603.791929      290.185946      0.005187        2.080707       
403             296.478000      605.334504      290.201641      0.005203        2.085910       
404             296.478000      606.865220      290.217137      0.005163        2.091073       
405             296.478000      608.396529      290.232564      0.005165        2.096238       
406             296.519000      609.930422      290.248039      0.005173        2.101411       
407             296.519000      611.460460      290.263400      0.005160        2.106571       
408             296.519000      612.991684      290.278697      0.005164        2.111735       
409             296.519000      614.530618      290.293996      0.005190        2.116925       
410             296.519000      616.068958      290.309215      0.005188        2.122113       
411             296.519000      617.604334      290.324330      0.005178        2.127291       
412             296.519000      619.141488      290.339389      0.005184        2.132475       
413             296.519000      620.682497      290.354412      0.005197        2.137672       
414             296.519000      622.225879      290.369386      0.005205        2.142877       
415             296.519000      623.770743      290.384301      0.005210        2.148087       
416             296.519000      625.309676      290.399088      0.005190        2.153277       
417             296.519000      626.845941      290.413777      0.005181        2.158458       
418             296.519000      628.386654      290.428439      0.005196        2.163654       
419             296.519000      629.923512      290.442994      0.005183        2.168837       
420             296.519000      631.455033      290.457429      0.005165        2.174002       
421             296.519000      633.000490      290.471927      0.005212        2.179214       
422             296.519000      634.540906      290.486308      0.005195        2.184409       
423             296.519000      636.056711      290.500393      0.005112        2.189521       
424             296.519000      637.582005      290.514500      0.005144        2.194665       
425             296.526000      639.095770      290.528451      0.005105        2.199770       
426             296.526000      640.609239      290.542334      0.005104        2.204874       
427             296.526000      642.120632      290.556135      0.005097        2.209971       
428             296.526000      643.629949      290.569853      0.005090        2.215061       
429             296.526000      645.141638      290.583530      0.005098        2.220159       
430             296.526000      646.658665      290.597192      0.005116        2.225275       
431             296.526000      648.168576      290.610727      0.005092        2.230367       
432             296.526000      649.679672      290.624212      0.005096        2.235463       
433             296.526000      651.191065      290.637638      0.005097        2.240560       
434             296.526000      652.703051      290.651008      0.005099        2.245659       
435             296.526000      654.250324      290.664627      0.005218        2.250877       
436             296.526000      655.761124      290.677865      0.005095        2.255972       
437             296.526000      657.280820      290.691120      0.005125        2.261097       
438             296.526000      658.797254      290.704287      0.005114        2.266211       
439             296.526000      660.305682      290.717326      0.005087        2.271298       
440             296.526000      661.847617      290.730594      0.005200        2.276498       
441             296.526000      663.384511      290.743759      0.005183        2.281681       
442             296.526000      664.928522      290.756925      0.005207        2.286888       
443             296.526000      666.476091      290.770061      0.005219        2.292107       
444             296.526000      668.012392      290.783042      0.005181        2.297288       
445             296.551000      669.558016      290.796098      0.005212        2.302500       
446             296.551000      671.090295      290.808984      0.005167        2.307667       
447             296.551000      672.624353      290.821827      0.005173        2.312840       
448             296.551000      674.159301      290.834620      0.005176        2.318016       
449             296.551000      675.688912      290.847311      0.005158        2.323174       
450             296.551000      677.220301      290.859961      0.005164        2.328338       
451             296.551000      678.734787      290.872417      0.005107        2.333445       
452             296.551000      680.276852      290.885043      0.005200        2.338645       
453             296.551000      681.815952      290.897590      0.005190        2.343835       
454             296.551000      683.354162      290.910073      0.005187        2.349022       
455             296.551000      684.889999      290.922483      0.005179        2.354201       
456             296.551000      686.429396      290.934866      0.005191        2.359392       
457             296.551000      687.969682      290.947202      0.005194        2.364586       
458             296.551000      689.511450      290.959496      0.005199        2.369785       
459             296.551000      691.052329      290.971730      0.005196        2.374981       
460             296.551000      692.611001      290.984050      0.005256        2.380237       
461             296.551000      694.189839      290.996474      0.005324        2.385561       
462             296.551000      695.717966      291.008446      0.005153        2.390714       
463             296.551000      697.261514      291.020487      0.005205        2.395919       
