1               103.160085      2.265808        103.160085      0.021964        0.021964       
2               111.094799      4.497925        106.950847      0.020092        0.042056       
3               106.851046      6.643066        106.918599      0.020076        0.062132       
4               112.348221      8.898682        108.244616      0.020077        0.082209       
5               125.570111      11.419250       111.644771      0.020073        0.102282       
6               128.303690      14.072571       114.446502      0.020680        0.122962       
7               106.853270      16.220642       113.379527      0.020103        0.143065       
8               105.296574      18.337524       112.383629      0.020104        0.163169       
9               110.586737      20.559875       112.186590      0.020096        0.183265       
10              152.995522      23.629578       116.213514      0.020064        0.203329       
11              263.880133      28.922485       129.472554      0.020058        0.223387       
12              281.825475      34.575623       142.025840      0.020059        0.243446       
13              191.996920      38.426697       145.829653      0.020058        0.263504       
14              147.383283      41.384827       145.939616      0.020071        0.283575       
15              109.647760      43.608154       143.517746      0.020277        0.303852       
16              116.292772      45.942383       141.830747      0.020072        0.323924       
17              140.087081      48.748047       141.729215      0.020028        0.343952       
18              141.880049      51.595154       141.737530      0.020067        0.364019       
19              141.559585      54.435547       141.728234      0.020065        0.384084       
20              139.344643      57.231079       141.609911      0.020062        0.404146       
21              116.643884      59.571655       140.428972      0.020066        0.424212       
22              102.322392      61.625061       138.707709      0.020068        0.444280       
23              183.345777      65.303894       140.636583      0.020065        0.464345       
24              262.893526      70.578064       145.699926      0.020062        0.484407       
25              125.392760      73.095825       144.891682      0.020079        0.504486       
26              120.465404      75.514771       143.956662      0.020080        0.524566       
27              126.973919      78.064026       143.330633      0.020077        0.544643       
28              124.546026      80.563416       142.663089      0.020068        0.564711       
29              142.767208      83.428040       142.666661      0.020065        0.584776       
30              83.027999       85.094910       140.687159      0.020076        0.604852       
31              99.294879       87.191223       139.291114      0.021112        0.625964       
32              109.651641      89.392151       138.370232      0.020072        0.646036       
33              107.721088      91.553467       137.447030      0.020064        0.666100       
34              113.439492      94.258545       136.617279      0.023846        0.689946       
35              121.401001      96.694092       136.187327      0.020062        0.710008       
36              135.104489      99.429688       136.157303      0.020248        0.730256       
37              87.739163       101.510071      134.634634      0.023711        0.753967       
38              123.864750      104.000000      134.354948      0.020102        0.774069       
39              109.252990      106.202759      133.717720      0.020162        0.794231       
40              158.605655      109.386292      134.331191      0.020072        0.814303       
41              267.269961      114.747192      137.527033      0.020058        0.834361       
42              270.466354      120.171936      140.647711      0.020057        0.854418       
43              199.016967      124.163818      141.986536      0.020058        0.874476       
44              134.500306      126.866333      141.818387      0.020093        0.894569       
45              102.117447      128.916443      140.946972      0.020076        0.914645       
46              98.996232       130.903198      140.046258      0.020069        0.934714       
47              139.839541      133.709778      140.041913      0.020070        0.954784       
48              139.038037      136.500549      140.021243      0.020072        0.974856       
49              140.894808      139.328308      140.038865      0.020070        0.994926       
50              139.636052      142.124939      140.030917      0.020028        1.014954       
51              133.246106      144.799988      139.899315      0.020076        1.035030       
52              96.499148       146.737305      139.073519      0.020076        1.055106       
53              130.626671      149.358459      138.915875      0.020066        1.075172       
54              277.891874      154.934082      141.461824      0.020064        1.095236       
55              147.067947      157.890442      141.562864      0.020102        1.115338       
56              105.074757      160.001709      140.917157      0.020093        1.135431       
57              126.013262      162.531677      140.658202      0.020077        1.155508       
58              131.187749      165.166321      140.496415      0.020083        1.175591       
59              140.329160      167.982727      140.493607      0.020070        1.195661       
60              108.800345      170.165588      139.970576      0.020063        1.215724       
61              77.779233       171.726929      138.960355      0.020074        1.235798       
62              104.353666      173.821411      138.407279      0.020071        1.255869       
63              111.735063      176.063599      137.987798      0.020067        1.275936       
64              106.535529      178.201660      137.500751      0.020069        1.296005       
65              110.761197      180.424194      137.093055      0.020066        1.316071       
66              126.956289      182.971191      136.940852      0.020062        1.336133       
67              124.241127      185.465332      136.752867      0.020075        1.356208       
68              108.076694      187.635620      136.334462      0.020081        1.376289       
69              106.218012      189.768372      135.901404      0.020079        1.396368       
70              103.996515      191.856934      135.449044      0.020083        1.416451       
71              157.275181      195.012817      135.753922      0.020066        1.436517       
72              241.958842      199.866028      137.216434      0.020058        1.456575       
73              264.820400      205.177795      138.949756      0.020058        1.476633       
74              206.860975      209.326599      139.859783      0.020056        1.496689       
75              140.936167      212.156738      139.874034      0.020081        1.516770       
76              89.085299       214.203918      139.116037      0.022980        1.539750       
77              120.003217      216.631104      138.868228      0.020226        1.559976       
78              138.849510      219.961548      138.867945      0.023986        1.583962       
79              140.473880      222.781982      138.888047      0.020078        1.604040       
80              137.883773      225.550964      138.875629      0.020082        1.624122       
81              140.029342      228.361633      138.889713      0.020072        1.644194       
82              120.412327      230.777466      138.666964      0.020063        1.664257       
83              101.480982      232.814392      138.223822      0.020072        1.684329       
84              166.623786      236.157532      138.558145      0.020064        1.704393       
85              255.006732      241.273987      139.913020      0.020064        1.724457       
86              128.343109      243.851501      139.779828      0.020083        1.744540       
87              113.865044      246.159546      139.482180      0.020270        1.764810       
88              119.316298      248.555298      139.255325      0.020079        1.784889       
89              125.841106      251.081055      139.106160      0.020071        1.804960       
90              137.059914      253.839111      139.083599      0.020123        1.825083       
91              95.655836       255.757202      138.611647      0.020052        1.845135       
92              92.282747       257.608948      138.113237      0.020066        1.865201       
93              110.159456      259.820068      137.815621      0.020072        1.885273       
94              110.606641      262.039612      137.529056      0.020067        1.905340       
95              112.470644      264.296448      137.267905      0.020066        1.925406       
96              117.447128      266.653259      137.063459      0.020067        1.945473       
97              125.267638      269.166504      136.943055      0.020063        1.965536       
98              125.423158      271.684875      136.826563      0.020079        1.985615       
99              106.121672      273.816223      136.519100      0.020084        2.005699       
100             105.505321      275.934875      136.211669      0.020081        2.025780       
101             101.356694      277.971436      135.869350      0.020093        2.045873       
102             215.026591      282.286804      136.638301      0.020069        2.065942       
103             267.310674      287.648254      137.894723      0.020057        2.085999       
104             267.884634      293.021484      139.132742      0.020058        2.106057       
105             159.768050      296.225952      139.327408      0.020057        2.126114       
106             121.702539      298.669861      139.162500      0.020081        2.146195       
107             101.415298      300.706787      138.812521      0.020085        2.166280       
108             108.279256      302.880493      138.532166      0.020075        2.186355       
109             140.470259      305.700012      138.549797      0.020072        2.206427       
110             137.548040      308.460876      138.540766      0.020072        2.226499       
111             140.326119      311.277222      138.556715      0.020070        2.246569       
112             138.027316      314.046326      138.552030      0.020062        2.266631       
113             118.666797      316.427612      138.377526      0.020067        2.286698       
114             97.368575       318.381897      138.020711      0.020071        2.306769       
115             187.305875      322.140564      138.445754      0.020067        2.326836       
116             258.997867      327.337097      139.476372      0.020064        2.346900       
117             112.989798      329.606384      139.251632      0.020084        2.366984       
118             112.229070      331.860168      139.024295      0.020082        2.387066       
119             130.767898      334.484680      138.955456      0.020070        2.407136       
120             127.081070      337.035706      138.857250      0.020074        2.427210       
121             140.785168      339.864502      138.873079      0.020093        2.447303       
122             95.010571       341.768799      138.516770      0.020043        2.467346       
123             87.078047       343.564087      138.090513      0.020617        2.487963       
124             111.629728      345.805054      137.878714      0.020075        2.508038       
125             108.484592      348.405212      137.600469      0.023968        2.532006       
126             103.468194      350.480164      137.332258      0.020054        2.552060       
127             122.118990      352.930115      137.213598      0.020062        2.572122       
128             133.193883      355.602783      137.182482      0.020066        2.592188       
129             111.503730      357.842224      136.985055      0.020084        2.612272       
130             105.137764      359.965271      136.740762      0.020193        2.632465       
131             105.436796      362.082336      136.503800      0.020079        2.652544       
132             105.198534      364.194092      136.268667      0.020074        2.672618       
133             260.482973      369.421204      137.194363      0.020067        2.692685       
134             266.021268      374.757324      138.146955      0.020059        2.712744       
135             239.646213      379.564148      138.891931      0.020058        2.732802       
136             153.803852      382.652222      139.000691      0.020078        2.752880       
137             109.540460      384.851685      138.787369      0.020079        2.772959       
138             102.391647      386.908630      138.525593      0.020089        2.793048       
139             119.857374      389.315247      138.392347      0.020079        2.813127       
140             145.491098      392.235107      138.442631      0.020069        2.833196       
141             140.651519      395.057983      138.458168      0.020070        2.853266       
142             138.497006      397.837341      138.458439      0.020068        2.873334       
143             142.029028      400.687012      138.483199      0.020064        2.893398       
144             107.602450      402.845947      138.270534      0.020064        2.913462       
145             96.996657       404.793640      137.988016      0.020080        2.933542       
146             217.253521      409.152832      138.526497      0.020065        2.953607       
147             237.423082      413.922424      139.194600      0.020089        2.973696       
148             117.281096      416.278015      139.047584      0.020085        2.993781       
149             107.457374      418.435974      138.837092      0.020082        3.013863       
150             123.912872      420.927490      138.738185      0.020107        3.033970       
151             133.473554      423.607239      138.703576      0.020077        3.054047       
152             136.333455      426.457153      138.687463      0.020904        3.074951       
153             75.852852       427.979065      138.280126      0.020064        3.095015       
154             99.510999       429.975952      138.030380      0.020067        3.115082       
155             104.973289      432.082031      137.818835      0.020063        3.135145       
156             108.359913      434.256165      137.631505      0.020064        3.155209       
157             110.920741      436.481567      137.462733      0.020063        3.175272       
158             122.188987      438.932434      137.366855      0.020058        3.195330       
159             132.199732      441.584229      137.334621      0.020059        3.215389       
160             102.720818      443.645630      137.119928      0.020068        3.235457       
161             101.617648      445.931824      136.874765      0.022498        3.257955       
162             109.413196      448.127747      136.706629      0.020070        3.278025       
163             140.173393      450.940186      136.727719      0.020064        3.298089       
164             260.192098      456.159119      137.474054      0.020058        3.318147       
165             279.685129      461.769043      138.328546      0.020058        3.338205       
166             203.996247      465.860596      138.720742      0.020057        3.358262       
167             139.627872      468.665161      138.726135      0.020086        3.378348       
168             106.160516      470.797607      138.533651      0.020087        3.398435       
169             100.845053      472.823181      138.312206      0.020086        3.418521       
170             130.293894      475.438049      138.265408      0.020069        3.438590       
171             146.159535      478.371033      138.311209      0.020067        3.458657       
172             138.074522      481.155029      138.309838      0.020163        3.478820       
173             137.710058      483.918457      138.306398      0.020067        3.498887       
174             135.087332      486.628174      138.288048      0.020059        3.518946       
175             98.079070       488.596130      138.060077      0.020065        3.539011       
176             124.178435      491.087646      137.981820      0.020064        3.559075       
177             259.991937      496.303345      138.665685      0.020061        3.579136       
178             174.966028      499.812988      138.867994      0.020059        3.599195       
179             120.958188      502.335571      138.764816      0.020855        3.620050       
180             91.145527       504.514587      138.452399      0.023907        3.643957       
181             156.344415      507.651794      138.550384      0.020066        3.664023       
182             139.830519      510.601379      138.557712      0.021094        3.685117       
183             103.467994      512.681396      138.367329      0.020103        3.705220       
184             85.553049       514.542175      138.059114      0.021750        3.726970       
185             109.591649      516.743652      137.906500      0.020088        3.747058       
186             109.250073      518.938049      137.753707      0.020086        3.767144       
187             109.149153      521.130310      137.602007      0.020085        3.787229       
188             117.554367      523.491272      137.496253      0.020084        3.807313       
189             125.572105      526.012634      137.433697      0.020079        3.827392       
190             123.543491      528.495117      137.361154      0.020094        3.847486       
191             105.620023      530.618713      137.196145      0.020106        3.867592       
192             111.361911      532.857422      137.062558      0.020103        3.887695       
193             102.304037      534.918030      136.883404      0.020142        3.907837       
194             191.364792      538.763123      137.162099      0.020093        3.927930       
195             263.974689      544.049744      137.805387      0.020027        3.947957       
196             281.550544      549.700745      138.532476      0.020071        3.968028       
197             159.141379      552.895508      138.636216      0.020075        3.988103       
198             126.036354      555.430603      138.572987      0.020114        4.008217       
199             103.519369      557.509583      138.398228      0.020083        4.028300       
200             109.820117      559.714661      138.256488      0.020079        4.048379       
201             140.590696      562.536316      138.268002      0.020070        4.068449       
202             140.965478      565.364929      138.281241      0.020066        4.088515       
203             138.693041      568.148499      138.283253      0.020070        4.108585       
204             140.647288      570.971008      138.294744      0.020068        4.128653       
205             120.515994      573.389282      138.208754      0.020066        4.148719       
206             96.709950       575.330444      138.008944      0.020072        4.168791       
207             157.257288      578.486755      138.101173      0.020071        4.188862       
208             273.997952      583.983154      138.748866      0.020060        4.208922       
209             130.640922      586.603027      138.710418      0.020054        4.228976       
210             119.587825      589.005188      138.620018      0.020087        4.249063       
211             128.620975      591.587769      138.572989      0.020079        4.269142       
212             118.094516      593.959106      138.477119      0.020080        4.289222       
213             144.771544      596.871765      138.506506      0.020119        4.309341       
214             100.082137      598.902832      138.326402      0.020294        4.329635       
215             80.425471       600.779480      138.016025      0.023334        4.352969       
216             107.544213      602.938538      137.876134      0.020076        4.373045       
217             105.124561      605.045654      137.726701      0.020044        4.393089       
218             104.785482      607.148804      137.576885      0.020071        4.413160       
219             123.000801      609.617676      137.510890      0.020072        4.433232       
220             102.784345      611.704712      137.352561      0.020305        4.453537       
221             118.242621      614.238770      137.261042      0.021431        4.474968       
222             105.573338      616.358154      137.119524      0.020075        4.495043       
223             106.995474      618.505981      136.985593      0.020074        4.515117       
224             105.860936      620.631775      136.847779      0.020081        4.535198       
225             158.117187      623.804871      136.941481      0.020068        4.555266       
226             262.747235      629.075317      137.493034      0.020059        4.575325       
227             268.279011      634.456726      138.063919      0.020059        4.595384       
228             196.932558      638.406799      138.319753      0.020058        4.615442       
229             137.362537      641.165039      138.315607      0.020080        4.635522       
230             110.021262      643.375366      138.193511      0.020090        4.655612       
231             101.200736      645.408691      138.034549      0.020092        4.675704       
232             134.569218      648.110168      138.019734      0.020075        4.695779       
233             144.730435      651.015198      138.048297      0.020072        4.715851       
234             137.329862      653.771545      138.045252      0.020071        4.735922       
235             140.474694      656.585815      138.055486      0.020034        4.755956       
236             132.540346      659.246033      138.032309      0.020071        4.776027       
237             96.378982       661.180359      137.858004      0.020070        4.796097       
238             124.984135      663.688416      137.804364      0.020067        4.816164       
239             266.051461      669.025940      138.336368      0.020062        4.836226       
240             157.118728      672.755310      138.428101      0.023736        4.859962       
241             106.573805      674.896484      138.296958      0.020091        4.880053       
242             108.396151      677.072754      138.174447      0.020077        4.900130       
243             136.990085      679.822693      138.169615      0.020074        4.920204       
244             142.642904      682.692383      138.187831      0.020118        4.940322       
245             96.102363       684.624329      138.017272      0.020103        4.960425       
246             79.922940       686.344910      137.766235      0.021528        4.981953       
247             110.854372      688.569092      137.658287      0.020064        5.002017       
248             109.066760      690.757080      137.544076      0.020061        5.022078       
249             110.463837      692.973206      137.436328      0.020062        5.042140       
250             123.651928      695.454529      137.381685      0.020067        5.062207       
251             121.203336      697.886353      137.317816      0.020064        5.082271       
252             121.900061      700.333618      137.257152      0.020076        5.102347       
253             112.028976      702.583496      137.158242      0.020083        5.122430       
254             106.132899      704.714539      137.037104      0.020079        5.142509       
255             101.976446      706.762939      136.900687      0.020087        5.162596       
256             194.848965      710.672974      137.125060      0.020067        5.182663       
257             267.043642      716.029602      137.625958      0.020059        5.202722       
258             279.814862      721.649963      138.172792      0.020086        5.222808       
259             158.928158      724.837585      138.252193      0.020057        5.242865       
260             126.433222      727.377502      138.207080      0.020089        5.262954       
261             101.587534      729.418396      138.067825      0.020090        5.283044       
262             105.540211      731.536377      137.944735      0.020068        5.303112       
263             138.849580      734.321838      137.948145      0.020061        5.323173       
264             139.607577      737.122925      137.954376      0.020064        5.343237       
265             144.953934      740.031860      137.980566      0.020068        5.363305       
266             139.355951      742.827759      137.985692      0.020063        5.383368       
267             119.329313      745.221863      137.916421      0.020063        5.403431       
268             96.948922       747.167725      137.764810      0.020071        5.423502       
269             163.116280      750.440979      137.858265      0.020067        5.443569       
270             266.967968      755.797424      138.332392      0.020064        5.463633       
271             127.135055      758.351440      138.291372      0.020089        5.483722       
272             115.994703      760.685486      138.209856      0.020122        5.503844       
273             110.410902      763.459229      138.083546      0.025122        5.528966       
274             128.052900      766.031555      138.047234      0.020088        5.549054       
275             138.980013      768.826721      138.050602      0.020112        5.569166       
276             85.496563       770.546143      137.861506      0.020111        5.589277       
277             96.054457       772.532837      137.707370      0.020683        5.609960       
278             116.932878      774.880615      137.633283      0.020078        5.630038       
279             106.534091      777.019287      137.522787      0.020075        5.650113       
280             116.557872      779.359070      137.448566      0.020074        5.670187       
281             121.875759      781.806091      137.393617      0.020078        5.690265       
282             134.020699      784.496155      137.381761      0.020072        5.710337       
283             106.594300      786.637634      137.273825      0.020090        5.730427       
284             110.672584      788.859497      137.180956      0.020076        5.750503       
285             105.176925      790.970398      137.069646      0.020070        5.770573       
286             96.687670       792.910339      136.929726      0.020064        5.790637       
287             242.722689      797.779114      137.294932      0.020059        5.810696       
288             259.239660      802.978943      137.714426      0.020058        5.830754       
289             248.349002      807.960327      138.093709      0.020058        5.850812       
290             164.029320      811.250427      138.182318      0.020058        5.870870       
291             109.127237      813.442139      138.083261      0.020084        5.890954       
292             99.447255       815.439636      137.951974      0.020086        5.911040       
293             117.002038      817.788452      137.881065      0.020075        5.931115       
294             138.079683      820.559021      137.881735      0.020065        5.951180       
295             148.756271      823.543518      137.918272      0.020063        5.971243       
296             140.659191      826.365845      137.927452      0.020065        5.991308       
297             131.499644      829.868469      137.899002      0.026636        6.017944       
298             102.536507      831.925659      137.781500      0.020063        6.038007       
299             96.653182       833.866455      137.645177      0.020080        6.058087       
300             246.787488      838.845886      138.007478      0.020177        6.078264       
301             201.094874      842.885681      138.215299      0.020089        6.098353       
302             103.897060      844.973389      138.102592      0.020094        6.118447       
303             116.909330      847.321045      138.033262      0.020081        6.138528       
304             128.741569      849.906433      138.002964      0.020082        6.158610       
305             118.212869      852.280029      137.938652      0.020079        6.178689       
306             137.984080      855.054199      137.938799      0.020105        6.198794       
307             78.505077       856.628540      137.747142      0.020054        6.218848       
308             100.072840      858.636902      137.625954      0.020069        6.238917       
309             105.754466      860.755798      137.523927      0.020036        6.258953       
310             106.175202      862.886841      137.423721      0.020071        6.279024       
311             113.426605      865.163086      137.347269      0.020068        6.299092       
312             121.337148      867.597473      137.296438      0.020063        6.319155       
313             129.786037      870.201111      137.272671      0.020061        6.339216       
314             107.218171      872.353516      137.177795      0.020075        6.359291       
315             106.067767      874.483887      137.079847      0.020085        6.379376       
316             105.388991      876.600098      136.980409      0.020080        6.399456       
317             109.584051      878.799011      136.894774      0.020066        6.419522       
318             275.283495      884.320923      137.325848      0.020059        6.439581       
319             263.992722      889.616089      137.719165      0.020058        6.459639       
320             223.022668      894.089478      137.983223      0.020058        6.479697       
321             155.387083      897.209961      138.036995      0.020082        6.499779       
322             103.538637      899.290466      137.930672      0.020094        6.519873       
323             100.373783      901.307678      137.815262      0.020097        6.539970       
324             121.893981      903.754822      137.766537      0.020076        6.560046       
325             147.976731      906.725159      137.797684      0.020073        6.580119       
326             138.623096      909.507324      137.800194      0.020070        6.600189       
327             143.277855      912.383484      137.816803      0.020074        6.620263       
328             128.701593      914.965881      137.789260      0.020065        6.640328       
329             101.784061      917.008484      137.680775      0.020068        6.660396       
330             92.320271       918.862183      137.544438      0.020079        6.680475       
331             246.643836      923.811584      137.871173      0.020067        6.700542       
332             201.370422      927.855103      138.060897      0.020080        6.720622       
333             105.977569      929.984192      137.965276      0.020090        6.740712       
334             125.072988      932.496033      137.926979      0.020083        6.760795       
335             113.946459      934.786926      137.855878      0.020105        6.780900       
336             111.765478      937.029724      137.778896      0.020067        6.800967       
337             143.505007      939.915466      137.795777      0.020109        6.821076       
338             80.893776       941.539490      137.628793      0.020076        6.841152       
339             102.733075      943.986694      137.507707      0.023821        6.864973       
340             106.685418      946.129578      137.417788      0.020086        6.885059       
341             112.252406      948.383606      137.344608      0.020080        6.905139       
342             110.960850      950.611145      137.268126      0.020075        6.925214       
343             118.104162      952.993896      137.212458      0.020175        6.945389       
344             137.063751      955.744629      137.212030      0.020069        6.965458       
345             106.375819      957.879272      137.123448      0.020067        6.985525       
346             106.153122      960.009766      137.034722      0.020070        7.005595       
347             106.241315      962.142029      136.946756      0.020070        7.025665       
348             118.367986      964.516846      136.893852      0.020063        7.045728       
349             272.301334      969.978394      137.278221      0.020057        7.065785       
350             268.694054      975.367859      137.650222      0.020058        7.085843       
351             211.562981      979.611389      137.858857      0.020058        7.105901       
352             147.159502      982.564880      137.885052      0.020070        7.125971       
353             108.395740      985.057007      137.790214      0.022991        7.148962       
354             103.377213      987.133545      137.693792      0.020087        7.169049       
355             131.241697      989.768616      137.675773      0.020078        7.189127       
356             139.664444      992.571960      137.681310      0.020072        7.209199       
357             146.551280      995.513245      137.705935      0.020070        7.229269       
358             140.100179      998.325195      137.712564      0.020071        7.249340       
359             130.091328      1000.935608     137.691526      0.020066        7.269406       
360             97.812009       1002.898010     137.581765      0.020063        7.289469       
361             112.225246      1005.150146     137.512150      0.020068        7.309537       
362             260.255026      1010.371643     137.848129      0.020063        7.329600       
363             172.926866      1013.845398     137.944005      0.020088        7.349688       
364             101.079321      1015.876587     137.843487      0.020095        7.369783       
365             114.853944      1018.182739     137.781022      0.020079        7.389862       
366             125.968632      1020.711182     137.749025      0.020072        7.409934       
367             121.626509      1023.153320     137.705455      0.020079        7.430013       
368             146.801725      1026.100952     137.729971      0.020079        7.450092       
369             75.331049       1027.612244     137.562391      0.020062        7.470154       
370             92.069392       1029.711426     137.423962      0.022800        7.492954       
371             124.938798      1032.218323     137.390618      0.020065        7.513019       
372             107.645038      1034.378113     137.311392      0.020064        7.533083       
373             119.928728      1036.784363     137.265217      0.020064        7.553147       
374             124.312507      1039.278320     137.230904      0.020062        7.573209       
375             125.875125      1041.804382     137.200893      0.020068        7.593277       
376             102.499422      1043.862366     137.109378      0.020078        7.613355       
377             102.256151      1045.915771     137.017691      0.020081        7.633436       
378             108.629621      1048.095642     136.943259      0.020067        7.653503       
379             143.732561      1050.979492     136.961011      0.020064        7.673567       
380             263.022026      1056.255188     137.289664      0.020058        7.693625       
381             280.405069      1061.879272     137.661790      0.020057        7.713682       
382             197.492457      1065.840576     137.816965      0.020058        7.733740       
383             141.482022      1068.680969     137.826455      0.020076        7.753816       
384             102.648377      1070.741943     137.735599      0.020078        7.773894       
385             101.586328      1072.779968     137.642549      0.020062        7.793956       
386             136.257091      1075.533997     137.638965      0.020212        7.814168       
387             137.767153      1078.298157     137.639293      0.020064        7.834232       
388             144.652377      1081.200317     137.657208      0.020063        7.854295       
389             137.635570      1083.961975     137.657152      0.020065        7.874360       
390             129.427758      1086.558167     137.636242      0.020059        7.894419       
391             99.742381       1088.558899     137.540202      0.020059        7.914478       
392             112.208657      1090.809692     137.476162      0.020059        7.934537       
393             258.793810      1096.000061     137.782041      0.020056        7.954593       
394             181.143353      1099.640137     137.891305      0.020095        7.974688       
395             107.611340      1101.801941     137.815219      0.020089        7.994777       
396             131.601355      1104.443970     137.799654      0.020076        8.014853       
397             108.583291      1106.623779     137.726658      0.020075        8.034928       
398             143.200207      1109.496948     137.740292      0.020064        8.054992       
399             119.988187      1111.906311     137.696148      0.020080        8.075072       
400             79.904676       1113.654785     137.539967      0.021882        8.096954       
401             115.420722      1115.971741     137.485264      0.020074        8.117028       
402             110.545809      1118.190063     137.418829      0.020067        8.137095       
403             108.847296      1120.374084     137.348548      0.020065        8.157160       
404             114.915474      1122.679749     137.293506      0.020064        8.177224       
405             129.040630      1125.268433     137.273308      0.020061        8.197285       
406             125.301889      1127.784119     137.244059      0.020077        8.217362       
407             105.605382      1129.904358     137.166947      0.020077        8.237439       
408             106.170040      1132.035828     137.091586      0.020076        8.257515       
409             104.524871      1134.134583     137.012589      0.020079        8.277594       
410             177.958878      1137.705505     137.111608      0.020066        8.297660       
411             267.326621      1143.067810     137.425634      0.020059        8.317719       
412             269.704308      1148.477539     137.743854      0.020058        8.337777       
413             184.264826      1152.173523     137.855500      0.020058        8.357835       
414             135.907541      1154.902954     137.850830      0.020083        8.377918       
415             103.333372      1156.973755     137.768462      0.020040        8.397958       
416             101.763777      1159.016357     137.682612      0.020072        8.418030       
417             139.363404      1161.813660     137.686610      0.020072        8.438102       
418             144.875626      1164.721313     137.703669      0.020070        8.458172       
419             138.008791      1167.491150     137.704391      0.020070        8.478242       
420             140.949767      1170.320435     137.712056      0.020073        8.498315       
421             120.933049      1172.747803     137.672520      0.020072        8.518387       
422             102.183409      1174.798828     137.589093      0.020072        8.538459       
423             133.412887      1177.475891     137.579301      0.020066        8.558525       
424             275.917852      1183.010803     137.902790      0.020060        8.578585       
425             145.640540      1185.935120     137.920858      0.020079        8.598664       
426             123.498426      1188.415833     137.887245      0.020087        8.618751       
427             130.526899      1191.036682     137.870138      0.020079        8.638830       
428             113.022471      1193.319397     137.812181      0.020197        8.659027       
429             136.539775      1196.059204     137.809239      0.020066        8.679093       
430             108.132983      1198.228027     137.740817      0.020057        8.699150       
431             87.686909       1200.315063     137.604242      0.023801        8.722951       
432             107.368724      1202.470276     137.534825      0.020073        8.743024       
433             106.946880      1204.616272     137.464784      0.020066        8.763090       
434             108.976284      1207.107361     137.390663      0.022859        8.785949       
435             119.029199      1209.496277     137.348815      0.020070        8.806019       
436             134.442797      1212.194275     137.342208      0.020068        8.826087       
437             114.595938      1214.495361     137.290576      0.020080        8.846167       
438             105.468288      1216.613586     137.218491      0.020084        8.866251       
439             105.679385      1218.735840     137.147217      0.020082        8.886333       
440             100.311749      1220.751404     137.064116      0.020093        8.906426       
441             229.797302      1225.362976     137.272593      0.020068        8.926494       
442             268.451238      1230.748108     137.566722      0.020060        8.946554       
443             255.636827      1235.875671     137.830841      0.020058        8.966612       
444             143.304960      1238.749939     137.843058      0.020057        8.986669       
445             126.517025      1241.290527     137.817806      0.020081        9.006750       
446             98.530923       1243.577332     137.716830      0.023209        9.029959       
447             107.875595      1245.743042     137.650633      0.020076        9.050035       
448             143.338528      1248.620850     137.663223      0.020077        9.070112       
449             137.678017      1251.384460     137.663256      0.020073        9.090185       
450             140.057957      1254.195984     137.668532      0.020074        9.110259       
451             139.512405      1256.995300     137.672584      0.020065        9.130324       
452             110.476431      1259.212341     137.612940      0.020068        9.150392       
453             162.146810      1262.475708     137.666783      0.020126        9.170518       
454             128.488185      1265.055237     137.646733      0.020076        9.190594       
455             253.602261      1270.143005     137.899299      0.020062        9.210656       
456             116.312738      1272.478333     137.852345      0.020078        9.230734       
457             107.842040      1274.645203     137.787162      0.020093        9.250827       
458             120.897202      1277.073181     137.750575      0.020083        9.270910       
459             130.061997      1279.680664     137.733984      0.020048        9.290958       
460             133.105775      1282.355957     137.723994      0.020099        9.311057       
461             90.298212       1284.168152     137.621992      0.020069        9.331126       
462             101.662931      1286.590576     137.530401      0.023828        9.354954       
463             108.093608      1288.759583     137.467396      0.020066        9.375020       
464             109.824957      1290.963440     137.408354      0.020067        9.395087       
465             114.289205      1293.256653     137.359084      0.020065        9.415152       
466             120.241874      1295.668945     137.322688      0.020062        9.435214       
467             134.856081      1298.374023     137.317455      0.020059        9.455273       
468             110.170357      1300.585693     137.259940      0.020075        9.475348       
469             107.194513      1302.738159     137.196360      0.020080        9.495428       
470             106.234000      1304.871338     137.131022      0.020080        9.515508       
471             108.940076      1307.066589     137.071448      0.020151        9.535659       
472             262.141721      1312.324890     137.333991      0.020059        9.555718       
473             278.768796      1317.916992     137.630278      0.020060        9.575778       
474             222.393865      1322.377991     137.807467      0.020059        9.595837       
475             151.132357      1325.413635     137.835300      0.020086        9.615923       
476             105.026131      1327.519409     137.767033      0.020050        9.635973       
477             104.849115      1329.626038     137.698538      0.020092        9.656065       
478             124.529593      1332.126343     137.671213      0.020078        9.676143       
479             138.556191      1334.907166     137.673045      0.020070        9.696213       
480             139.508494      1337.707520     137.676837      0.020073        9.716286       
481             145.744205      1340.632751     137.693467      0.020071        9.736357       
482             135.031728      1343.342163     137.687993      0.020065        9.756422       
483             102.989602      1345.408752     137.616775      0.020066        9.776488       
484             96.828428       1347.353455     137.533155      0.020084        9.796572       
485             242.875396      1352.227478     137.748504      0.020068        9.816640       
486             206.580763      1356.377686     137.889084      0.020090        9.836730       
487             106.026959      1358.509888     137.824078      0.020110        9.856840       
488             112.435102      1360.768372     137.772444      0.020087        9.876927       
489             123.121487      1363.234741     137.742790      0.020032        9.896959       
490             123.986310      1365.723022     137.714951      0.020069        9.917028       
491             145.019944      1368.639954     137.729737      0.020114        9.937142       
492             76.388304       1370.171692     137.606206      0.020052        9.957194       
493             95.614749       1372.090393     137.521750      0.020067        9.977261       
494             106.633654      1374.230957     137.459729      0.020074        9.997335       
495             108.631630      1376.411194     137.401971      0.020070        10.017405      
496             108.422794      1378.586914     137.344036      0.020067        10.037472      
497             119.667354      1380.988159     137.308769      0.020066        10.057538      
498             130.388033      1383.604004     137.294991      0.020062        10.077600      
499             112.865319      1385.869324     137.246433      0.020071        10.097671      
500             111.506126      1388.108032     137.195355      0.020077        10.117748      
501             106.123780      1390.238892     137.133815      0.020079        10.137827      
502             99.857737       1392.242737     137.060176      0.020067        10.157894      
503             256.666042      1397.389404     137.295816      0.020052        10.177946      
504             268.227284      1402.769775     137.553352      0.020059        10.198005      
505             242.610030      1407.636047     137.759578      0.020058        10.218063      
506             154.307041      1410.734070     137.792028      0.020077        10.238140      
507             104.685535      1412.836365     137.727217      0.020082        10.258222      
508             100.725033      1414.858521     137.654943      0.020076        10.278298      
509             123.079862      1417.328979     137.626535      0.020072        10.298370      
510             139.295574      1420.124084     137.629781      0.020066        10.318436      
511             140.817368      1422.949585     137.635967      0.020065        10.338501      
512             144.235327      1425.843811     137.648751      0.020066        10.358567      
513             133.417625      1428.520569     137.640572      0.020063        10.378630      
514             103.985928      1430.737549     137.571580      0.021320        10.399950      
515             100.774103      1432.761597     137.500651      0.020085        10.420035      
516             231.664178      1437.411560     137.681689      0.020072        10.440107      
517             213.115787      1441.693909     137.826597      0.020094        10.460201      
518             109.326944      1444.182190     137.764720      0.022760        10.482961      
519             125.060980      1446.693665     137.740431      0.020082        10.503043      
520             116.551499      1449.034485     137.699990      0.020084        10.523127      
521             117.891488      1451.402100     137.662258      0.020083        10.543210      
522             142.695189      1454.265564     137.671819      0.020067        10.563277      
523             73.895518       1455.752563     137.550557      0.020123        10.583400      
524             103.448409      1458.086670     137.478008      0.022563        10.605963      
525             105.291191      1460.201233     137.417176      0.020083        10.626046      
526             86.671811       1462.272949     137.303282      0.023903        10.649949      
527             134.524172      1464.974060     137.298052      0.020079        10.670028      
528             127.793119      1467.539124     137.280205      0.020072        10.690100      
529             125.430102      1470.059265     137.257975      0.020092        10.710192      
530             108.435683      1472.288269     137.202762      0.020556        10.730748      
531             106.137135      1474.420776     137.144705      0.020092        10.750840      
532             104.030649      1476.513977     137.082845      0.020121        10.770961      
533             156.098574      1479.649841     137.118245      0.020089        10.791050      
534             252.546683      1484.718201     137.332519      0.020069        10.811119      
535             269.232653      1490.118469     137.576781      0.020058        10.831177      
536             181.150199      1493.788391     137.658130      0.020259        10.851436      
537             136.065617      1496.721558     137.654973      0.021557        10.872993      
538             108.158155      1498.898132     137.600480      0.020124        10.893117      
539             101.713125      1500.944397     137.534324      0.020118        10.913235      
540             123.920783      1503.433594     137.509313      0.020087        10.933322      
541             139.052739      1506.224243     137.512141      0.020069        10.953391      
542             144.810629      1509.130737     137.525490      0.020071        10.973462      
543             137.224162      1511.884277     137.524940      0.020066        10.993528      
544             132.379730      1514.540344     137.515567      0.020064        11.013592      
545             105.999465      1516.667542     137.458245      0.020068        11.033660      
546             102.746464      1518.730896     137.395182      0.020082        11.053742      
547             248.967113      1523.727417     137.597383      0.020069        11.073811      
548             208.055476      1527.907043     137.724970      0.020089        11.093900      
549             107.596774      1530.066833     137.670555      0.020073        11.113973      
550             121.477502      1532.505737     137.641356      0.020077        11.134050      
551             133.368277      1535.183105     137.633665      0.020075        11.154125      
552             118.847374      1537.568848     137.599916      0.020074        11.174199      
553             144.678511      1540.478333     137.612633      0.020110        11.194309      
554             80.842172       1542.101562     137.510987      0.020079        11.214388      
555             100.745992      1544.173706     137.443681      0.020568        11.234956      
556             117.487447      1546.539551     137.407976      0.020137        11.255093      
557             109.327410      1548.733643     137.357995      0.020069        11.275162      
558             116.313771      1551.068176     137.320600      0.020071        11.295233      
559             120.777453      1553.491455     137.291266      0.020064        11.315297      
560             127.312503      1556.045471     137.273606      0.020061        11.335358      
561             112.760019      1558.309692     137.230259      0.020080        11.355438      
562             105.454477      1560.427429     137.174163      0.020082        11.375520      
563             105.481005      1562.545593     137.118314      0.020081        11.395601      
564             120.379032      1564.960999     137.088892      0.020065        11.415666      
565             260.093929      1570.178223     137.304650      0.020059        11.435725      
566             277.443870      1575.743469     137.550033      0.020059        11.455784      
567             217.314125      1580.102356     137.689448      0.020058        11.475842      
568             148.043689      1583.075073     137.707534      0.020080        11.495922      
569             106.129322      1585.520081     137.644378      0.023038        11.518960      
570             101.442648      1587.557556     137.581365      0.020085        11.539045      
571             129.973774      1590.166260     137.568155      0.020071        11.559116      
572             144.531177      1593.066711     137.580223      0.020068        11.579184      
573             139.747909      1595.871033     137.583973      0.020067        11.599251      
574             139.258216      1598.665527     137.586864      0.020067        11.619318      
575             132.606940      1601.325623     137.578281      0.020060        11.639378      
576             100.702988      1603.345825     137.514835      0.020061        11.659439      
577             111.872434      1605.590210     137.470788      0.020062        11.679501      
578             272.085531      1611.047974     137.701587      0.020059        11.699560      
579             175.380346      1614.570312     137.766157      0.020084        11.719644      
580             115.642520      1616.892761     137.728310      0.020083        11.739727      
581             116.779302      1619.236755     137.692554      0.020072        11.759799      
582             125.430241      1621.754517     137.671659      0.020073        11.779872      
583             125.563069      1624.277832     137.651037      0.020096        11.799968      
584             132.927499      1626.944092     137.643021      0.020058        11.820026      
585             81.020513       1628.722168     137.538086      0.021946        11.841972      
586             116.494314      1631.062073     137.502453      0.020086        11.862058      
587             92.693375       1633.266785     137.412785      0.023785        11.885843      
588             132.497140      1636.197754     137.403653      0.022121        11.907964      
589             121.164512      1638.630737     137.376316      0.020080        11.928044      
590             113.002129      1640.915527     137.335069      0.020219        11.948263      
591             117.386250      1643.583130     137.297200      0.022725        11.970988      
592             111.059536      1645.812317     137.253280      0.020072        11.991060      
593             106.940771      1647.958618     137.202629      0.020070        12.011130      
594             101.856996      1650.003601     137.143647      0.020077        12.031207      
595             211.416169      1654.245667     137.267308      0.020065        12.051272      
596             264.458291      1659.550171     137.478652      0.020058        12.071330      
597             270.236380      1664.970032     137.698857      0.020056        12.091386      
598             160.539075      1668.190125     137.736683      0.020058        12.111444      
599             124.022927      1670.682861     137.713963      0.020099        12.131543      
600             98.867630       1672.702332     137.648667      0.020426        12.151969      
601             110.188007      1674.914246     137.603379      0.020074        12.172043      
602             139.622747      1677.716614     137.606703      0.020071        12.192114      
603             144.559029      1680.618347     137.618131      0.020073        12.212187      
604             140.823928      1683.444824     137.623391      0.020071        12.232258      
605             137.770195      1686.209045     137.623631      0.020064        12.252322      
606             116.856804      1688.553894     137.589676      0.020066        12.272388      
607             96.740647       1690.494995     137.522998      0.020065        12.292453      
608             185.548213      1694.217834     137.601258      0.020064        12.312517      
609             258.440464      1699.403442     137.797863      0.020065        12.332582      
610             120.569199      1701.825195     137.769848      0.020086        12.352668      
611             115.217381      1704.139221     137.733240      0.020084        12.372752      
612             128.532036      1706.719116     137.718337      0.020072        12.392824      
613             123.751965      1709.202942     137.695754      0.020071        12.412895      
614             141.266690      1712.180420     137.701808      0.021077        12.433972      
615             92.329391       1714.034302     137.628656      0.020079        12.454051      
616             78.145120       1715.902283     137.514704      0.023904        12.477955      
617             132.727148      1718.567444     137.507012      0.020080        12.498035      
618             115.001484      1720.876099     137.470920      0.020075        12.518110      
619             110.318976      1723.089539     137.427471      0.020064        12.538174      
620             119.794766      1725.492981     137.399301      0.020063        12.558237      
621             136.271893      1728.226868     137.397502      0.020062        12.578299      
622             111.382927      1730.462769     137.356051      0.020074        12.598373      
623             105.943977      1732.590759     137.306050      0.020086        12.618459      
624             106.107786      1734.721191     137.256487      0.020078        12.638537      
625             100.339595      1736.735107     137.197953      0.020071        12.658608      
626             267.906607      1742.109314     137.404758      0.020060        12.678668      
627             270.012107      1747.525757     137.614236      0.020060        12.698728      
628             232.976103      1752.198792     137.764626      0.020058        12.718786      
629             154.485459      1755.301941     137.790991      0.020087        12.738873      
630             109.503269      1757.503723     137.746413      0.020107        12.758980      
631             105.310024      1759.619507     137.695417      0.020091        12.779071      
632             123.517306      1762.099487     137.673176      0.020078        12.799149      
633             139.644862      1764.903137     137.676264      0.020077        12.819226      
634             140.668173      1767.727051     137.680942      0.020075        12.839301      
635             139.055436      1770.518311     137.683087      0.020073        12.859374      
636             135.769537      1773.242798     137.680106      0.020067        12.879441      
637             103.816637      1775.326294     137.627421      0.020069        12.899510      
638             95.634103       1777.247009     137.562141      0.020084        12.919594      
639             215.376336      1781.569397     137.682828      0.020069        12.939663      
640             226.786212      1786.125305     137.820948      0.020089        12.959752      
641             111.181483      1788.359497     137.779705      0.020095        12.979847      
642             113.364775      1790.656494     137.741652      0.020262        13.000109      
643             126.886237      1793.203735     137.724915      0.020075        13.020184      
644             119.941108      1795.610474     137.697550      0.020066        13.040250      
645             145.921562      1798.544373     137.710210      0.020106        13.060356      
646             85.051732       1800.250000     137.629478      0.020054        13.080410      
647             67.188888       1801.597473     137.521643      0.020055        13.100465      
648             64.601830       1802.893127     137.410178      0.020056        13.120521      
