#timestep       power           acc-energy      avg-power       dt              acc-time       
1               251.753000      5.084907        251.753000      0.020198        0.020198       
2               238.360000      9.951742        245.020228      0.020418        0.040616       
3               238.360000      14.796170       242.798986      0.020324        0.060940       
4               238.360000      19.637023       241.689417      0.020309        0.081249       
5               238.360000      24.481929       241.023173      0.020326        0.101575       
6               238.360000      29.325642       240.579202      0.020321        0.121896       
7               243.716000      34.275758       241.027221      0.020311        0.142207       
8               243.716000      39.231235       241.363575      0.020333        0.162540       
9               243.716000      44.187688       241.625179      0.020337        0.182877       
