#timestep       power           acc-energy      avg-power       dt              acc-time       
1               252.683000      5.099396        252.683000      0.020181        0.020181       
2               253.405000      10.258975       253.045603      0.020361        0.040542       
3               253.405000      15.398535       253.165445      0.020282        0.060824       
4               253.405000      20.534548       253.225319      0.020268        0.081092       
5               253.405000      25.678669       253.261294      0.020300        0.101392       
6               253.405000      30.776671       253.285087      0.020118        0.121510       
7               240.202000      35.622266       251.422301      0.020173        0.141683       
8               240.202000      40.470743       250.023125      0.020185        0.161868       
9               240.202000      45.324265       248.933207      0.020206        0.182074       
