#timestep       power           acc-energy      avg-power       dt              acc-time       
1               264.844000      5.350908        264.844000      0.020204        0.020204       
2               264.844000      10.751607       264.844000      0.020392        0.040596       
3               254.661000      15.928610       261.446212      0.020329        0.060925       
4               254.661000      21.103067       259.749241      0.020319        0.081244       
5               254.661000      26.274468       258.731753      0.020307        0.101551       
6               254.661000      31.447906       258.053161      0.020315        0.121866       
7               254.661000      36.607593       257.569589      0.020261        0.142127       
8               258.981000      41.859987       257.745842      0.020281        0.162408       
9               258.981000      47.128437       257.883334      0.020343        0.182751       
